j g(j) i g(i) wl A A+A^a A/(A+A^a) f
17 3.000 1 1.000 6.93929 8.557E+12 3.243E+14 2.638E-02 1.853E-01
20 3.000 1 1.000 6.92323 7.483E+12 1.157E+14 6.467E-02 1.613E-01
23 3.000 1 1.000 6.91337 2.401E+12 2.697E+14 8.902E-03 5.162E-02
44 3.000 1 1.000 6.17988 2.362E+12 3.807E+13 6.204E-02 4.057E-02
65 3.000 1 1.000 6.14951 1.134E+12 1.109E+13 1.023E-01 1.929E-02
155 3.000 1 1.000 5.98824 1.186E+12 1.951E+13 6.080E-02 1.913E-02
51 3.000 1 1.000 6.17354 1.046E+12 3.160E+13 3.311E-02 1.794E-02
79 3.000 1 1.000 6.14460 6.913E+11 1.243E+13 5.564E-02 1.174E-02
325 3.000 1 1.000 5.90830 5.037E+11 9.805E+12 5.137E-02 7.906E-03
229 3.000 1 1.000 5.95005 4.867E+11 8.724E+12 5.578E-02 7.750E-03
36 3.000 1 1.000 6.19143 3.663E+11 9.761E+12 3.753E-02 6.313E-03
99 3.000 1 1.000 6.13006 3.640E+11 1.171E+13 3.109E-02 6.151E-03
322 3.000 1 1.000 5.90936 3.723E+11 3.023E+12 1.232E-01 5.850E-03
437 3.000 1 1.000 5.86953 3.673E+11 3.093E+12 1.188E-01 5.692E-03
463 3.000 1 1.000 5.86689 3.278E+11 5.898E+12 5.558E-02 5.075E-03
660 3.000 1 1.000 5.84318 3.153E+11 2.070E+12 1.523E-01 4.842E-03
152 3.000 1 1.000 5.99139 2.970E+11 4.232E+12 7.019E-02 4.795E-03
160 3.000 1 1.000 5.98485 2.935E+11 1.586E+13 1.851E-02 4.728E-03
38 3.000 1 1.000 6.18948 1.831E+11 1.096E+13 1.671E-02 3.155E-03
903 3.000 1 1.000 5.82787 1.632E+11 2.143E+12 7.619E-02 2.494E-03
460 3.000 1 1.000 5.86748 1.418E+11 1.738E+12 8.159E-02 2.196E-03
232 3.000 1 1.000 5.94826 1.340E+11 6.718E+12 1.995E-02 2.133E-03
454 3.000 1 1.000 5.86786 1.152E+11 1.573E+12 7.325E-02 1.785E-03
89 3.000 1 1.000 6.14028 1.037E+11 3.714E+13 2.791E-03 1.758E-03
1083 3.000 1 1.000 5.80353 1.145E+11 1.335E+12 8.572E-02 1.734E-03
662 3.000 1 1.000 5.84293 1.116E+11 1.561E+12 7.148E-02 1.713E-03
77 3.000 1 1.000 6.14498 8.543E+10 1.749E+13 4.884E-03 1.451E-03
150 3.000 1 1.000 5.99255 8.630E+10 4.258E+12 2.027E-02 1.394E-03
334 3.000 1 1.000 5.90571 8.520E+10 8.602E+12 9.905E-03 1.337E-03
235 3.000 1 1.000 5.94512 7.740E+10 6.258E+12 1.237E-02 1.231E-03
219 3.000 1 1.000 5.95664 6.703E+10 6.465E+12 1.037E-02 1.070E-03
905 3.000 1 1.000 5.82716 5.230E+10 2.336E+12 2.239E-02 7.985E-04
319 3.000 1 1.000 5.91020 5.030E+10 2.186E+12 2.301E-02 7.901E-04
94 3.000 1 1.000 6.13724 4.253E+10 2.508E+13 1.696E-03 7.208E-04
225 3.000 1 1.000 5.95467 4.430E+10 7.001E+12 6.327E-03 7.065E-04
499 3.000 1 1.000 5.86569 4.160E+10 4.490E+12 9.265E-03 6.436E-04
1086 3.000 1 1.000 5.80303 3.103E+10 1.770E+12 1.753E-02 4.699E-04
685 3.000 1 1.000 5.84049 1.622E+10 2.775E+12 5.844E-03 2.489E-04
515 3.000 1 1.000 5.86484 1.581E+10 7.937E+12 1.991E-03 2.446E-04
811 3.000 1 1.000 5.83445 1.451E+10 2.137E+12 6.787E-03 2.221E-04
816 3.000 1 1.000 5.83388 1.415E+10 2.175E+12 6.508E-03 2.167E-04
449 3.000 1 1.000 5.86861 1.212E+10 2.855E+12 4.246E-03 1.878E-04
33 3.000 1 1.000 6.19366 6.770E+09 1.158E+13 5.845E-04 1.168E-04
909 3.000 1 1.000 5.82502 7.173E+09 2.019E+12 3.552E-03 1.095E-04
665 3.000 1 1.000 5.84240 5.723E+09 2.120E+12 2.699E-03 8.785E-05
483 3.000 1 1.000 5.86609 5.250E+09 1.639E+11 3.203E-02 8.125E-05
147 3.000 1 1.000 5.99399 4.203E+09 4.529E+12 9.280E-04 6.790E-05
112 3.000 1 1.000 6.10912 3.267E+09 3.526E+13 9.266E-05 5.485E-05
25 3.000 1 1.000 6.87745 2.473E+09 2.465E+14 1.003E-05 5.260E-05
971 3.000 1 1.000 5.80983 3.287E+09 1.334E+12 2.465E-03 4.991E-05
1099 3.000 1 1.000 5.80091 3.180E+09 1.318E+12 2.413E-03 4.813E-05
317 3.000 1 1.000 5.91136 2.657E+09 2.259E+12 1.176E-03 4.176E-05
966 3.000 1 1.000 5.81020 2.628E+09 1.174E+12 2.239E-03 3.990E-05
305 3.000 1 1.000 5.92473 2.382E+09 8.341E+12 2.856E-04 3.761E-05
510 3.000 1 1.000 5.86542 2.241E+09 1.574E+11 1.423E-02 3.467E-05
912 3.000 1 1.000 5.82416 2.169E+09 5.357E+12 4.049E-04 3.309E-05
104 3.000 1 1.000 6.11716 1.626E+09 3.144E+13 5.173E-05 2.737E-05
413 3.000 1 1.000 5.87628 1.635E+09 2.615E+12 6.252E-04 2.539E-05
447 3.000 1 1.000 5.86888 1.612E+09 1.460E+12 1.104E-03 2.497E-05
651 3.000 1 1.000 5.84630 1.424E+09 3.383E+12 4.210E-04 2.190E-05
1079 3.000 1 1.000 5.80559 1.303E+09 1.610E+12 8.090E-04 1.975E-05
1113 3.000 1 1.000 5.80026 1.302E+09 4.155E+12 3.133E-04 1.970E-05
1077 3.000 1 1.000 5.80616 1.041E+09 2.015E+12 5.168E-04 1.579E-05
657 3.000 1 1.000 5.84406 8.983E+08 8.383E+11 1.072E-03 1.380E-05
84 5.000 1 1.000 6.14224 4.720E+08 1.269E+12 3.718E-04 1.335E-05
418 3.000 1 1.000 5.87533 6.620E+08 3.266E+12 2.027E-04 1.028E-05
1175 3.000 1 1.000 5.78168 6.177E+08 1.319E+12 4.684E-04 9.288E-06
245 3.000 1 1.000 5.94190 5.823E+08 1.973E+13 2.952E-05 9.247E-06
101 3.000 1 1.000 6.12280 4.640E+08 2.864E+13 1.620E-05 7.826E-06
97 5.000 1 1.000 6.13237 2.696E+08 1.551E+12 1.738E-04 7.602E-06
819 3.000 1 1.000 5.83321 4.597E+08 1.412E+12 3.255E-04 7.036E-06
517 5.000 1 1.000 5.86424 2.652E+08 3.074E+11 8.627E-04 6.838E-06
174 5.000 1 1.000 5.97520 2.532E+08 1.043E+12 2.427E-04 6.778E-06
1051 3.000 1 1.000 5.80650 3.047E+08 4.941E+11 6.166E-04 4.620E-06
75 5.000 1 1.000 6.14604 1.598E+08 8.379E+11 1.907E-04 4.525E-06
265 5.000 1 1.000 5.93644 1.569E+08 2.722E+12 5.763E-05 4.144E-06
171 5.000 1 1.000 5.97679 1.532E+08 5.142E+11 2.979E-04 4.102E-06
1173 3.000 1 1.000 5.78214 2.512E+08 1.794E+12 1.400E-04 3.778E-06
295 3.000 1 1.000 5.92730 2.319E+08 8.224E+12 2.820E-05 3.665E-06
120 5.000 1 1.000 6.10183 1.304E+08 6.077E+12 2.145E-05 3.639E-06
859 3.000 1 1.000 5.82895 2.283E+08 3.497E+10 6.529E-03 3.489E-06
106 5.000 1 1.000 6.11155 1.245E+08 8.706E+11 1.430E-04 3.485E-06
344 5.000 1 1.000 5.90276 1.321E+08 3.565E+11 3.706E-04 3.452E-06
197 3.000 1 1.000 5.96892 2.053E+08 1.014E+11 2.024E-03 3.290E-06
673 5.000 1 1.000 5.84128 8.910E+07 2.440E+11 3.652E-04 2.279E-06
383 3.000 1 1.000 5.89808 1.428E+08 5.462E+10 2.615E-03 2.235E-06
126 5.000 1 1.000 6.09962 7.716E+07 3.050E+12 2.530E-05 2.152E-06
385 3.000 1 1.000 5.89794 1.363E+08 5.538E+10 2.461E-03 2.132E-06
505 3.000 1 1.000 5.86558 1.376E+08 1.120E+11 1.228E-03 2.129E-06
345 5.000 1 1.000 5.90206 7.880E+07 6.649E+11 1.185E-04 2.058E-06
269 3.000 1 1.000 5.93565 1.243E+08 9.814E+10 1.266E-03 1.969E-06
194 3.000 1 1.000 5.96990 1.170E+08 1.016E+11 1.151E-03 1.875E-06
72 5.000 1 1.000 6.14695 6.402E+07 5.832E+11 1.098E-04 1.813E-06
755 3.000 1 1.000 5.83774 1.126E+08 2.229E+10 5.052E-03 1.726E-06
582 3.000 1 1.000 5.86024 1.076E+08 3.342E+10 3.219E-03 1.661E-06
185 5.000 1 1.000 5.97135 6.164E+07 1.749E+12 3.524E-05 1.648E-06
277 5.000 1 1.000 5.93480 6.208E+07 1.423E+12 4.362E-05 1.639E-06
340 5.000 1 1.000 5.90321 5.992E+07 2.546E+11 2.353E-04 1.566E-06
201 3.000 1 1.000 5.96847 9.690E+07 1.018E+11 9.522E-04 1.552E-06
911 5.000 1 1.000 5.82431 5.610E+07 7.917E+11 7.086E-05 1.427E-06
749 3.000 1 1.000 5.83778 8.437E+07 2.195E+10 3.843E-03 1.293E-06
630 3.000 1 1.000 5.85739 8.237E+07 5.472E+10 1.505E-03 1.271E-06
580 3.000 1 1.000 5.86031 8.000E+07 3.278E+10 2.441E-03 1.236E-06
976 3.000 1 1.000 5.80918 7.397E+07 1.030E+12 7.179E-05 1.123E-06
168 5.000 1 1.000 5.97751 4.076E+07 3.541E+11 1.151E-04 1.092E-06
1093 5.000 1 1.000 5.80136 4.060E+07 5.018E+11 8.091E-05 1.024E-06
370 3.000 1 1.000 5.89941 6.507E+07 5.559E+10 1.171E-03 1.018E-06
936 3.000 1 1.000 5.82014 6.247E+07 3.298E+10 1.894E-03 9.515E-07
1138 3.000 1 1.000 5.79791 5.560E+07 2.211E+10 2.515E-03 8.408E-07
119 5.000 1 1.000 6.10213 2.460E+07 1.262E+12 1.949E-05 6.864E-07
131 5.000 1 1.000 6.09637 2.404E+07 2.108E+12 1.141E-05 6.697E-07
1071 3.000 1 1.000 5.80643 4.270E+07 3.599E+11 1.187E-04 6.474E-07
278 3.000 1 1.000 5.93470 4.077E+07 1.125E+11 3.624E-04 6.460E-07
555 3.000 1 1.000 5.86179 3.840E+07 3.356E+10 1.144E-03 5.934E-07
227 3.000 1 1.000 5.95369 3.707E+07 5.313E+12 6.976E-06 5.908E-07
544 5.000 1 1.000 5.86223 2.190E+07 8.800E+11 2.489E-05 5.641E-07
711 3.000 1 1.000 5.83933 3.550E+07 2.175E+10 1.632E-03 5.446E-07
297 3.000 1 1.000 5.92722 3.229E+07 1.840E+12 1.755E-05 5.103E-07
378 5.000 1 1.000 5.89916 1.909E+07 6.888E+11 2.771E-05 4.980E-07
682 5.000 1 1.000 5.84055 1.873E+07 2.869E+11 6.527E-05 4.789E-07
541 5.000 1 1.000 5.86258 1.648E+07 1.177E+12 1.400E-05 4.245E-07
900 3.000 1 1.000 5.82846 2.691E+07 3.492E+10 7.707E-04 4.112E-07
423 3.000 1 1.000 5.87423 2.565E+07 2.311E+12 1.110E-05 3.981E-07
1015 3.000 1 1.000 5.80679 2.498E+07 5.870E+10 4.256E-04 3.788E-07
915 5.000 1 1.000 5.82372 1.441E+07 5.065E+11 2.845E-05 3.664E-07
677 5.000 1 1.000 5.84076 1.403E+07 4.401E+11 3.188E-05 3.588E-07
649 3.000 1 1.000 5.84750 2.126E+07 4.687E+12 4.536E-06 3.270E-07
202 5.000 1 1.000 5.96842 1.222E+07 6.335E+12 1.930E-06 3.264E-07
16 5.000 1 1.000 6.99630 8.644E+06 1.633E+14 5.293E-08 3.172E-07
523 5.000 1 1.000 5.86387 1.218E+07 1.677E+11 7.267E-05 3.141E-07
116 5.000 1 1.000 6.10658 9.866E+06 1.550E+12 6.366E-06 2.758E-07
238 5.000 1 1.000 5.94324 1.008E+07 6.712E+11 1.502E-05 2.670E-07
18 5.000 1 1.000 6.93927 7.106E+06 3.222E+14 2.205E-08 2.565E-07
518 3.000 1 1.000 5.86424 1.639E+07 6.391E+12 2.565E-06 2.536E-07
1098 5.000 1 1.000 5.80093 7.574E+06 3.942E+11 1.921E-05 1.910E-07
679 5.000 1 1.000 5.84070 6.778E+06 4.022E+11 1.685E-05 1.733E-07
24 5.000 1 1.000 6.90248 3.394E+06 2.939E+14 1.155E-08 1.212E-07
22 5.000 1 1.000 6.91366 2.678E+06 2.740E+14 9.773E-09 9.594E-08
285 5.000 1 1.000 5.93277 3.356E+06 1.235E+12 2.717E-06 8.853E-08
282 3.000 1 1.000 5.93450 5.240E+06 1.088E+11 4.818E-05 8.300E-08
746 5.000 1 1.000 5.83823 2.792E+06 6.973E+11 4.004E-06 7.134E-08
765 5.000 1 1.000 5.83761 2.248E+06 1.639E+12 1.371E-06 5.745E-08
34 5.000 1 1.000 6.19299 1.840E+06 1.155E+13 1.593E-07 5.289E-08
822 5.000 1 1.000 5.83096 2.074E+06 3.419E+11 6.066E-06 5.288E-08
891 3.000 1 1.000 5.82858 3.028E+06 3.479E+10 8.703E-05 4.627E-08
39 5.000 1 1.000 6.18938 1.436E+06 1.158E+13 1.240E-07 4.123E-08
312 5.000 1 1.000 5.91305 1.491E+06 1.181E+12 1.262E-06 3.907E-08
616 5.000 1 1.000 5.85993 1.452E+06 8.924E+11 1.627E-06 3.737E-08
90 5.000 1 1.000 6.14021 1.223E+06 3.735E+13 3.275E-08 3.457E-08
42 5.000 1 1.000 6.18235 1.076E+06 1.870E+13 5.754E-08 3.082E-08
148 5.000 1 1.000 5.99352 1.131E+06 4.535E+12 2.493E-07 3.045E-08
253 5.000 1 1.000 5.94011 1.138E+06 5.474E+11 2.080E-06 3.011E-08
54 5.000 1 1.000 6.17083 9.516E+05 1.530E+13 6.221E-08 2.717E-08
1090 5.000 1 1.000 5.80252 9.018E+05 3.679E+11 2.451E-06 2.276E-08
47 5.000 1 1.000 6.17635 7.708E+05 1.210E+13 6.368E-08 2.204E-08
87 5.000 1 1.000 6.14099 7.260E+05 1.585E+12 4.581E-07 2.052E-08
230 5.000 1 1.000 5.94950 7.680E+05 8.684E+12 8.844E-08 2.038E-08
577 5.000 1 1.000 5.86107 7.830E+05 4.082E+11 1.918E-06 2.016E-08
318 5.000 1 1.000 5.91103 7.618E+05 2.297E+12 3.317E-07 1.995E-08
139 5.000 1 1.000 6.07410 7.022E+05 2.318E+12 3.029E-07 1.942E-08
115 5.000 1 1.000 6.10663 6.448E+05 1.944E+12 3.317E-07 1.802E-08
177 5.000 1 1.000 5.97447 6.524E+05 6.611E+11 9.868E-07 1.745E-08
379 5.000 1 1.000 5.89914 6.542E+05 4.847E+10 1.350E-05 1.707E-08
100 5.000 1 1.000 6.12496 5.816E+05 6.595E+13 8.819E-09 1.636E-08
45 5.000 1 1.000 6.17897 5.708E+05 3.749E+13 1.522E-08 1.634E-08
668 5.000 1 1.000 5.84175 6.186E+05 6.886E+10 8.983E-06 1.582E-08
448 5.000 1 1.000 5.86862 6.012E+05 1.480E+12 4.061E-07 1.552E-08
151 5.000 1 1.000 5.99171 4.308E+05 4.549E+12 9.469E-08 1.159E-08
658 5.000 1 1.000 5.84388 3.722E+05 9.030E+11 4.122E-07 9.530E-09
443 5.000 1 1.000 5.86911 3.620E+05 4.022E+12 9.001E-08 9.350E-09
314 5.000 1 1.000 5.91268 3.508E+05 7.988E+11 4.392E-07 9.196E-09
135 5.000 1 1.000 6.08721 3.240E+05 4.755E+12 6.814E-08 8.999E-09
337 5.000 1 1.000 5.90453 3.328E+05 1.291E+11 2.578E-06 8.698E-09
157 5.000 1 1.000 5.98739 3.162E+05 1.988E+13 1.591E-08 8.498E-09
66 5.000 1 1.000 6.14946 2.854E+05 1.359E+13 2.101E-08 8.089E-09
904 5.000 1 1.000 5.82761 3.140E+05 2.943E+12 1.067E-07 7.996E-09
247 5.000 1 1.000 5.94179 3.016E+05 7.168E+11 4.207E-07 7.980E-09
980 5.000 1 1.000 5.80805 2.776E+05 2.403E+11 1.155E-06 7.020E-09
836 5.000 1 1.000 5.83003 2.588E+05 2.277E+11 1.136E-06 6.595E-09
68 5.000 1 1.000 6.14848 2.014E+05 1.277E+13 1.577E-08 5.707E-09
237 5.000 1 1.000 5.94387 2.088E+05 2.899E+13 7.203E-09 5.529E-09
163 5.000 1 1.000 5.97951 2.046E+05 1.966E+11 1.041E-06 5.486E-09
1084 5.000 1 1.000 5.80335 2.142E+05 2.066E+12 1.037E-07 5.409E-09
450 5.000 1 1.000 5.86859 2.086E+05 1.241E+12 1.681E-07 5.386E-09
156 5.000 1 1.000 5.98753 1.936E+05 4.763E+12 4.065E-08 5.203E-09
1179 5.000 1 1.000 5.77984 2.074E+05 2.299E+11 9.020E-07 5.193E-09
95 5.000 1 1.000 6.13557 1.706E+05 2.589E+13 6.589E-09 4.815E-09
431 5.000 1 1.000 5.86994 1.798E+05 3.718E+11 4.836E-07 4.644E-09
931 5.000 1 1.000 5.82171 1.824E+05 5.087E+11 3.585E-07 4.633E-09
833 5.000 1 1.000 5.83043 1.798E+05 2.900E+11 6.198E-07 4.581E-09
352 5.000 1 1.000 5.90091 1.722E+05 3.252E+11 5.295E-07 4.495E-09
1088 5.000 1 1.000 5.80256 1.537E+05 2.859E+11 5.378E-07 3.880E-09
321 5.000 1 1.000 5.90967 1.470E+05 2.291E+12 6.419E-08 3.849E-09
52 5.000 1 1.000 6.17307 1.339E+05 3.204E+13 4.178E-09 3.825E-09
326 5.000 1 1.000 5.90755 1.433E+05 1.050E+13 1.365E-08 3.748E-09
525 5.000 1 1.000 5.86350 1.388E+05 3.104E+11 4.470E-07 3.577E-09
137 5.000 1 1.000 6.07608 1.283E+05 3.001E+12 4.274E-08 3.550E-09
829 5.000 1 1.000 5.83067 1.365E+05 2.380E+11 5.735E-07 3.479E-09
457 5.000 1 1.000 5.86777 1.319E+05 2.508E+12 5.258E-08 3.404E-09
249 5.000 1 1.000 5.94161 1.275E+05 8.512E+11 1.497E-07 3.373E-09
48 5.000 1 1.000 6.17419 1.074E+05 2.681E+13 4.005E-09 3.069E-09
60 5.000 1 1.000 6.15162 1.004E+05 2.659E+11 3.777E-07 2.849E-09
550 5.000 1 1.000 5.86193 1.024E+05 1.908E+11 5.366E-07 2.638E-09
702 5.000 1 1.000 5.84025 8.414E+04 2.830E+11 2.973E-07 2.151E-09
80 5.000 1 1.000 6.14436 6.826E+04 1.286E+13 5.307E-09 1.932E-09
629 5.000 1 1.000 5.85807 6.780E+04 1.727E+12 3.925E-08 1.744E-09
477 5.000 1 1.000 5.86619 6.276E+04 3.797E+12 1.653E-08 1.619E-09
1133 5.000 1 1.000 5.79889 6.146E+04 3.626E+11 1.695E-07 1.549E-09
935 5.000 1 1.000 5.82053 6.074E+04 1.060E+12 5.729E-08 1.543E-09
327 5.000 1 1.000 5.90723 5.680E+04 2.285E+12 2.486E-08 1.486E-09
1137 5.000 1 1.000 5.79808 5.632E+04 7.971E+11 7.066E-08 1.419E-09
461 5.000 1 1.000 5.86745 5.378E+04 1.313E+12 4.097E-08 1.388E-09
440 5.000 1 1.000 5.86915 4.720E+04 3.942E+11 1.197E-07 1.219E-09
214 5.000 1 1.000 5.95878 4.546E+04 5.230E+12 8.693E-09 1.210E-09
989 5.000 1 1.000 5.80761 4.654E+04 2.176E+11 2.139E-07 1.177E-09
993 5.000 1 1.000 5.80735 4.480E+04 1.775E+11 2.523E-07 1.133E-09
424 5.000 1 1.000 5.87247 4.274E+04 2.456E+12 1.740E-08 1.105E-09
498 5.000 1 1.000 5.86572 3.912E+04 1.053E+13 3.714E-09 1.009E-09
484 5.000 1 1.000 5.86608 3.902E+04 1.729E+12 2.257E-08 1.007E-09
666 5.000 1 1.000 5.84207 3.880E+04 3.614E+12 1.074E-08 9.928E-10
407 5.000 1 1.000 5.88189 3.762E+04 3.433E+12 1.096E-08 9.755E-10
445 5.000 1 1.000 5.86893 3.674E+04 4.570E+11 8.039E-08 9.487E-10
31 5.000 1 1.000 6.20745 3.216E+04 3.530E+13 9.109E-10 9.290E-10
161 5.000 1 1.000 5.98420 3.234E+04 1.660E+13 1.948E-09 8.680E-10
234 5.000 1 1.000 5.94682 3.138E+04 7.311E+12 4.292E-09 8.321E-10
807 5.000 1 1.000 5.83679 3.250E+04 2.550E+12 1.275E-08 8.302E-10
223 5.000 1 1.000 5.95538 3.040E+04 3.953E+12 7.691E-09 8.083E-10
26 3.000 1 1.000 6.22292 4.427E+04 1.548E+13 2.859E-09 7.708E-10
742 5.000 1 1.000 5.83879 2.870E+04 1.380E+11 2.079E-07 7.332E-10
1085 5.000 1 1.000 5.80305 2.668E+04 8.672E+11 3.076E-08 6.734E-10
513 5.000 1 1.000 5.86508 2.606E+04 8.850E+10 2.945E-07 6.722E-10
663 5.000 1 1.000 5.84277 2.438E+04 8.825E+11 2.762E-08 6.237E-10
982 5.000 1 1.000 5.80786 2.402E+04 1.837E+11 1.308E-07 6.073E-10
315 5.000 1 1.000 5.91202 2.280E+04 6.483E+12 3.517E-09 5.971E-10
961 5.000 1 1.000 5.81216 2.026E+04 1.212E+12 1.671E-08 5.130E-10
491 5.000 1 1.000 5.86597 1.953E+04 1.757E+12 1.111E-08 5.037E-10
509 5.000 1 1.000 5.86548 1.739E+04 1.330E+12 1.308E-08 4.485E-10
910 5.000 1 1.000 5.82487 1.761E+04 6.405E+12 2.750E-09 4.479E-10
53 3.000 1 1.000 6.17305 1.988E+04 1.460E+13 1.362E-09 3.407E-10
140 3.000 1 1.000 6.00496 1.887E+04 5.930E+12 3.183E-09 3.061E-10
664 5.000 1 1.000 5.84254 1.143E+04 2.307E+12 4.954E-09 2.925E-10
1177 5.000 1 1.000 5.77987 1.166E+04 2.715E+11 4.294E-08 2.919E-10
293 5.000 1 1.000 5.92851 1.068E+04 3.116E+12 3.426E-09 2.813E-10
464 5.000 1 1.000 5.86683 1.050E+04 2.582E+12 4.066E-09 2.709E-10
489 5.000 1 1.000 5.86598 8.634E+03 2.793E+10 3.091E-07 2.227E-10
335 5.000 1 1.000 5.90512 8.492E+03 8.946E+12 9.492E-10 2.220E-10
1104 5.000 1 1.000 5.80079 8.632E+03 3.754E+12 2.299E-09 2.178E-10
674 5.000 1 1.000 5.84096 8.010E+03 8.301E+11 9.650E-09 2.049E-10
213 3.000 1 1.000 5.96096 9.810E+03 5.919E+12 1.657E-09 1.568E-10
764 5.000 1 1.000 5.83761 6.132E+03 1.454E+10 4.218E-07 1.566E-10
306 3.000 1 1.000 5.91665 9.907E+03 2.924E+12 3.388E-09 1.560E-10
519 5.000 1 1.000 5.86403 5.592E+03 6.220E+12 8.991E-10 1.442E-10
30 3.000 1 1.000 6.20932 7.793E+03 3.576E+13 2.180E-10 1.352E-10
812 5.000 1 1.000 5.83434 4.042E+03 2.439E+12 1.657E-09 1.031E-10
502 5.000 1 1.000 5.86564 3.922E+03 2.775E+10 1.413E-07 1.011E-10
226 5.000 1 1.000 5.95447 3.774E+03 6.498E+12 5.808E-10 1.003E-10
817 5.000 1 1.000 5.83379 3.574E+03 1.791E+12 1.996E-09 9.118E-11
426 3.000 1 1.000 5.87182 5.763E+03 1.681E+12 3.428E-09 8.939E-11
422 3.000 1 1.000 5.87470 5.453E+03 2.951E+12 1.848E-09 8.463E-11
506 5.000 1 1.000 5.86556 3.130E+03 7.002E+11 4.470E-09 8.071E-11
973 5.000 1 1.000 5.80966 3.104E+03 1.293E+12 2.400E-09 7.852E-11
636 5.000 1 1.000 5.85697 2.616E+03 2.830E+10 9.243E-08 6.728E-11
770 5.000 1 1.000 5.83758 2.476E+03 1.147E+10 2.159E-07 6.325E-11
55 3.000 1 1.000 6.16743 3.627E+03 2.467E+13 1.470E-10 6.207E-11
652 3.000 1 1.000 5.84587 3.793E+03 1.063E+12 3.569E-09 5.830E-11
908 5.000 1 1.000 5.82535 2.256E+03 1.948E+12 1.158E-09 5.739E-11
898 5.000 1 1.000 5.82849 2.182E+03 1.376E+12 1.585E-09 5.555E-11
942 5.000 1 1.000 5.81988 1.890E+03 1.657E+10 1.141E-07 4.800E-11
144 3.000 1 1.000 5.99985 2.512E+03 1.362E+13 1.844E-10 4.067E-11
508 5.000 1 1.000 5.86551 1.552E+03 2.763E+10 5.618E-08 4.004E-11
825 3.000 1 1.000 5.83084 2.491E+03 1.581E+12 1.576E-09 3.809E-11
298 5.000 1 1.000 5.92715 1.364E+03 2.703E+12 5.047E-10 3.592E-11
1145 5.000 1 1.000 5.79774 1.343E+03 1.068E+10 1.258E-07 3.384E-11
650 5.000 1 1.000 5.84747 1.303E+03 4.549E+12 2.865E-10 3.340E-11
1081 3.000 1 1.000 5.80530 1.984E+03 1.074E+12 1.847E-09 3.007E-11
897 5.000 1 1.000 5.82849 1.172E+03 2.889E+10 4.057E-08 2.985E-11
296 5.000 1 1.000 5.92729 9.882E+02 7.025E+12 1.407E-10 2.603E-11
703 5.000 1 1.000 5.84012 1.011E+03 3.615E+12 2.797E-10 2.586E-11
211 5.000 1 1.000 5.96572 9.198E+02 1.007E+13 9.136E-11 2.454E-11
1097 5.000 1 1.000 5.80110 9.692E+02 1.245E+12 7.786E-10 2.445E-11
420 5.000 1 1.000 5.87488 8.922E+02 2.301E+12 3.878E-10 2.308E-11
967 5.000 1 1.000 5.81012 9.110E+02 1.275E+12 7.142E-10 2.305E-11
975 5.000 1 1.000 5.80945 8.818E+02 1.192E+12 7.396E-10 2.231E-11
1100 5.000 1 1.000 5.80084 8.014E+02 3.413E+11 2.348E-09 2.021E-11
56 5.000 1 1.000 6.15306 7.012E+02 3.384E+13 2.072E-11 1.990E-11
103 5.000 1 1.000 6.11721 5.516E+02 3.102E+13 1.778E-11 1.547E-11
409 5.000 1 1.000 5.88037 5.924E+02 4.641E+12 1.276E-10 1.535E-11
419 5.000 1 1.000 5.87527 5.914E+02 2.985E+12 1.981E-10 1.530E-11
467 5.000 1 1.000 5.86660 5.724E+02 1.077E+11 5.313E-09 1.477E-11
310 3.000 1 1.000 5.91377 8.830E+02 6.329E+12 1.395E-10 1.389E-11
866 5.000 1 1.000 5.82888 4.966E+02 1.636E+10 3.036E-08 1.265E-11
428 5.000 1 1.000 5.87077 4.428E+02 1.672E+12 2.648E-10 1.144E-11
1026 5.000 1 1.000 5.80674 4.368E+02 1.066E+10 4.099E-08 1.104E-11
1076 5.000 1 1.000 5.80617 4.180E+02 2.254E+12 1.854E-10 1.057E-11
868 5.000 1 1.000 5.82880 4.024E+02 3.839E+10 1.048E-08 1.025E-11
736 5.000 1 1.000 5.83921 3.438E+02 1.060E+10 3.242E-08 8.790E-12
145 5.000 1 1.000 5.99806 3.082E+02 1.354E+13 2.276E-11 8.313E-12
215 3.000 1 1.000 5.95797 3.797E+02 8.736E+12 4.346E-11 6.060E-12
591 5.000 1 1.000 5.86005 2.348E+02 1.693E+10 1.387E-08 6.046E-12
818 5.000 1 1.000 5.83355 2.322E+02 1.917E+12 1.211E-10 5.921E-12
893 5.000 1 1.000 5.82857 2.320E+02 3.582E+10 6.477E-09 5.909E-12
631 5.000 1 1.000 5.85736 2.138E+02 5.416E+10 3.948E-09 5.500E-12
307 5.000 1 1.000 5.91559 1.951E+02 2.927E+12 6.664E-11 5.117E-12
1174 5.000 1 1.000 5.78214 1.756E+02 1.723E+12 1.019E-10 4.402E-12
1139 5.000 1 1.000 5.79790 1.611E+02 2.198E+10 7.332E-09 4.061E-12
937 5.000 1 1.000 5.82012 1.561E+02 3.261E+10 4.787E-09 3.964E-12
654 5.000 1 1.000 5.84483 1.525E+02 1.051E+12 1.450E-10 3.904E-12
1075 5.000 1 1.000 5.80638 1.509E+02 1.078E+10 1.400E-08 3.814E-12
837 3.000 1 1.000 5.83000 2.477E+02 3.236E+11 7.654E-10 3.787E-12
1115 5.000 1 1.000 5.80014 1.273E+02 5.680E+10 2.242E-09 3.211E-12
220 5.000 1 1.000 5.95640 1.200E+02 7.269E+12 1.651E-11 3.193E-12
59 3.000 1 1.000 6.15196 1.849E+02 2.647E+11 6.983E-10 3.147E-12
830 3.000 1 1.000 5.83065 2.056E+02 3.114E+11 6.600E-10 3.143E-12
432 3.000 1 1.000 5.86991 1.885E+02 3.143E+12 5.998E-11 2.922E-12
195 5.000 1 1.000 5.96980 1.006E+02 1.005E+11 1.001E-09 2.687E-12
655 3.000 1 1.000 5.84425 1.742E+02 2.289E+12 7.609E-11 2.675E-12
27 5.000 1 1.000 6.22175 7.512E+01 1.549E+13 4.850E-12 2.180E-12
386 5.000 1 1.000 5.89791 8.328E+01 5.447E+10 1.529E-09 2.171E-12
375 5.000 1 1.000 5.89929 8.034E+01 5.459E+10 1.472E-09 2.096E-12
63 3.000 1 1.000 6.15087 1.212E+02 1.876E+13 6.459E-12 2.063E-12
583 5.000 1 1.000 5.86023 7.766E+01 3.273E+10 2.373E-09 1.999E-12
125 3.000 1 1.000 6.10031 1.108E+02 2.562E+12 4.326E-11 1.855E-12
162 3.000 1 1.000 5.97973 1.108E+02 1.910E+11 5.798E-10 1.782E-12
561 5.000 1 1.000 5.86170 6.894E+01 3.356E+10 2.054E-09 1.776E-12
597 5.000 1 1.000 5.86000 6.816E+01 1.650E+10 4.131E-09 1.755E-12
393 5.000 1 1.000 5.89766 6.348E+01 2.828E+10 2.244E-09 1.655E-12
274 3.000 1 1.000 5.93546 1.041E+02 1.171E+12 8.895E-11 1.650E-12
453 3.000 1 1.000 5.86819 1.060E+02 5.333E+11 1.988E-10 1.642E-12
203 5.000 1 1.000 5.96839 5.454E+01 1.007E+11 5.419E-10 1.457E-12
1067 5.000 1 1.000 5.80644 5.588E+01 1.065E+10 5.247E-09 1.412E-12
834 3.000 1 1.000 5.83027 8.247E+01 2.951E+11 2.795E-10 1.261E-12
757 5.000 1 1.000 5.83773 4.380E+01 2.803E+10 1.563E-09 1.119E-12
717 5.000 1 1.000 5.83926 4.270E+01 2.412E+10 1.771E-09 1.092E-12
842 5.000 1 1.000 5.82923 4.114E+01 3.359E+10 1.225E-09 1.048E-12
336 3.000 1 1.000 5.90467 6.420E+01 1.189E+11 5.401E-10 1.007E-12
271 5.000 1 1.000 5.93559 3.584E+01 1.008E+11 3.554E-10 9.464E-13
963 5.000 1 1.000 5.81150 3.624E+01 1.652E+12 2.193E-11 9.177E-13
88 3.000 1 1.000 6.14057 5.213E+01 1.601E+12 3.255E-11 8.840E-13
1049 5.000 1 1.000 5.80650 3.366E+01 4.201E+11 8.013E-11 8.508E-13
279 5.000 1 1.000 5.93469 3.116E+01 1.111E+11 2.804E-10 8.225E-13
588 5.000 1 1.000 5.86011 3.134E+01 3.371E+10 9.296E-10 8.065E-13
216 5.000 1 1.000 5.95789 2.988E+01 1.304E+13 2.291E-12 7.951E-13
130 3.000 1 1.000 6.09680 4.400E+01 1.877E+12 2.344E-11 7.355E-13
414 5.000 1 1.000 5.87613 2.804E+01 2.955E+12 9.490E-12 7.260E-13
964 5.000 1 1.000 5.81044 2.460E+01 2.221E+12 1.108E-11 6.228E-13
913 3.000 1 1.000 5.82412 3.913E+01 3.705E+11 1.056E-10 5.972E-13
917 5.000 1 1.000 5.82234 2.310E+01 4.618E+10 5.002E-10 5.873E-13
512 3.000 1 1.000 5.86516 3.417E+01 7.749E+10 4.409E-10 5.288E-13
122 3.000 1 1.000 6.10166 2.984E+01 1.202E+12 2.482E-11 4.996E-13
890 5.000 1 1.000 5.82858 1.911E+01 1.633E+10 1.170E-09 4.866E-13
540 3.000 1 1.000 5.86262 3.009E+01 4.306E+11 6.988E-11 4.651E-13
1095 3.000 1 1.000 5.80125 2.922E+01 2.804E+11 1.042E-10 4.422E-13
751 5.000 1 1.000 5.83776 1.683E+01 6.035E+10 2.788E-10 4.299E-13
179 3.000 1 1.000 5.97417 2.451E+01 6.988E+11 3.508E-11 3.935E-13
1032 5.000 1 1.000 5.80659 1.507E+01 2.425E+10 6.216E-10 3.809E-13
762 5.000 1 1.000 5.83765 1.483E+01 2.683E+10 5.526E-10 3.788E-13
667 3.000 1 1.000 5.84180 2.448E+01 5.607E+10 4.365E-10 3.757E-13
390 5.000 1 1.000 5.89770 1.427E+01 5.482E+10 2.602E-10 3.720E-13
250 3.000 1 1.000 5.94096 2.246E+01 2.567E+12 8.749E-12 3.565E-13
270 5.000 1 1.000 5.93565 1.341E+01 1.005E+11 1.334E-10 3.541E-13
901 3.000 1 1.000 5.82827 2.236E+01 2.154E+12 1.038E-11 3.416E-13
646 3.000 1 1.000 5.85314 2.152E+01 3.424E+12 6.285E-12 3.316E-13
621 5.000 1 1.000 5.85953 1.259E+01 6.623E+10 1.901E-10 3.241E-13
290 5.000 1 1.000 5.92925 1.207E+01 1.099E+11 1.098E-10 3.180E-13
256 3.000 1 1.000 5.93755 1.619E+01 3.519E+12 4.599E-12 2.567E-13
576 3.000 1 1.000 5.86141 1.626E+01 3.039E+11 5.350E-11 2.513E-13
1014 5.000 1 1.000 5.80679 9.286E+00 9.363E+10 9.918E-11 2.347E-13
527 3.000 1 1.000 5.86314 1.500E+01 3.234E+11 4.637E-11 2.319E-13
857 5.000 1 1.000 5.82895 8.742E+00 3.331E+10 2.624E-10 2.226E-13
686 5.000 1 1.000 5.84048 8.452E+00 2.220E+10 3.808E-10 2.161E-13
71 3.000 1 1.000 6.14698 1.245E+01 3.577E+11 3.482E-11 2.116E-13
173 3.000 1 1.000 5.97580 1.261E+01 5.872E+11 2.147E-11 2.025E-13
254 3.000 1 1.000 5.94008 1.271E+01 5.831E+11 2.180E-11 2.018E-13
1142 5.000 1 1.000 5.79780 7.848E+00 3.326E+10 2.359E-10 1.977E-13
354 3.000 1 1.000 5.90071 1.230E+01 3.670E+11 3.352E-11 1.927E-13
96 3.000 1 1.000 6.13275 1.109E+01 1.530E+12 7.250E-12 1.877E-13
551 5.000 1 1.000 5.86192 7.180E+00 3.370E+10 2.131E-10 1.849E-13
974 3.000 1 1.000 5.80946 1.123E+01 1.928E+12 5.825E-12 1.705E-13
261 5.000 1 1.000 5.93668 5.998E+00 1.016E+11 5.903E-11 1.585E-13
190 5.000 1 1.000 5.97036 5.550E+00 1.021E+11 5.438E-11 1.483E-13
554 3.000 1 1.000 5.86181 9.327E+00 2.229E+11 4.185E-11 1.441E-13
141 5.000 1 1.000 6.00387 4.994E+00 5.942E+12 8.405E-13 1.350E-13
808 5.000 1 1.000 5.83488 4.752E+00 3.589E+12 1.324E-12 1.213E-13
1170 3.000 1 1.000 5.78409 7.890E+00 1.198E+12 6.583E-12 1.187E-13
743 3.000 1 1.000 5.83871 7.453E+00 1.723E+11 4.325E-11 1.143E-13
301 5.000 1 1.000 5.92642 4.338E+00 1.340E+11 3.237E-11 1.142E-13
1087 3.000 1 1.000 5.80292 7.277E+00 1.388E+12 5.242E-12 1.102E-13
41 3.000 1 1.000 6.18244 6.277E+00 1.892E+13 3.318E-13 1.079E-13
114 3.000 1 1.000 6.10758 6.150E+00 1.074E+12 5.724E-12 1.032E-13
573 5.000 1 1.000 5.86161 3.952E+00 1.644E+10 2.404E-10 1.018E-13
284 3.000 1 1.000 5.93319 6.040E+00 1.022E+12 5.912E-12 9.564E-14
287 3.000 1 1.000 5.93235 5.830E+00 7.889E+11 7.390E-12 9.228E-14
998 5.000 1 1.000 5.80697 3.504E+00 2.228E+10 1.573E-10 8.858E-14
940 5.000 1 1.000 5.81995 3.348E+00 4.921E+10 6.803E-11 8.500E-14
528 5.000 1 1.000 5.86300 3.222E+00 3.355E+10 9.605E-11 8.302E-14
181 3.000 1 1.000 5.97176 5.007E+00 1.611E+12 3.107E-12 8.032E-14
366 3.000 1 1.000 5.89961 4.980E+00 7.101E+11 7.014E-12 7.794E-14
167 3.000 1 1.000 5.97753 4.467E+00 2.388E+11 1.871E-11 7.179E-14
838 3.000 1 1.000 5.82983 4.400E+00 2.014E+11 2.185E-11 6.727E-14
251 3.000 1 1.000 5.94064 3.813E+00 2.174E+12 1.754E-12 6.055E-14
634 5.000 1 1.000 5.85704 2.250E+00 7.909E+10 2.845E-11 5.784E-14
441 3.000 1 1.000 5.86915 3.523E+00 3.285E+11 1.073E-11 5.459E-14
990 3.000 1 1.000 5.80758 2.566E+00 2.042E+11 1.257E-11 3.893E-14
133 3.000 1 1.000 6.09507 2.319E+00 1.551E+12 1.495E-12 3.876E-14
138 3.000 1 1.000 6.07581 2.232E+00 3.211E+12 6.949E-13 3.706E-14
425 3.000 1 1.000 5.87217 1.651E+00 3.990E+12 4.137E-13 2.560E-14
705 3.000 1 1.000 5.83981 1.655E+00 4.873E+11 3.397E-12 2.539E-14
456 3.000 1 1.000 5.86783 1.477E+00 3.263E+11 4.525E-12 2.287E-14
78 3.000 1 1.000 6.14495 1.340E+00 1.044E+12 1.284E-12 2.276E-14
347 3.000 1 1.000 5.90181 1.426E+00 3.817E+11 3.736E-12 2.235E-14
708 5.000 1 1.000 5.83941 7.426E-01 2.361E+10 3.146E-11 1.898E-14
410 5.000 1 1.000 5.87673 7.002E-01 6.375E+12 1.098E-13 1.813E-14
353 5.000 1 1.000 5.90073 6.612E-01 5.621E+10 1.176E-11 1.726E-14
207 5.000 1 1.000 5.96801 5.940E-01 9.996E+10 5.942E-12 1.586E-14
451 3.000 1 1.000 5.86841 8.033E-01 5.048E+11 1.591E-12 1.244E-14
992 3.000 1 1.000 5.80736 8.053E-01 2.360E+11 3.413E-12 1.222E-14
328 5.000 1 1.000 5.90679 4.580E-01 1.181E+11 3.877E-12 1.198E-14
365 5.000 1 1.000 5.89964 4.278E-01 5.558E+10 7.697E-12 1.116E-14
522 3.000 1 1.000 5.86389 7.023E-01 1.003E+11 7.002E-12 1.086E-14
1135 3.000 1 1.000 5.79881 6.710E-01 2.223E+11 3.018E-12 1.015E-14
681 3.000 1 1.000 5.84064 5.880E-01 7.478E+10 7.864E-12 9.020E-15
611 3.000 1 1.000 5.85994 5.527E-01 4.731E+11 1.168E-12 8.537E-15
933 3.000 1 1.000 5.82159 5.407E-01 2.809E+11 1.925E-12 8.244E-15
756 3.000 1 1.000 5.83773 4.737E-01 1.753E+12 2.702E-13 7.259E-15
584 3.000 1 1.000 5.86022 4.037E-01 7.020E+11 5.751E-13 6.238E-15
744 3.000 1 1.000 5.83848 3.229E-01 5.151E+11 6.268E-13 4.950E-15
1132 3.000 1 1.000 5.79895 2.824E-01 2.655E+11 1.064E-12 4.271E-15
246 3.000 1 1.000 5.94182 1.867E-01 6.184E+11 3.019E-13 2.964E-15
675 3.000 1 1.000 5.84096 1.902E-01 4.428E+11 4.296E-13 2.919E-15
930 3.000 1 1.000 5.82183 1.788E-01 3.774E+11 4.738E-13 2.726E-15
396 5.000 1 1.000 5.89756 1.027E-01 2.814E+10 3.651E-12 2.678E-15
1178 3.000 1 1.000 5.77986 1.763E-01 3.131E+11 5.630E-13 2.648E-15
182 5.000 1 1.000 5.97144 6.868E-02 1.037E+11 6.620E-13 1.836E-15
983 3.000 1 1.000 5.80785 4.260E-02 1.580E+11 2.696E-13 6.463E-16
128 3.000 1 1.000 6.09864 3.400E-02 1.161E+12 2.929E-14 5.688E-16
960 3.000 1 1.000 5.81225 3.443E-02 1.199E+12 2.871E-14 5.233E-16
406 3.000 1 1.000 5.88199 3.350E-02 3.440E+12 9.739E-15 5.214E-16
313 3.000 1 1.000 5.91298 3.305E-02 1.274E+12 2.595E-14 5.197E-16
199 3.000 1 1.000 5.96856 2.060E-02 6.498E+12 3.170E-15 3.300E-16
342 3.000 1 1.000 5.90316 1.871E-02 1.522E+11 1.230E-13 2.933E-16
894 5.000 1 1.000 5.82857 9.504E-03 1.073E+10 8.861E-13 2.420E-16
1091 3.000 1 1.000 5.80251 1.130E-02 4.141E+11 2.728E-14 1.711E-16
507 3.000 1 1.000 5.86552 5.400E-03 2.763E+10 1.954E-13 8.358E-17
994 3.000 1 1.000 5.80718 4.450E-03 1.596E+11 2.788E-14 6.750E-17
118 3.000 1 1.000 6.10630 1.886E-03 1.275E+12 1.479E-15 3.163E-17
392 3.000 1 1.000 5.89767 1.883E-03 2.829E+10 6.656E-14 2.946E-17
763 3.000 1 1.000 5.83761 8.160E-04 1.053E+10 7.750E-14 1.251E-17
1180 5.000 1 1.000 5.77882 4.836E-04 2.902E+10 1.666E-14 1.211E-17
590 3.000 1 1.000 5.86006 7.817E-04 1.656E+10 4.720E-14 1.207E-17
896 3.000 1 1.000 5.82850 1.854E-04 1.625E+10 1.140E-14 2.832E-18
1074 3.000 1 1.000 5.80639 1.665E-04 1.083E+10 1.537E-14 2.525E-18
595 5.000 1 1.000 5.86001 3.684E-05 1.083E+10 3.401E-15 9.485E-19
1072 5.000 1 1.000 5.80643 2.080E-05 6.823E+09 3.048E-15 5.259E-19
768 5.000 1 1.000 5.83758 1.736E-05 6.847E+09 2.536E-15 4.435E-19
