j g(j) i g(i) wl A A+A^a A/(A+A^a) f
7 3.000 1 1.000 40.2674 7.533E+11 7.534E+11 1.000E+00 5.500E-01
17 3.000 1 1.000 35.0385 2.781E+11 2.913E+11 9.546E-01 1.535E-01
31 3.000 1 1.000 33.5054 1.383E+11 1.474E+11 9.382E-01 6.984E-02
49 3.000 1 1.000 32.8390 8.360E+10 9.036E+10 9.252E-01 4.055E-02
71 3.000 1 1.000 32.4869 5.977E+10 6.608E+10 9.045E-01 2.837E-02
97 3.000 1 1.000 32.2750 5.993E+10 7.300E+10 8.210E-01 2.808E-02
16 5.000 1 1.000 35.1084 1.204E+07 4.005E+10 3.007E-04 1.113E-05
30 5.000 1 1.000 33.5394 7.436E+06 1.808E+10 4.112E-04 6.271E-06
4 3.000 1 1.000 40.7280 5.973E+06 6.644E+07 8.991E-02 4.484E-06
48 5.000 1 1.000 32.8601 4.556E+06 1.059E+10 4.303E-04 3.688E-06
69 5.000 1 1.000 32.5025 2.996E+06 7.987E+09 3.751E-04 2.373E-06
95 5.000 1 1.000 32.2905 2.186E+06 1.048E+10 2.086E-04 1.709E-06
10 3.000 1 1.000 35.1728 1.581E+06 1.432E+10 1.104E-04 8.799E-07
20 3.000 1 1.000 33.5626 5.577E+05 9.348E+09 5.966E-05 2.825E-07
34 3.000 1 1.000 32.8707 2.296E+05 6.301E+09 3.644E-05 1.116E-07
52 3.000 1 1.000 32.5078 9.773E+04 4.944E+09 1.977E-05 4.646E-08
5 5.000 1 1.000 40.7302 2.072E+04 6.116E+07 3.388E-04 2.592E-08
74 3.000 1 1.000 32.2930 2.988E+04 5.909E+09 5.057E-06 1.402E-08
14 5.000 1 1.000 35.1126 1.162E+04 4.333E+10 2.681E-07 1.074E-08
11 5.000 1 1.000 35.1722 9.032E+03 1.431E+10 6.313E-07 8.377E-09
21 5.000 1 1.000 33.5624 4.518E+03 9.339E+09 4.838E-07 3.816E-09
28 5.000 1 1.000 33.5417 3.608E+03 1.982E+10 1.821E-07 3.044E-09
35 5.000 1 1.000 32.8706 2.620E+03 6.297E+09 4.161E-07 2.121E-09
53 5.000 1 1.000 32.5078 1.721E+03 4.941E+09 3.483E-07 1.363E-09
45 5.000 1 1.000 32.8614 1.582E+03 1.132E+10 1.398E-07 1.281E-09
75 5.000 1 1.000 32.2930 1.337E+03 5.908E+09 2.263E-07 1.045E-09
67 5.000 1 1.000 32.5033 8.192E+02 7.901E+09 1.037E-07 6.487E-10
93 5.000 1 1.000 32.2911 4.524E+02 8.256E+09 5.480E-08 3.535E-10
2 3.000 1 1.000 41.4718 4.410E+01 4.410E+01 1.000E+00 3.435E-11
8 3.000 1 1.000 35.3276 2.031E+01 7.867E+09 2.582E-09 1.140E-11
18 3.000 1 1.000 33.6214 1.011E+01 6.239E+09 1.621E-09 5.142E-12
32 3.000 1 1.000 32.8997 5.747E+00 5.120E+09 1.122E-09 2.797E-12
50 3.000 1 1.000 32.5247 3.653E+00 5.177E+09 7.057E-10 1.739E-12
72 3.000 1 1.000 32.3041 2.643E+00 8.959E+09 2.950E-10 1.241E-12
13 3.000 1 1.000 35.1127 1.457E-01 4.335E+10 3.360E-12 8.077E-14
27 3.000 1 1.000 33.5417 9.700E-02 1.982E+10 4.893E-12 4.909E-14
44 3.000 1 1.000 32.8614 6.133E-02 1.132E+10 5.418E-12 2.979E-14
66 3.000 1 1.000 32.5034 4.090E-02 7.903E+09 5.175E-12 1.944E-14
92 3.000 1 1.000 32.2911 2.992E-02 8.260E+09 3.622E-12 1.403E-14
23 5.000 1 1.000 33.5428 4.816E-07 8.651E+09 5.567E-17 4.062E-19
40 5.000 1 1.000 32.8623 4.344E-07 4.526E+09 9.597E-17 3.516E-19
62 5.000 1 1.000 32.5042 3.254E-07 2.732E+09 1.191E-16 2.578E-19
88 5.000 1 1.000 32.2919 2.396E-07 1.951E+09 1.228E-16 1.873E-19
