!@# 6 5.00 10.0 30.0 100. 300. 0.100E+04
i j E(eV) a0 a1 a2
1 98 2436.436757 4.846E-09 5.928E+02 -3.037E+00
6 98 582.527764 3.268E-12 1.837E+02 -2.533E+00
12 98 257.657386 2.781E-13 6.899E+01 -2.388E+00
22 98 144.559463 6.620E-14 3.242E+01 -2.318E+00
36 98 92.366037 2.542E-14 1.791E+01 -2.281E+00
54 98 64.063547 1.259E-14 1.113E+01 -2.261E+00
76 98 47.007019 6.942E-15 7.106E+00 -2.243E+00
2 98 597.965645 1.998E-12 1.994E+02 -2.607E+00
8 98 261.989366 1.007E-13 6.586E+01 -2.399E+00
13 98 255.709408 7.590E-09 7.666E+01 -4.245E+00
18 98 146.397799 2.270E-14 3.040E+01 -2.321E+00
23 98 143.815286 9.632E-10 8.093E+01 -4.050E+00
32 98 93.330789 8.602E-15 1.669E+01 -2.283E+00
37 98 92.025372 1.374E-10 6.713E+01 -3.867E+00
50 98 64.644738 4.240E-15 1.034E+01 -2.262E+00
55 98 63.895352 2.829E-11 5.430E+01 -3.721E+00
72 98 47.403003 2.332E-15 6.509E+00 -2.244E+00
77 98 46.934281 7.850E-12 4.433E+01 -3.605E+00
3 98 583.943320 1.872E-09 1.349E+02 -3.521E+00
9 98 258.093840 7.926E-11 1.155E+02 -3.270E+00
19 98 144.781055 6.136E-12 7.214E+01 -3.052E+00
33 98 92.505248 1.091E-12 4.763E+01 -2.912E+00
51 98 64.164663 3.199E-13 3.369E+01 -2.820E+00
73 98 47.095666 1.208E-13 2.473E+01 -2.750E+00
4 98 583.526754 8.491E-10 1.362E+02 -3.529E+00
7 98 571.372478 6.645E-10 1.271E+02 -3.465E+00
10 98 257.972102 3.457E-11 1.154E+02 -3.274E+00
17 98 254.458012 4.296E-11 1.172E+02 -3.265E+00
20 98 144.729961 2.666E-12 7.202E+01 -3.054E+00
31 98 143.219434 3.514E-12 7.353E+01 -3.054E+00
34 98 92.479156 4.745E-13 4.758E+01 -2.915E+00
49 98 91.679672 6.319E-13 4.857E+01 -2.915E+00
52 98 64.149586 1.395E-13 3.370E+01 -2.823E+00
71 98 63.664196 1.860E-13 3.440E+01 -2.824E+00
74 98 47.086184 5.265E-14 2.472E+01 -2.752E+00
97 98 46.751619 6.983E-14 2.528E+01 -2.753E+00
5 98 582.597110 7.771E-10 1.345E+02 -3.528E+00
11 98 257.699270 3.276E-11 1.151E+02 -3.277E+00
21 98 144.615701 2.531E-12 7.195E+01 -3.058E+00
26 98 143.748809 4.861E-08 5.626E+01 -5.020E+00
35 98 92.421046 4.497E-13 4.756E+01 -2.918E+00
40 98 91.995896 1.362E-08 6.289E+01 -4.874E+00
53 98 64.116200 1.320E-13 3.373E+01 -2.826E+00
57 98 63.882156 3.206E-09 5.879E+01 -4.724E+00
75 98 47.065401 4.943E-14 2.472E+01 -2.755E+00
79 98 46.930435 9.197E-10 5.330E+01 -4.601E+00
14 98 255.678976 4.879E-09 7.675E+01 -4.246E+00
16 98 255.468101 6.679E-09 7.695E+01 -4.249E+00
24 98 143.800924 6.296E-10 8.095E+01 -4.051E+00
30 98 143.695869 8.329E-10 8.107E+01 -4.053E+00
38 98 92.017725 9.047E-11 6.714E+01 -3.868E+00
48 98 91.959579 1.179E-10 6.723E+01 -3.870E+00
56 98 63.890824 1.876E-11 5.434E+01 -3.722E+00
70 98 63.855393 2.433E-11 5.447E+01 -3.725E+00
78 98 46.931368 5.205E-12 4.433E+01 -3.606E+00
96 98 46.907856 6.626E-12 4.435E+01 -3.607E+00
15 98 255.582045 4.996E-09 7.680E+01 -4.249E+00
25 98 143.761756 6.317E-10 8.097E+01 -4.054E+00
39 98 91.998032 8.994E-11 6.718E+01 -3.871E+00
42 98 91.983526 4.131E-07 4.724E+01 -5.856E+00
59 98 63.879552 1.865E-11 5.445E+01 -3.726E+00
60 98 63.875416 1.895E-07 5.246E+01 -5.737E+00
85 98 46.924339 5.084E-12 4.431E+01 -3.607E+00
81 98 46.926556 7.237E-08 5.235E+01 -5.626E+00
27 98 143.748387 3.472E-08 5.626E+01 -5.020E+00
29 98 143.721210 4.704E-08 5.635E+01 -5.023E+00
41 98 91.995555 9.734E-09 6.289E+01 -4.874E+00
45 98 91.981576 1.314E-08 6.294E+01 -4.876E+00
58 98 63.881916 2.291E-09 5.880E+01 -4.724E+00
63 98 63.873784 3.113E-09 5.890E+01 -4.727E+00
80 98 46.930266 6.573E-10 5.330E+01 -4.601E+00
84 98 46.925095 8.786E-10 5.327E+01 -4.603E+00
28 98 143.721798 3.659E-08 5.635E+01 -5.023E+00
44 98 91.982061 1.022E-08 6.294E+01 -4.876E+00
62 98 63.874130 2.422E-09 5.890E+01 -4.727E+00
64 98 63.870655 4.746E-06 4.244E+01 -6.770E+00
83 98 46.925342 6.836E-10 5.327E+01 -4.603E+00
86 98 46.923541 2.618E-06 4.553E+01 -6.641E+00
43 98 91.983524 3.213E-07 4.724E+01 -5.856E+00
47 98 91.975242 4.069E-07 4.730E+01 -5.859E+00
61 98 63.875414 1.474E-07 5.246E+01 -5.737E+00
67 98 63.870609 1.820E-07 5.235E+01 -5.735E+00
82 98 46.926555 5.629E-08 5.235E+01 -5.626E+00
89 98 46.923498 6.975E-08 5.211E+01 -5.626E+00
46 98 91.975245 3.329E-07 4.730E+01 -5.859E+00
66 98 63.870611 1.489E-07 5.235E+01 -5.735E+00
88 98 46.923500 5.707E-08 5.211E+01 -5.626E+00
92 98 46.921515 3.816E-05 3.745E+01 -7.660E+00
65 98 63.870655 3.883E-06 4.244E+01 -6.770E+00
68 98 63.867460 4.394E-06 4.214E+01 -6.761E+00
87 98 46.923541 2.142E-06 4.553E+01 -6.641E+00
91 98 46.921516 2.621E-06 4.560E+01 -6.644E+00
69 98 63.867460 3.718E-06 4.214E+01 -6.761E+00
90 98 46.921516 2.218E-06 4.560E+01 -6.644E+00
93 98 46.921515 3.229E-05 3.745E+01 -7.660E+00
95 98 46.920077 3.749E-05 3.737E+01 -7.661E+00
94 98 46.920077 3.250E-05 3.737E+01 -7.661E+00
