j g(j) i g(i) wl A A+A^a A/(A+A^a) f
7 3.000 1 1.000 6.64777 3.530E+13 3.530E+13 1.000E+00 7.019E-01
17 3.000 1 1.000 5.68224 1.092E+13 1.156E+13 9.448E-01 1.586E-01
31 3.000 1 1.000 5.40660 4.840E+12 5.242E+12 9.232E-01 6.363E-02
49 3.000 1 1.000 5.28776 2.619E+12 2.882E+12 9.088E-01 3.294E-02
71 3.000 1 1.000 5.22533 1.627E+12 1.824E+12 8.918E-01 1.998E-02
97 3.000 1 1.000 5.18835 1.164E+12 1.376E+12 8.460E-01 1.409E-02
4 3.000 1 1.000 6.69138 8.750E+10 8.766E+10 9.982E-01 1.762E-03
10 3.000 1 1.000 5.69140 2.734E+10 6.834E+11 4.001E-02 3.983E-04
20 3.000 1 1.000 5.41017 1.140E+10 4.121E+11 2.767E-02 1.501E-04
16 5.000 1 1.000 5.68487 4.324E+09 1.856E+12 2.330E-03 1.047E-04
34 3.000 1 1.000 5.28957 5.673E+09 2.546E+11 2.228E-02 7.138E-05
30 5.000 1 1.000 5.40773 2.596E+09 8.157E+11 3.182E-03 5.690E-05
52 3.000 1 1.000 5.22640 3.142E+09 1.740E+11 1.805E-02 3.860E-05
48 5.000 1 1.000 5.28839 1.539E+09 4.461E+11 3.450E-03 3.226E-05
74 3.000 1 1.000 5.18907 1.821E+09 1.471E+11 1.238E-02 2.206E-05
70 5.000 1 1.000 5.22575 9.746E+08 2.904E+11 3.356E-03 1.995E-05
96 5.000 1 1.000 5.18869 6.680E+08 2.532E+11 2.639E-03 1.348E-05
14 5.000 1 1.000 5.68542 4.582E+08 1.906E+12 2.404E-04 1.110E-05
24 5.000 1 1.000 5.40798 1.827E+08 8.413E+11 2.172E-04 4.005E-06
38 5.000 1 1.000 5.28852 9.002E+07 4.554E+11 1.977E-04 1.887E-06
5 5.000 1 1.000 6.68802 3.522E+07 2.313E+08 1.523E-01 1.181E-06
56 5.000 1 1.000 5.22583 5.058E+07 2.873E+11 1.760E-04 1.035E-06
78 5.000 1 1.000 5.18874 3.078E+07 2.262E+11 1.361E-04 6.213E-07
11 5.000 1 1.000 5.69069 1.411E+07 6.526E+11 2.162E-05 3.425E-07
21 5.000 1 1.000 5.40990 6.662E+06 3.991E+11 1.669E-05 1.462E-07
35 5.000 1 1.000 5.28943 3.652E+06 2.481E+11 1.472E-05 7.661E-08
53 5.000 1 1.000 5.22632 2.242E+06 1.704E+11 1.316E-05 4.590E-08
75 5.000 1 1.000 5.18903 1.528E+06 1.450E+11 1.054E-05 3.084E-08
2 3.000 1 1.000 6.74393 3.467E+05 3.467E+05 1.000E+00 7.092E-09
8 3.000 1 1.000 5.70192 1.568E+05 2.484E+11 6.312E-07 2.292E-09
18 3.000 1 1.000 5.41411 7.627E+04 1.852E+11 4.118E-07 1.006E-09
32 3.000 1 1.000 5.29149 4.213E+04 1.349E+11 3.122E-07 5.305E-10
50 3.000 1 1.000 5.22749 2.577E+04 1.122E+11 2.298E-07 3.168E-10
72 3.000 1 1.000 5.18976 1.730E+04 1.357E+11 1.274E-07 2.096E-10
13 3.000 1 1.000 5.68550 1.563E+03 1.912E+12 8.174E-10 2.273E-11
23 3.000 1 1.000 5.40801 1.006E+03 8.436E+11 1.192E-09 1.323E-11
37 3.000 1 1.000 5.28854 6.163E+02 4.561E+11 1.351E-09 7.752E-12
55 3.000 1 1.000 5.22584 3.967E+02 2.873E+11 1.381E-09 4.873E-12
77 3.000 1 1.000 5.18874 2.734E+02 2.250E+11 1.215E-09 3.311E-12
26 5.000 1 1.000 5.40785 4.590E-02 3.953E+11 1.161E-13 1.006E-15
40 5.000 1 1.000 5.28848 4.066E-02 2.058E+11 1.976E-13 8.526E-16
57 5.000 1 1.000 5.22581 3.016E-02 1.222E+11 2.468E-13 6.175E-16
79 5.000 1 1.000 5.18874 2.196E-02 8.197E+10 2.679E-13 4.430E-16
