j g(j) i g(i) wl A A^a A/A^a f
17 3.000 1 1.000 9.63051 3.983E+12 2.906E+14 1.371E-02 1.661E-01
20 3.000 1 1.000 9.60669 3.437E+12 7.948E+13 4.324E-02 1.427E-01
23 3.000 1 1.000 9.59002 1.609E+12 2.416E+14 6.659E-03 6.654E-02
44 3.000 1 1.000 8.65895 1.076E+12 3.206E+13 3.358E-02 3.630E-02
49 3.000 1 1.000 8.64997 5.333E+11 2.631E+13 2.027E-02 1.795E-02
155 3.000 1 1.000 8.42158 5.487E+11 1.733E+13 3.166E-02 1.750E-02
66 3.000 1 1.000 8.60994 5.087E+11 9.249E+12 5.500E-02 1.696E-02
80 3.000 1 1.000 8.60320 3.089E+11 9.784E+12 3.157E-02 1.028E-02
320 3.000 1 1.000 8.32327 2.467E+11 9.727E+12 2.536E-02 7.686E-03
229 3.000 1 1.000 8.36031 2.209E+11 6.678E+12 3.307E-02 6.943E-03
36 3.000 1 1.000 8.67708 1.995E+11 6.628E+12 3.010E-02 6.756E-03
99 3.000 1 1.000 8.58071 1.839E+11 8.408E+12 2.187E-02 6.089E-03
160 3.000 1 1.000 8.41714 1.813E+11 1.389E+13 1.305E-02 5.777E-03
650 3.000 1 1.000 8.24366 1.587E+11 1.775E+12 8.941E-02 4.852E-03
314 3.000 1 1.000 8.32570 1.392E+11 1.698E+12 8.198E-02 4.341E-03
153 3.000 1 1.000 8.42742 1.115E+11 2.818E+12 3.956E-02 3.562E-03
555 3.000 1 1.000 8.26087 1.105E+11 3.124E+12 3.538E-02 3.392E-03
436 3.000 1 1.000 8.27010 1.015E+11 5.851E+12 1.735E-02 3.123E-03
421 3.000 1 1.000 8.27446 9.970E+10 1.876E+12 5.316E-02 3.070E-03
903 3.000 1 1.000 8.20973 7.317E+10 1.615E+12 4.531E-02 2.218E-03
90 3.000 1 1.000 8.59637 6.560E+10 3.169E+13 2.070E-03 2.180E-03
233 3.000 1 1.000 8.35806 6.623E+10 5.294E+12 1.251E-02 2.081E-03
326 3.000 1 1.000 8.31911 6.627E+10 1.192E+13 5.561E-03 2.063E-03
419 3.000 1 1.000 8.27472 6.533E+10 1.164E+12 5.611E-02 2.012E-03
1079 3.000 1 1.000 8.17990 5.193E+10 1.001E+12 5.190E-02 1.563E-03
235 3.000 1 1.000 8.35349 4.480E+10 4.245E+12 1.055E-02 1.406E-03
659 3.000 1 1.000 8.24309 4.553E+10 2.738E+12 1.663E-02 1.392E-03
453 3.000 1 1.000 8.26831 4.250E+10 4.485E+12 9.475E-03 1.307E-03
38 3.000 1 1.000 8.67465 3.797E+10 9.365E+12 4.054E-03 1.285E-03
561 3.000 1 1.000 8.25939 3.483E+10 2.841E+12 1.226E-02 1.069E-03
150 3.000 1 1.000 8.42865 3.303E+10 3.396E+12 9.725E-03 1.055E-03
94 3.000 1 1.000 8.59172 2.590E+10 2.059E+13 1.258E-03 8.599E-04
219 3.000 1 1.000 8.37083 2.560E+10 5.537E+12 4.623E-03 8.068E-04
79 3.000 1 1.000 8.60371 2.392E+10 1.274E+13 1.877E-03 7.963E-04
318 3.000 1 1.000 8.32435 2.213E+10 4.730E+12 4.678E-03 6.896E-04
599 3.000 1 1.000 8.25657 2.034E+10 2.612E+12 7.788E-03 6.237E-04
225 3.000 1 1.000 8.36805 1.612E+10 5.858E+12 2.752E-03 5.078E-04
641 3.000 1 1.000 8.24419 1.630E+10 6.064E+11 2.689E-02 4.984E-04
1081 3.000 1 1.000 8.17918 1.551E+10 1.162E+12 1.335E-02 4.666E-04
669 3.000 1 1.000 8.24091 1.443E+10 2.981E+12 4.839E-03 4.407E-04
308 3.000 1 1.000 8.32680 1.073E+10 1.751E+12 6.126E-03 3.347E-04
431 3.000 1 1.000 8.27226 8.790E+09 2.269E+12 3.874E-03 2.705E-04
909 3.000 1 1.000 8.20649 8.470E+09 1.518E+12 5.581E-03 2.565E-04
799 3.000 1 1.000 8.22044 6.500E+09 1.768E+12 3.677E-03 1.976E-04
804 3.000 1 1.000 8.21961 6.253E+09 1.905E+12 3.283E-03 1.900E-04
423 3.000 1 1.000 8.27404 5.667E+09 1.340E+12 4.230E-03 1.745E-04
1087 3.000 1 1.000 8.17713 3.907E+09 1.027E+12 3.805E-03 1.174E-04
443 3.000 1 1.000 8.26892 3.042E+09 1.627E+12 1.869E-03 9.354E-05
793 3.000 1 1.000 8.22486 2.951E+09 4.465E+12 6.608E-04 8.978E-05
972 3.000 1 1.000 8.19020 1.959E+09 1.190E+12 1.645E-03 5.910E-05
967 3.000 1 1.000 8.19075 1.767E+09 1.007E+12 1.756E-03 5.332E-05
25 3.000 1 1.000 9.53406 8.940E+08 2.058E+14 4.343E-06 3.655E-05
911 3.000 1 1.000 8.20516 1.176E+09 5.726E+12 2.054E-04 3.562E-05
104 3.000 1 1.000 8.55850 9.997E+08 2.582E+13 3.872E-05 3.293E-05
33 3.000 1 1.000 8.68003 8.803E+08 9.846E+12 8.941E-05 2.983E-05
113 3.000 1 1.000 8.54661 8.757E+08 2.655E+13 3.298E-05 2.877E-05
1092 3.000 1 1.000 8.17630 8.833E+08 2.938E+12 3.007E-04 2.656E-05
609 3.000 1 1.000 8.25440 8.290E+08 9.332E+12 8.884E-05 2.541E-05
147 3.000 1 1.000 8.43050 5.937E+08 3.765E+12 1.577E-04 1.898E-05
638 3.000 1 1.000 8.24427 5.857E+08 2.322E+10 2.522E-02 1.790E-05
301 3.000 1 1.000 8.32812 5.600E+08 1.843E+12 3.039E-04 1.747E-05
795 3.000 1 1.000 8.22327 4.530E+08 2.250E+12 2.013E-04 1.377E-05
635 3.000 1 1.000 8.24521 2.879E+08 6.670E+11 4.317E-04 8.804E-06
302 3.000 1 1.000 8.32788 2.494E+08 3.784E+10 6.589E-03 7.779E-06
604 3.000 1 1.000 8.25633 2.444E+08 3.647E+10 6.701E-03 7.493E-06
417 3.000 1 1.000 8.27573 2.305E+08 1.044E+12 2.209E-04 7.101E-06
84 5.000 1 1.000 8.60149 1.206E+08 8.030E+11 1.502E-04 6.689E-06
1177 3.000 1 1.000 8.14495 2.018E+08 6.216E+12 3.246E-05 6.021E-06
1112 3.000 1 1.000 8.17441 1.986E+08 2.426E+12 8.184E-05 5.968E-06
1120 3.000 1 1.000 8.17309 1.924E+08 2.712E+12 7.094E-05 5.781E-06
607 3.000 1 1.000 8.25620 1.852E+08 4.352E+10 4.255E-03 5.677E-06
509 3.000 1 1.000 8.26428 1.733E+08 1.280E+10 1.354E-02 5.323E-06
507 3.000 1 1.000 8.26439 1.603E+08 1.256E+10 1.276E-02 4.923E-06
1178 3.000 1 1.000 8.14422 1.497E+08 3.176E+12 4.713E-05 4.465E-06
97 5.000 1 1.000 8.58836 7.084E+07 9.018E+11 7.856E-05 3.917E-06
264 3.000 1 1.000 8.34019 1.200E+08 3.617E+10 3.318E-03 3.755E-06
177 5.000 1 1.000 8.40196 6.998E+07 6.706E+11 1.044E-04 3.703E-06
101 3.000 1 1.000 8.56962 9.893E+07 2.474E+13 3.999E-06 3.268E-06
197 3.000 1 1.000 8.39475 9.783E+07 3.767E+10 2.597E-03 3.101E-06
741 3.000 1 1.000 8.23719 9.007E+07 8.499E+09 1.060E-02 2.748E-06
245 3.000 1 1.000 8.34855 8.210E+07 1.779E+13 4.614E-06 2.574E-06
375 3.000 1 1.000 8.30980 8.137E+07 2.045E+10 3.979E-03 2.527E-06
273 5.000 1 1.000 8.33968 4.344E+07 1.769E+12 2.455E-05 2.265E-06
739 3.000 1 1.000 8.23726 7.137E+07 8.387E+09 8.509E-03 2.178E-06
194 3.000 1 1.000 8.39555 6.540E+07 3.758E+10 1.740E-03 2.073E-06
484 3.000 1 1.000 8.26577 6.723E+07 1.263E+10 5.321E-03 2.066E-06
121 5.000 1 1.000 8.53807 3.766E+07 4.063E+12 9.269E-06 2.058E-06
377 3.000 1 1.000 8.30957 5.830E+07 2.068E+10 2.820E-03 1.811E-06
171 5.000 1 1.000 8.40482 3.294E+07 3.109E+11 1.059E-04 1.744E-06
340 5.000 1 1.000 8.31405 3.334E+07 5.230E+11 6.375E-05 1.728E-06
74 5.000 1 1.000 8.60770 3.066E+07 4.480E+11 6.843E-05 1.703E-06
126 5.000 1 1.000 8.53420 2.996E+07 1.963E+12 1.526E-05 1.636E-06
106 5.000 1 1.000 8.55176 2.644E+07 4.666E+11 5.666E-05 1.450E-06
336 5.000 1 1.000 8.31547 2.672E+07 1.877E+11 1.424E-04 1.385E-06
1122 3.000 1 1.000 8.17286 4.540E+07 1.449E+10 3.133E-03 1.364E-06
185 5.000 1 1.000 8.39691 2.346E+07 8.230E+11 2.851E-05 1.240E-06
446 5.000 1 1.000 8.26889 2.392E+07 1.171E+11 2.043E-04 1.226E-06
363 3.000 1 1.000 8.31097 3.913E+07 2.066E+10 1.894E-03 1.215E-06
70 5.000 1 1.000 8.60852 2.160E+07 4.015E+11 5.379E-05 1.200E-06
610 5.000 1 1.000 8.25110 2.292E+07 9.354E+11 2.450E-05 1.170E-06
936 3.000 1 1.000 8.19957 3.637E+07 1.237E+10 2.940E-03 1.100E-06
281 5.000 1 1.000 8.33735 2.078E+07 9.646E+11 2.154E-05 1.083E-06
670 5.000 1 1.000 8.24075 2.006E+07 1.313E+11 1.527E-04 1.022E-06
452 5.000 1 1.000 8.26852 1.960E+07 1.018E+11 1.925E-04 1.005E-06
704 3.000 1 1.000 8.23875 3.055E+07 8.156E+09 3.745E-03 9.326E-07
855 3.000 1 1.000 8.21244 2.925E+07 1.236E+10 2.367E-03 8.874E-07
200 3.000 1 1.000 8.39398 2.721E+07 3.757E+10 7.243E-04 8.624E-07
807 3.000 1 1.000 8.21868 2.731E+07 8.657E+11 3.155E-05 8.297E-07
912 5.000 1 1.000 8.20433 1.442E+07 5.373E+11 2.685E-05 7.278E-07
275 3.000 1 1.000 8.33888 1.859E+07 3.736E+10 4.976E-04 5.814E-07
1089 5.000 1 1.000 8.17662 1.046E+07 3.339E+11 3.132E-05 5.240E-07
613 5.000 1 1.000 8.24980 9.344E+06 5.040E+11 1.854E-05 4.768E-07
675 5.000 1 1.000 8.24042 8.946E+06 1.005E+11 8.900E-05 4.554E-07
131 5.000 1 1.000 8.53050 8.300E+06 1.057E+12 7.851E-06 4.527E-07
278 3.000 1 1.000 8.33872 1.383E+07 3.741E+10 3.696E-04 4.324E-07
325 3.000 1 1.000 8.31942 1.343E+07 6.483E+12 2.072E-06 4.181E-07
169 5.000 1 1.000 8.40571 5.544E+06 1.720E+11 3.223E-05 2.936E-07
334 5.000 1 1.000 8.31610 5.614E+06 1.160E+11 4.841E-05 2.911E-07
504 5.000 1 1.000 8.26522 5.506E+06 2.313E+11 2.381E-05 2.820E-07
359 5.000 1 1.000 8.31127 5.376E+06 2.792E+11 1.926E-05 2.784E-07
119 5.000 1 1.000 8.53869 4.612E+06 5.931E+11 7.777E-06 2.521E-07
227 3.000 1 1.000 8.36659 7.897E+06 3.477E+12 2.271E-06 2.486E-07
915 5.000 1 1.000 8.20350 4.550E+06 3.199E+11 1.422E-05 2.296E-07
16 5.000 1 1.000 9.72073 2.166E+06 1.502E+14 1.442E-08 1.535E-07
548 5.000 1 1.000 8.26154 2.948E+06 3.468E+11 8.500E-06 1.508E-07
677 5.000 1 1.000 8.23996 2.698E+06 2.065E+11 1.307E-05 1.373E-07
892 3.000 1 1.000 8.21191 4.143E+06 1.416E+10 2.926E-04 1.257E-07
1093 5.000 1 1.000 8.17605 2.486E+06 2.283E+11 1.089E-05 1.246E-07
18 5.000 1 1.000 9.63049 1.743E+06 2.882E+14 6.046E-09 1.212E-07
886 3.000 1 1.000 8.21202 3.927E+06 1.517E+10 2.588E-04 1.191E-07
975 3.000 1 1.000 8.18925 2.922E+06 7.417E+11 3.940E-06 8.814E-08
117 5.000 1 1.000 8.54515 1.491E+06 7.585E+11 1.966E-06 8.162E-08
286 5.000 1 1.000 8.33527 1.553E+06 7.110E+11 2.184E-06 8.086E-08
454 5.000 1 1.000 8.26819 1.493E+06 1.311E+11 1.139E-05 7.652E-08
736 5.000 1 1.000 8.23766 1.398E+06 2.209E+11 6.328E-06 7.112E-08
238 5.000 1 1.000 8.35054 1.305E+06 3.965E+11 3.293E-06 6.824E-08
24 5.000 1 1.000 9.57377 9.656E+05 2.512E+14 3.844E-09 6.634E-08
209 5.000 1 1.000 8.38909 1.026E+06 5.777E+12 1.776E-07 5.412E-08
22 5.000 1 1.000 9.59013 6.358E+05 2.417E+14 2.630E-09 4.384E-08
85 5.000 1 1.000 8.60121 6.616E+05 7.461E+11 8.867E-07 3.669E-08
400 5.000 1 1.000 8.30099 7.034E+05 8.676E+11 8.107E-07 3.633E-08
1068 3.000 1 1.000 8.18549 9.627E+05 1.026E+10 9.380E-05 2.901E-08
34 5.000 1 1.000 8.67940 3.894E+05 9.825E+12 3.963E-08 2.199E-08
816 5.000 1 1.000 8.21510 4.112E+05 2.237E+11 1.839E-06 2.081E-08
39 5.000 1 1.000 8.67434 3.486E+05 9.825E+12 3.548E-08 1.966E-08
586 3.000 1 1.000 8.25699 5.983E+05 2.776E+10 2.156E-05 1.834E-08
91 5.000 1 1.000 8.59630 2.768E+05 3.081E+13 8.983E-09 1.534E-08
54 5.000 1 1.000 8.64416 2.708E+05 1.288E+13 2.102E-08 1.517E-08
1073 3.000 1 1.000 8.18540 4.560E+05 9.924E+09 4.595E-05 1.374E-08
42 5.000 1 1.000 8.66066 2.414E+05 1.608E+13 1.501E-08 1.358E-08
559 5.000 1 1.000 8.25969 2.606E+05 1.739E+11 1.498E-06 1.333E-08
812 5.000 1 1.000 8.21519 2.452E+05 2.118E+11 1.158E-06 1.241E-08
148 5.000 1 1.000 8.43004 2.208E+05 3.764E+12 5.865E-08 1.176E-08
47 5.000 1 1.000 8.65423 1.954E+05 1.141E+13 1.712E-08 1.097E-08
617 5.000 1 1.000 8.24803 2.060E+05 4.420E+11 4.661E-07 1.051E-08
554 5.000 1 1.000 8.26091 1.678E+05 2.666E+11 6.292E-07 8.582E-09
230 5.000 1 1.000 8.35977 1.624E+05 6.604E+12 2.458E-08 8.506E-09
100 5.000 1 1.000 8.57282 1.530E+05 5.593E+13 2.736E-09 8.431E-09
45 5.000 1 1.000 8.65807 1.439E+05 3.170E+13 4.540E-09 8.089E-09
304 5.000 1 1.000 8.32776 1.480E+05 1.848E+12 8.010E-08 7.694E-09
251 5.000 1 1.000 8.34611 1.330E+05 2.579E+11 5.158E-07 6.946E-09
152 5.000 1 1.000 8.42778 1.101E+05 3.765E+12 2.924E-08 5.864E-09
139 5.000 1 1.000 8.49400 1.061E+05 1.094E+12 9.700E-08 5.740E-09
556 5.000 1 1.000 8.26041 1.079E+05 3.393E+12 3.180E-08 5.519E-09
418 5.000 1 1.000 8.27546 1.063E+05 1.072E+12 9.914E-08 5.456E-09
551 5.000 1 1.000 8.26105 1.058E+05 2.128E+11 4.972E-07 5.414E-09
287 5.000 1 1.000 8.33507 9.116E+04 2.336E+12 3.902E-08 4.747E-09
294 5.000 1 1.000 8.33038 8.538E+04 5.809E+12 1.470E-08 4.442E-09
474 5.000 1 1.000 8.26666 8.258E+04 2.053E+12 4.022E-08 4.230E-09
137 5.000 1 1.000 8.49601 7.744E+04 1.757E+12 4.408E-08 4.190E-09
919 5.000 1 1.000 8.20171 8.290E+04 3.203E+11 2.588E-07 4.181E-09
157 5.000 1 1.000 8.42074 7.834E+04 1.720E+13 4.556E-09 4.164E-09
636 5.000 1 1.000 8.24499 7.742E+04 6.765E+11 1.144E-07 3.945E-09
156 5.000 1 1.000 8.42140 6.834E+04 4.066E+12 1.681E-08 3.633E-09
904 5.000 1 1.000 8.20939 7.080E+04 2.062E+12 3.433E-08 3.577E-09
237 5.000 1 1.000 8.35142 6.638E+04 2.537E+13 2.616E-09 3.470E-09
828 5.000 1 1.000 8.21397 6.820E+04 1.299E+11 5.248E-07 3.449E-09
978 5.000 1 1.000 8.18754 6.760E+04 1.535E+11 4.404E-07 3.397E-09
65 5.000 1 1.000 8.61068 5.496E+04 9.304E+12 5.907E-09 3.054E-09
666 5.000 1 1.000 8.24168 5.788E+04 3.710E+10 1.560E-06 2.947E-09
68 5.000 1 1.000 8.60902 4.990E+04 1.012E+13 4.932E-09 2.772E-09
825 5.000 1 1.000 8.21419 5.418E+04 2.741E+11 1.977E-07 2.740E-09
95 5.000 1 1.000 8.59012 4.902E+04 2.123E+13 2.309E-09 2.712E-09
1080 5.000 1 1.000 8.17964 5.032E+04 1.468E+12 3.428E-08 2.524E-09
475 5.000 1 1.000 8.26658 4.438E+04 1.002E+11 4.431E-07 2.274E-09
312 5.000 1 1.000 8.32623 4.346E+04 1.875E+12 2.317E-08 2.259E-09
322 5.000 1 1.000 8.32246 4.084E+04 1.025E+13 3.985E-09 2.121E-09
50 5.000 1 1.000 8.64944 3.696E+04 2.658E+13 1.391E-09 2.073E-09
329 5.000 1 1.000 8.31770 3.812E+04 7.166E+10 5.320E-07 1.977E-09
1157 5.000 1 1.000 8.16863 3.764E+04 1.802E+11 2.089E-07 1.883E-09
1116 5.000 1 1.000 8.17421 3.320E+04 2.113E+11 1.571E-07 1.663E-09
789 5.000 1 1.000 8.22548 3.208E+04 1.590E+12 2.018E-08 1.627E-09
343 5.000 1 1.000 8.31358 3.128E+04 1.700E+11 1.840E-07 1.620E-09
1182 5.000 1 1.000 8.14149 3.228E+04 3.188E+12 1.012E-08 1.604E-09
135 5.000 1 1.000 8.51632 2.872E+04 3.311E+12 8.674E-09 1.562E-09
247 5.000 1 1.000 8.34838 2.956E+04 3.907E+11 7.566E-08 1.545E-09
608 5.000 1 1.000 8.25611 2.322E+04 1.190E+13 1.951E-09 1.186E-09
81 5.000 1 1.000 8.60313 1.965E+04 9.954E+12 1.975E-09 1.091E-09
321 5.000 1 1.000 8.32289 1.938E+04 2.013E+12 9.624E-09 1.006E-09
422 5.000 1 1.000 8.27417 1.953E+04 1.069E+12 1.827E-08 1.002E-09
51 5.000 1 1.000 8.64829 1.719E+04 2.404E+13 7.151E-10 9.638E-10
661 5.000 1 1.000 8.24251 1.832E+04 3.681E+12 4.977E-09 9.331E-10
31 5.000 1 1.000 8.70270 1.586E+04 3.074E+13 5.160E-10 9.006E-10
935 5.000 1 1.000 8.19976 1.633E+04 7.425E+11 2.199E-08 8.229E-10
639 5.000 1 1.000 8.24425 1.397E+04 2.101E+12 6.647E-09 7.116E-10
161 5.000 1 1.000 8.41643 1.225E+04 1.460E+13 8.390E-10 6.504E-10
441 5.000 1 1.000 8.26968 1.239E+04 6.551E+12 1.892E-09 6.353E-10
234 5.000 1 1.000 8.35680 1.142E+04 5.399E+12 2.115E-09 5.976E-10
990 5.000 1 1.000 8.18668 1.149E+04 9.659E+10 1.190E-07 5.773E-10
163 5.000 1 1.000 8.40833 9.582E+03 1.161E+11 8.253E-08 5.078E-10
1025 3.000 1 1.000 8.18580 1.646E+04 8.855E+09 1.859E-06 4.961E-10
730 5.000 1 1.000 8.23863 9.680E+03 7.403E+10 1.308E-07 4.925E-10
645 5.000 1 1.000 8.24383 9.600E+03 6.618E+11 1.451E-08 4.890E-10
910 5.000 1 1.000 8.20633 9.142E+03 6.207E+12 1.473E-09 4.615E-10
214 5.000 1 1.000 8.37487 8.060E+03 4.413E+12 1.826E-09 4.238E-10
1121 5.000 1 1.000 8.17303 8.134E+03 5.624E+11 1.446E-08 4.073E-10
439 5.000 1 1.000 8.26996 7.288E+03 4.760E+10 1.531E-07 3.736E-10
319 5.000 1 1.000 8.32426 6.490E+03 5.305E+12 1.223E-09 3.371E-10
987 5.000 1 1.000 8.18708 6.178E+03 1.291E+11 4.786E-08 3.104E-10
176 5.000 1 1.000 8.40207 5.820E+03 3.322E+11 1.752E-08 3.080E-10
434 5.000 1 1.000 8.27177 5.926E+03 1.182E+12 5.014E-09 3.039E-10
223 5.000 1 1.000 8.36906 5.708E+03 2.022E+12 2.823E-09 2.997E-10
1088 5.000 1 1.000 8.17691 5.826E+03 4.359E+12 1.336E-09 2.920E-10
327 5.000 1 1.000 8.31863 5.236E+03 1.184E+13 4.423E-10 2.716E-10
26 3.000 1 1.000 8.72500 7.600E+03 1.335E+13 5.692E-10 2.602E-10
984 5.000 1 1.000 8.18726 4.884E+03 1.064E+11 4.592E-08 2.455E-10
249 5.000 1 1.000 8.34825 4.686E+03 4.891E+11 9.581E-09 2.448E-10
59 5.000 1 1.000 8.61508 4.002E+03 1.812E+11 2.208E-08 2.226E-10
664 5.000 1 1.000 8.24183 4.288E+03 6.883E+11 6.230E-09 2.184E-10
961 5.000 1 1.000 8.19379 3.818E+03 9.821E+11 3.887E-09 1.922E-10
566 5.000 1 1.000 8.25811 3.368E+03 2.748E+12 1.226E-09 1.721E-10
433 5.000 1 1.000 8.27223 3.292E+03 2.634E+12 1.250E-09 1.689E-10
424 5.000 1 1.000 8.27386 3.116E+03 1.825E+12 1.708E-09 1.599E-10
115 5.000 1 1.000 8.54525 2.254E+03 1.149E+12 1.961E-09 1.234E-10
53 3.000 1 1.000 8.64608 3.312E+03 1.240E+13 2.671E-10 1.113E-10
299 5.000 1 1.000 8.32869 2.076E+03 2.048E+12 1.013E-09 1.079E-10
140 3.000 1 1.000 8.44713 3.094E+03 4.976E+12 6.218E-10 9.930E-11
407 5.000 1 1.000 8.28044 1.777E+03 2.822E+12 6.299E-10 9.136E-11
621 5.000 1 1.000 8.24693 1.759E+03 8.465E+11 2.078E-09 8.967E-11
455 5.000 1 1.000 8.26793 1.460E+03 5.078E+12 2.874E-10 7.479E-11
800 5.000 1 1.000 8.22035 1.332E+03 1.984E+12 6.712E-10 6.746E-11
805 5.000 1 1.000 8.21956 1.175E+03 1.695E+12 6.931E-10 5.950E-11
908 5.000 1 1.000 8.20728 1.051E+03 1.542E+12 6.820E-10 5.309E-11
213 3.000 1 1.000 8.37677 1.634E+03 4.763E+12 3.431E-10 5.158E-11
502 5.000 1 1.000 8.26558 9.896E+02 6.012E+09 1.646E-07 5.068E-11
283 3.000 1 1.000 8.33610 1.588E+03 2.397E+12 6.626E-10 4.965E-11
973 5.000 1 1.000 8.19009 9.586E+02 1.211E+12 7.915E-10 4.820E-11
30 3.000 1 1.000 8.70454 1.396E+03 3.092E+13 4.515E-11 4.757E-11
974 5.000 1 1.000 8.18974 9.434E+02 1.015E+12 9.291E-10 4.743E-11
676 5.000 1 1.000 8.24037 8.924E+02 3.677E+12 2.427E-10 4.543E-11
585 5.000 1 1.000 8.25701 7.490E+02 3.175E+11 2.359E-09 3.828E-11
810 5.000 1 1.000 8.21525 7.084E+02 2.323E+11 3.050E-09 3.584E-11
968 5.000 1 1.000 8.19068 6.264E+02 1.150E+12 5.445E-10 3.151E-11
646 5.000 1 1.000 8.24375 6.182E+02 1.037E+10 5.963E-08 3.149E-11
55 3.000 1 1.000 8.63810 8.960E+02 2.131E+13 4.204E-11 3.007E-11
409 3.000 1 1.000 8.28014 9.420E+02 1.373E+12 6.861E-10 2.904E-11
942 5.000 1 1.000 8.19924 5.724E+02 6.074E+09 9.424E-08 2.885E-11
1155 5.000 1 1.000 8.16879 5.622E+02 2.810E+11 2.001E-09 2.812E-11
884 5.000 1 1.000 8.21210 4.828E+02 6.902E+09 6.995E-08 2.441E-11
605 5.000 1 1.000 8.25633 4.434E+02 2.641E+11 1.679E-09 2.266E-11
1128 5.000 1 1.000 8.17265 4.296E+02 4.013E+09 1.070E-07 2.151E-11
1086 5.000 1 1.000 8.17759 3.850E+02 9.064E+11 4.248E-10 1.930E-11
618 3.000 1 1.000 8.24793 5.903E+02 8.295E+11 7.117E-10 1.806E-11
603 5.000 1 1.000 8.25641 3.484E+02 1.008E+10 3.456E-08 1.780E-11
449 3.000 1 1.000 8.26865 5.560E+02 1.604E+12 3.466E-10 1.710E-11
303 5.000 1 1.000 8.32784 3.176E+02 4.336E+10 7.325E-09 1.651E-11
144 3.000 1 1.000 8.43978 4.877E+02 1.170E+13 4.169E-11 1.562E-11
398 5.000 1 1.000 8.30122 2.862E+02 5.258E+11 5.443E-10 1.478E-11
1076 5.000 1 1.000 8.18048 2.384E+02 7.135E+11 3.341E-10 1.196E-11
226 5.000 1 1.000 8.36798 2.072E+02 5.399E+12 3.837E-11 1.088E-11
589 5.000 1 1.000 8.25689 2.010E+02 1.023E+10 1.965E-08 1.027E-11
1075 3.000 1 1.000 8.18255 3.373E+02 8.786E+11 3.839E-10 1.016E-11
102 5.000 1 1.000 8.55856 1.634E+02 2.540E+13 6.433E-12 8.972E-12
447 3.000 1 1.000 8.26876 2.823E+02 8.570E+11 3.294E-10 8.682E-12
829 3.000 1 1.000 8.21374 2.436E+02 6.299E+11 3.868E-10 7.393E-12
820 3.000 1 1.000 8.21439 1.991E+02 8.172E+11 2.436E-10 6.043E-12
292 3.000 1 1.000 8.33209 1.816E+02 5.746E+12 3.160E-11 5.670E-12
517 5.000 1 1.000 8.26407 1.074E+02 6.053E+09 1.774E-08 5.498E-12
587 5.000 1 1.000 8.25696 9.394E+01 1.062E+11 8.843E-10 4.801E-12
1180 5.000 1 1.000 8.14153 9.422E+01 4.251E+12 2.217E-11 4.682E-12
438 5.000 1 1.000 8.27003 8.846E+01 1.016E+12 8.706E-11 4.536E-12
215 3.000 1 1.000 8.37339 1.425E+02 7.620E+12 1.870E-11 4.494E-12
56 5.000 1 1.000 8.61550 7.366E+01 2.948E+13 2.499E-12 4.099E-12
412 5.000 1 1.000 8.27823 6.610E+01 4.125E+12 1.602E-11 3.396E-12
413 3.000 1 1.000 8.27765 1.061E+02 3.106E+12 3.417E-11 3.271E-12
640 5.000 1 1.000 8.24425 6.308E+01 2.048E+10 3.081E-09 3.214E-12
220 5.000 1 1.000 8.37062 5.676E+01 5.952E+12 9.537E-12 2.981E-12
1123 5.000 1 1.000 8.17284 5.612E+01 9.097E+09 6.169E-09 2.810E-12
792 5.000 1 1.000 8.22486 5.470E+01 4.248E+12 1.288E-11 2.774E-12
821 5.000 1 1.000 8.21432 4.910E+01 2.722E+11 1.804E-10 2.483E-12
794 5.000 1 1.000 8.22420 4.764E+01 2.264E+12 2.104E-11 2.415E-12
1028 5.000 1 1.000 8.18576 4.686E+01 3.887E+09 1.206E-08 2.354E-12
637 5.000 1 1.000 8.24471 4.616E+01 1.178E+12 3.918E-11 2.352E-12
937 5.000 1 1.000 8.19955 4.532E+01 1.232E+10 3.679E-09 2.284E-12
415 5.000 1 1.000 8.27592 4.154E+01 3.127E+12 1.328E-11 2.132E-12
731 5.000 1 1.000 8.23862 3.864E+01 5.650E+09 6.839E-09 1.966E-12
860 5.000 1 1.000 8.21238 3.576E+01 1.419E+10 2.520E-09 1.808E-12
806 5.000 1 1.000 8.21929 3.428E+01 1.233E+12 2.781E-11 1.736E-12
195 5.000 1 1.000 8.39547 3.104E+01 3.733E+10 8.316E-10 1.640E-12
1071 5.000 1 1.000 8.18546 3.152E+01 3.915E+09 8.050E-09 1.583E-12
862 5.000 1 1.000 8.21236 3.018E+01 6.368E+09 4.739E-09 1.526E-12
369 5.000 1 1.000 8.31085 2.704E+01 2.045E+10 1.322E-09 1.400E-12
826 3.000 1 1.000 8.21409 4.573E+01 2.633E+11 1.737E-10 1.388E-12
628 3.000 1 1.000 8.24596 4.440E+01 2.059E+12 2.156E-11 1.358E-12
890 5.000 1 1.000 8.21198 2.330E+01 1.125E+12 2.071E-11 1.178E-12
571 5.000 1 1.000 8.25766 2.192E+01 2.588E+10 8.471E-10 1.120E-12
742 5.000 1 1.000 8.23718 2.008E+01 8.191E+09 2.451E-09 1.022E-12
379 5.000 1 1.000 8.30952 1.886E+01 2.027E+10 9.304E-10 9.762E-13
600 5.000 1 1.000 8.25653 1.868E+01 1.010E+10 1.849E-09 9.546E-13
265 5.000 1 1.000 8.34019 1.823E+01 3.740E+10 4.873E-10 9.504E-13
719 5.000 1 1.000 8.23867 1.841E+01 9.272E+09 1.985E-09 9.367E-13
1095 5.000 1 1.000 8.17490 1.861E+01 1.621E+10 1.148E-09 9.322E-13
57 3.000 1 1.000 8.61542 2.448E+01 1.809E+11 1.353E-10 8.173E-13
478 3.000 1 1.000 8.26614 2.314E+01 3.397E+12 6.810E-12 7.111E-13
27 5.000 1 1.000 8.72389 1.212E+01 1.336E+13 9.071E-13 6.913E-13
494 5.000 1 1.000 8.26567 1.297E+01 1.298E+10 9.999E-10 6.645E-13
510 5.000 1 1.000 8.26426 1.192E+01 1.225E+10 9.729E-10 6.104E-13
887 5.000 1 1.000 8.21202 1.151E+01 1.438E+10 8.001E-10 5.818E-13
746 5.000 1 1.000 8.23708 1.067E+01 9.161E+09 1.164E-09 5.425E-13
280 3.000 1 1.000 8.33800 1.735E+01 8.130E+11 2.134E-11 5.424E-13
295 5.000 1 1.000 8.32961 1.040E+01 4.054E+10 2.567E-10 5.411E-13
1113 5.000 1 1.000 8.17441 1.040E+01 2.326E+12 4.472E-12 5.210E-13
749 5.000 1 1.000 8.23705 1.013E+01 3.858E+09 2.625E-09 5.150E-13
429 5.000 1 1.000 8.27257 9.852E+00 5.282E+12 1.865E-12 5.054E-13
625 5.000 1 1.000 8.24617 9.144E+00 2.572E+10 3.555E-10 4.661E-13
162 3.000 1 1.000 8.40858 1.430E+01 1.148E+11 1.245E-10 4.547E-13
125 3.000 1 1.000 8.53473 1.383E+01 1.860E+12 7.437E-12 4.531E-13
201 5.000 1 1.000 8.39386 8.316E+00 3.718E+10 2.237E-10 4.393E-13
822 3.000 1 1.000 8.21429 1.314E+01 3.998E+11 3.287E-11 3.988E-13
372 5.000 1 1.000 8.31068 7.478E+00 1.024E+10 7.304E-10 3.871E-13
145 5.000 1 1.000 8.43802 6.858E+00 1.165E+13 5.885E-13 3.660E-13
269 5.000 1 1.000 8.34016 6.728E+00 3.763E+10 1.788E-10 3.508E-13
830 3.000 1 1.000 8.21365 1.129E+01 1.232E+11 9.166E-11 3.426E-13
67 3.000 1 1.000 8.60987 1.008E+01 1.605E+13 6.282E-13 3.362E-13
457 3.000 1 1.000 8.26761 1.071E+01 1.742E+11 6.149E-11 3.294E-13
647 5.000 1 1.000 8.24374 6.246E+00 3.433E+10 1.819E-10 3.182E-13
612 3.000 1 1.000 8.25043 9.343E+00 4.037E+11 2.315E-11 2.861E-13
893 3.000 1 1.000 8.21159 9.293E+00 1.823E+12 5.097E-12 2.818E-13
130 3.000 1 1.000 8.53086 8.383E+00 9.837E+11 8.522E-12 2.744E-13
620 3.000 1 1.000 8.24776 8.750E+00 2.581E+11 3.391E-11 2.678E-13
86 3.000 1 1.000 8.60077 7.807E+00 7.440E+11 1.049E-11 2.597E-13
328 3.000 1 1.000 8.31788 8.270E+00 6.825E+10 1.212E-10 2.574E-13
964 5.000 1 1.000 8.19116 5.076E+00 1.864E+12 2.723E-12 2.554E-13
382 5.000 1 1.000 8.30928 4.912E+00 1.036E+10 4.743E-10 2.542E-13
921 5.000 1 1.000 8.20156 4.672E+00 1.867E+10 2.503E-10 2.356E-13
384 5.000 1 1.000 8.30924 4.402E+00 2.051E+10 2.147E-10 2.278E-13
437 3.000 1 1.000 8.27006 6.130E+00 4.369E+10 1.403E-10 1.886E-13
754 5.000 1 1.000 8.23700 3.622E+00 3.864E+09 9.374E-10 1.842E-13
1126 5.000 1 1.000 8.17269 3.578E+00 1.451E+10 2.465E-10 1.792E-13
914 3.000 1 1.000 8.20400 5.457E+00 2.565E+11 2.127E-11 1.652E-13
560 3.000 1 1.000 8.25969 4.980E+00 1.844E+11 2.701E-11 1.528E-13
289 3.000 1 1.000 8.33480 4.623E+00 4.492E+11 1.029E-11 1.444E-13
700 5.000 1 1.000 8.23886 2.816E+00 8.743E+09 3.221E-10 1.433E-13
963 5.000 1 1.000 8.19291 2.670E+00 1.491E+12 1.791E-12 1.343E-13
388 5.000 1 1.000 8.30914 2.516E+00 1.029E+10 2.446E-10 1.302E-13
178 3.000 1 1.000 8.40172 4.060E+00 3.397E+11 1.195E-11 1.289E-13
1090 3.000 1 1.000 8.17643 4.187E+00 1.609E+11 2.603E-11 1.259E-13
120 3.000 1 1.000 8.53820 3.517E+00 5.762E+11 6.103E-12 1.153E-13
665 3.000 1 1.000 8.24175 3.129E+00 3.129E+10 9.999E-11 9.560E-14
1077 3.000 1 1.000 8.18027 2.889E+00 1.181E+12 2.446E-12 8.696E-14
272 3.000 1 1.000 8.33974 2.766E+00 4.460E+12 6.202E-13 8.653E-14
216 5.000 1 1.000 8.37275 1.548E+00 1.115E+13 1.388E-13 8.132E-14
557 3.000 1 1.000 8.25997 2.591E+00 2.538E+11 1.021E-11 7.950E-14
344 3.000 1 1.000 8.31333 2.355E+00 1.826E+11 1.289E-11 7.320E-14
71 3.000 1 1.000 8.60851 1.910E+00 2.432E+11 7.857E-12 6.367E-14
834 5.000 1 1.000 8.21295 1.227E+00 1.238E+10 9.908E-11 6.203E-14
733 3.000 1 1.000 8.23851 1.914E+00 9.084E+10 2.107E-11 5.842E-14
96 3.000 1 1.000 8.58874 1.700E+00 8.880E+11 1.915E-12 5.641E-14
796 5.000 1 1.000 8.22113 1.092E+00 3.026E+12 3.608E-13 5.533E-14
190 5.000 1 1.000 8.39608 1.032E+00 3.787E+10 2.726E-11 5.456E-14
476 3.000 1 1.000 8.26641 1.715E+00 1.141E+11 1.503E-11 5.270E-14
940 5.000 1 1.000 8.19929 1.003E+00 2.141E+10 4.682E-11 5.053E-14
786 3.000 1 1.000 8.23354 1.640E+00 2.849E+12 5.758E-13 5.001E-14
250 3.000 1 1.000 8.34684 1.477E+00 4.660E+11 3.169E-12 4.628E-14
173 3.000 1 1.000 8.40385 1.398E+00 3.379E+11 4.138E-12 4.441E-14
181 3.000 1 1.000 8.39732 1.227E+00 7.955E+11 1.542E-12 3.892E-14
1030 5.000 1 1.000 8.18570 7.438E-01 9.238E+09 8.052E-11 3.736E-14
141 5.000 1 1.000 8.44609 6.868E-01 4.983E+12 1.378E-13 3.673E-14
285 3.000 1 1.000 8.33589 1.131E+00 5.833E+11 1.940E-12 3.536E-14
522 5.000 1 1.000 8.26399 6.440E-01 6.031E+09 1.068E-10 3.297E-14
1082 3.000 1 1.000 8.17918 1.081E+00 1.574E+12 6.870E-13 3.254E-14
678 5.000 1 1.000 8.23988 6.280E-01 8.516E+09 7.374E-11 3.196E-14
211 5.000 1 1.000 8.38484 5.910E-01 8.789E+12 6.724E-14 3.114E-14
355 3.000 1 1.000 8.31177 9.590E-01 2.657E+11 3.609E-12 2.980E-14
260 5.000 1 1.000 8.34156 5.592E-01 3.792E+10 1.475E-11 2.917E-14
168 3.000 1 1.000 8.40578 9.063E-01 1.350E+11 6.713E-12 2.880E-14
358 5.000 1 1.000 8.31129 5.360E-01 2.075E+10 2.583E-11 2.776E-14
616 3.000 1 1.000 8.24836 8.560E-01 3.628E+11 2.359E-12 2.619E-14
1069 5.000 1 1.000 8.18549 5.086E-01 9.478E+09 5.366E-11 2.554E-14
254 3.000 1 1.000 8.34601 7.573E-01 1.270E+12 5.963E-13 2.372E-14
894 5.000 1 1.000 8.21055 4.264E-01 2.743E+10 1.555E-11 2.154E-14
41 3.000 1 1.000 8.66073 6.353E-01 1.609E+13 3.949E-14 2.143E-14
854 5.000 1 1.000 8.21244 3.970E-01 1.304E+10 3.045E-11 2.007E-14
1173 3.000 1 1.000 8.14789 6.340E-01 1.687E+12 3.757E-13 1.893E-14
406 3.000 1 1.000 8.28052 5.650E-01 2.846E+12 1.985E-13 1.742E-14
205 5.000 1 1.000 8.39340 3.268E-01 3.651E+10 8.950E-12 1.726E-14
309 5.000 1 1.000 8.32662 3.198E-01 5.634E+10 5.676E-12 1.662E-14
460 5.000 1 1.000 8.26698 2.958E-01 1.255E+10 2.356E-11 1.515E-14
889 5.000 1 1.000 8.21201 2.710E-01 3.124E+10 8.674E-12 1.370E-14
276 5.000 1 1.000 8.33887 2.576E-01 3.750E+10 6.869E-12 1.342E-14
114 3.000 1 1.000 8.54584 3.900E-01 6.573E+11 5.934E-13 1.281E-14
76 3.000 1 1.000 8.60673 3.131E-01 6.156E+11 5.087E-13 1.043E-14
495 3.000 1 1.000 8.26564 3.293E-01 2.682E+11 1.228E-12 1.012E-14
734 3.000 1 1.000 8.23806 3.299E-01 1.904E+11 1.733E-12 1.007E-14
514 5.000 1 1.000 8.26409 1.823E-01 1.311E+10 1.390E-11 9.333E-15
1117 3.000 1 1.000 8.17408 3.103E-01 1.313E+11 2.363E-12 9.324E-15
346 5.000 1 1.000 8.31233 1.681E-01 2.095E+10 8.028E-12 8.709E-15
133 3.000 1 1.000 8.52905 2.610E-01 7.820E+11 3.338E-13 8.541E-15
813 3.000 1 1.000 8.21515 2.680E-01 2.121E+11 1.264E-12 8.137E-15
923 3.000 1 1.000 8.20154 2.499E-01 1.633E+11 1.530E-12 7.562E-15
996 5.000 1 1.000 8.18605 1.238E-01 8.505E+09 1.456E-11 6.220E-15
401 3.000 1 1.000 8.30096 1.624E-01 9.765E+11 1.663E-13 5.033E-15
694 3.000 1 1.000 8.23962 1.552E-01 1.477E+11 1.051E-12 4.740E-15
138 3.000 1 1.000 8.49581 1.372E-01 1.819E+12 7.543E-14 4.454E-15
673 3.000 1 1.000 8.24057 1.388E-01 4.161E+10 3.335E-12 4.238E-15
988 3.000 1 1.000 8.18683 1.377E-01 1.211E+11 1.137E-12 4.150E-15
252 3.000 1 1.000 8.34610 8.850E-02 7.751E+11 1.142E-13 2.772E-15
339 3.000 1 1.000 8.31454 7.270E-02 2.043E+11 3.558E-13 2.260E-15
1176 5.000 1 1.000 8.14495 4.234E-02 5.080E+12 8.335E-15 2.105E-15
1115 3.000 1 1.000 8.17431 5.970E-02 1.491E+11 4.005E-13 1.794E-15
1156 3.000 1 1.000 8.16877 4.060E-02 3.023E+11 1.343E-13 1.218E-15
182 5.000 1 1.000 8.39707 1.936E-02 3.844E+10 5.036E-13 1.023E-15
410 5.000 1 1.000 8.27914 1.812E-02 1.368E+12 1.325E-14 9.313E-16
1024 5.000 1 1.000 8.18580 1.735E-02 9.055E+09 1.916E-12 8.715E-16
550 3.000 1 1.000 8.26106 2.469E-02 1.813E+11 1.362E-13 7.580E-16
562 3.000 1 1.000 8.25928 2.313E-02 1.641E+11 1.409E-13 7.098E-16
333 3.000 1 1.000 8.31613 2.223E-02 8.346E+10 2.663E-13 6.914E-16
918 3.000 1 1.000 8.20189 1.888E-02 2.381E+11 7.928E-14 5.713E-16
992 3.000 1 1.000 8.18649 1.759E-02 1.018E+11 1.727E-13 5.302E-16
1181 3.000 1 1.000 8.14152 1.642E-02 7.308E+12 2.246E-15 4.895E-16
882 5.000 1 1.000 8.21212 6.860E-03 3.964E+09 1.731E-12 3.468E-16
991 3.000 1 1.000 8.18667 9.037E-03 1.405E+11 6.431E-14 2.724E-16
246 3.000 1 1.000 8.34840 8.627E-03 3.291E+11 2.621E-14 2.704E-16
788 3.000 1 1.000 8.22556 7.973E-03 1.588E+12 5.019E-15 2.426E-16
960 3.000 1 1.000 8.19387 6.520E-03 9.775E+11 6.670E-15 1.969E-16
1159 5.000 1 1.000 8.16650 3.910E-03 1.747E+10 2.238E-13 1.954E-16
127 3.000 1 1.000 8.53334 1.687E-03 6.081E+11 2.775E-15 5.527E-17
888 3.000 1 1.000 8.21201 1.431E-03 7.393E+09 1.936E-13 4.341E-17
403 5.000 1 1.000 8.29317 6.294E-04 4.561E+10 1.380E-14 3.245E-17
481 5.000 1 1.000 8.26595 1.801E-04 1.339E+10 1.345E-14 9.224E-18
381 3.000 1 1.000 8.30928 2.889E-04 1.036E+10 2.789E-14 8.973E-18
516 3.000 1 1.000 8.26407 2.058E-04 6.056E+09 3.398E-14 6.321E-18
752 5.000 1 1.000 8.23701 9.236E-05 2.506E+09 3.686E-14 4.698E-18
748 3.000 1 1.000 8.23705 1.505E-04 3.848E+09 3.911E-14 4.593E-18
985 3.000 1 1.000 8.18725 1.446E-04 8.592E+10 1.683E-15 4.360E-18
1184 5.000 1 1.000 8.14009 7.704E-05 4.843E+11 1.591E-16 3.827E-18
118 3.000 1 1.000 8.54476 9.783E-05 6.513E+11 1.502E-16 3.213E-18
208 3.000 1 1.000 8.38919 3.957E-05 5.808E+12 6.812E-18 1.252E-18
520 5.000 1 1.000 8.26401 1.174E-05 3.965E+09 2.962E-15 6.013E-19
1070 3.000 1 1.000 8.18546 1.413E-05 3.915E+09 3.610E-15 4.259E-19
602 3.000 1 1.000 8.25641 1.256E-05 1.008E+10 1.246E-15 3.852E-19
1066 5.000 1 1.000 8.18552 4.254E-07 2.495E+09 1.705E-16 2.137E-20
