j g(j) i g(i) wl A A+A^a A/(A+A^a) f
17 3.000 1 1.000 5.23368 1.686E+13 3.567E+14 4.726E-02 2.077E-01
20 3.000 1 1.000 5.22248 1.424E+13 1.700E+14 8.376E-02 1.747E-01
44 3.000 1 1.000 4.62851 4.583E+12 4.418E+13 1.037E-01 4.417E-02
23 3.000 1 1.000 5.21579 2.667E+12 2.958E+14 9.016E-03 3.263E-02
64 3.000 1 1.000 4.60848 2.147E+12 1.369E+13 1.568E-01 2.051E-02
155 3.000 1 1.000 4.47258 2.071E+12 2.134E+13 9.704E-02 1.863E-02
52 3.000 1 1.000 4.62367 1.778E+12 3.700E+13 4.804E-02 1.709E-02
77 3.000 1 1.000 4.60466 1.275E+12 1.666E+13 7.655E-02 1.216E-02
326 3.000 1 1.000 4.40773 1.190E+12 5.839E+12 2.039E-01 1.040E-02
229 3.000 1 1.000 4.44726 9.283E+11 1.050E+13 8.843E-02 8.259E-03
152 3.000 1 1.000 4.47426 8.483E+11 6.320E+12 1.342E-01 7.637E-03
520 3.000 1 1.000 4.37372 8.747E+11 3.938E+12 2.221E-01 7.526E-03
673 3.000 1 1.000 4.35386 7.190E+11 2.949E+12 2.438E-01 6.130E-03
98 3.000 1 1.000 4.59477 6.080E+11 1.672E+13 3.637E-02 5.772E-03
39 3.000 1 1.000 4.63449 5.923E+11 1.330E+13 4.455E-02 5.721E-03
35 3.000 1 1.000 4.63629 5.893E+11 1.317E+13 4.475E-02 5.697E-03
427 3.000 1 1.000 4.38156 5.613E+11 4.699E+12 1.194E-01 4.846E-03
160 3.000 1 1.000 4.46970 3.960E+11 1.764E+13 2.245E-02 3.560E-03
327 3.000 1 1.000 4.40707 3.710E+11 8.643E+12 4.293E-02 3.242E-03
76 3.000 1 1.000 4.60491 2.753E+11 2.345E+13 1.174E-02 2.625E-03
869 3.000 1 1.000 4.34751 2.905E+11 2.705E+12 1.074E-01 2.469E-03
231 3.000 1 1.000 4.44578 2.540E+11 8.462E+12 3.002E-02 2.258E-03
523 3.000 1 1.000 4.37349 2.518E+11 2.644E+12 9.523E-02 2.166E-03
323 3.000 1 1.000 4.40825 2.306E+11 2.860E+12 8.061E-02 2.015E-03
149 3.000 1 1.000 4.47530 1.992E+11 5.266E+12 3.782E-02 1.794E-03
1099 3.000 1 1.000 4.32756 2.088E+11 1.681E+12 1.242E-01 1.759E-03
439 3.000 1 1.000 4.38075 1.477E+11 4.490E+12 3.290E-02 1.275E-03
219 3.000 1 1.000 4.45149 1.384E+11 7.176E+12 1.929E-02 1.234E-03
85 3.000 1 1.000 4.60182 1.265E+11 4.097E+13 3.088E-03 1.205E-03
904 3.000 1 1.000 4.34700 1.037E+11 3.031E+12 3.423E-02 8.817E-04
225 3.000 1 1.000 4.45005 9.077E+10 8.211E+12 1.105E-02 8.084E-04
235 3.000 1 1.000 4.44334 9.060E+10 8.467E+12 1.070E-02 8.045E-04
334 3.000 1 1.000 4.40481 9.037E+10 8.420E+12 1.073E-02 7.886E-04
94 3.000 1 1.000 4.59965 6.573E+10 2.805E+13 2.344E-03 6.256E-04
1101 3.000 1 1.000 4.32723 6.273E+10 2.082E+12 3.014E-02 5.284E-04
718 3.000 1 1.000 4.35144 4.477E+10 2.467E+12 1.814E-02 3.813E-04
33 3.000 1 1.000 4.63806 3.543E+10 1.301E+13 2.724E-03 3.428E-04
713 3.000 1 1.000 4.35163 3.061E+10 2.267E+12 1.350E-02 2.607E-04
726 3.000 1 1.000 4.35089 2.482E+10 3.130E+12 7.930E-03 2.114E-04
147 3.000 1 1.000 4.47657 1.902E+10 5.220E+12 3.643E-03 1.714E-04
553 3.000 1 1.000 4.37102 1.663E+10 3.830E+12 4.343E-03 1.429E-04
527 3.000 1 1.000 4.37287 1.584E+10 4.329E+12 3.660E-03 1.363E-04
760 3.000 1 1.000 4.35056 1.599E+10 2.481E+12 6.444E-03 1.361E-04
412 3.000 1 1.000 4.38578 1.211E+10 3.378E+12 3.583E-03 1.047E-04
320 3.000 1 1.000 4.40935 1.048E+10 2.665E+12 3.933E-03 9.165E-05
675 3.000 1 1.000 4.35329 1.071E+10 1.083E+12 9.884E-03 9.127E-05
111 3.000 1 1.000 4.58085 9.627E+09 4.431E+13 2.173E-04 9.086E-05
419 3.000 1 1.000 4.38509 8.880E+09 3.878E+12 2.290E-03 7.679E-05
469 3.000 1 1.000 4.37854 8.417E+09 3.744E+12 2.248E-03 7.258E-05
300 3.000 1 1.000 4.43015 8.090E+09 1.022E+13 7.916E-04 7.141E-05
25 3.000 1 1.000 5.19153 5.467E+09 2.949E+14 1.854E-05 6.628E-05
504 3.000 1 1.000 4.37467 6.177E+09 1.592E+12 3.880E-03 5.315E-05
854 3.000 1 1.000 4.34773 6.110E+09 1.159E+11 5.274E-02 5.195E-05
912 3.000 1 1.000 4.34472 5.680E+09 2.562E+12 2.217E-03 4.823E-05
651 3.000 1 1.000 4.36589 5.107E+09 4.757E+12 1.074E-03 4.377E-05
975 3.000 1 1.000 4.33147 5.167E+09 1.566E+12 3.300E-03 4.360E-05
649 3.000 1 1.000 4.36666 3.723E+09 6.053E+12 6.151E-04 3.193E-05
968 3.000 1 1.000 4.33249 3.447E+09 2.581E+12 1.336E-03 2.911E-05
668 3.000 1 1.000 4.35440 3.380E+09 9.982E+11 3.386E-03 2.882E-05
972 3.000 1 1.000 4.33173 3.114E+09 1.384E+12 2.249E-03 2.628E-05
915 3.000 1 1.000 4.34412 2.904E+09 5.575E+12 5.209E-04 2.465E-05
84 5.000 1 1.000 4.60273 1.370E+09 1.854E+12 7.390E-04 2.175E-05
1127 3.000 1 1.000 4.32491 2.475E+09 1.626E+12 1.522E-03 2.082E-05
1175 3.000 1 1.000 4.31284 1.980E+09 1.819E+12 1.089E-03 1.657E-05
1129 3.000 1 1.000 4.32450 1.556E+09 3.940E+12 3.948E-04 1.308E-05
247 3.000 1 1.000 4.44101 1.462E+09 2.014E+13 7.260E-05 1.297E-05
97 5.000 1 1.000 4.59515 7.624E+08 2.430E+12 3.137E-04 1.207E-05
965 3.000 1 1.000 4.33294 1.403E+09 3.272E+12 4.289E-04 1.185E-05
101 3.000 1 1.000 4.58963 1.219E+09 3.243E+13 3.758E-05 1.155E-05
75 5.000 1 1.000 4.60499 5.754E+08 1.284E+12 4.482E-04 9.147E-06
170 5.000 1 1.000 4.46441 6.072E+08 8.408E+11 7.222E-04 9.073E-06
227 3.000 1 1.000 4.44929 9.917E+08 7.736E+12 1.282E-04 8.831E-06
104 3.000 1 1.000 4.58642 8.930E+08 3.604E+13 2.478E-05 8.448E-06
172 5.000 1 1.000 4.46351 5.486E+08 1.499E+12 3.660E-04 8.192E-06
339 5.000 1 1.000 4.40355 5.448E+08 6.085E+11 8.953E-04 7.919E-06
901 3.000 1 1.000 4.34720 8.680E+08 8.587E+10 1.011E-02 7.379E-06
552 5.000 1 1.000 4.37134 4.696E+08 5.922E+11 7.930E-04 6.727E-06
257 5.000 1 1.000 4.43786 4.546E+08 3.613E+12 1.258E-04 6.713E-06
106 5.000 1 1.000 4.58245 3.866E+08 1.417E+12 2.728E-04 6.087E-06
687 5.000 1 1.000 4.35239 3.756E+08 3.965E+11 9.474E-04 5.334E-06
494 5.000 1 1.000 4.37716 3.418E+08 1.683E+12 2.031E-04 4.910E-06
119 5.000 1 1.000 4.57539 2.880E+08 3.156E+12 9.126E-05 4.520E-06
887 3.000 1 1.000 4.34730 4.853E+08 8.398E+10 5.779E-03 4.126E-06
166 5.000 1 1.000 4.46498 2.484E+08 6.745E+11 3.683E-04 3.713E-06
72 5.000 1 1.000 4.60591 2.206E+08 9.520E+11 2.317E-04 3.507E-06
343 5.000 1 1.000 4.40320 2.392E+08 5.040E+11 4.746E-04 3.476E-06
200 3.000 1 1.000 4.45810 3.580E+08 2.234E+11 1.603E-03 3.201E-06
981 3.000 1 1.000 4.33089 3.740E+08 1.545E+12 2.420E-04 3.156E-06
780 3.000 1 1.000 4.34911 3.680E+08 4.860E+10 7.573E-03 3.131E-06
120 5.000 1 1.000 4.57534 1.760E+08 7.018E+12 2.508E-05 2.762E-06
1173 3.000 1 1.000 4.31315 2.884E+08 2.070E+12 1.393E-04 2.413E-06
908 5.000 1 1.000 4.34504 1.572E+08 1.042E+12 1.508E-04 2.225E-06
385 3.000 1 1.000 4.39909 2.519E+08 1.212E+11 2.079E-03 2.193E-06
202 3.000 1 1.000 4.45783 2.393E+08 2.245E+11 1.066E-03 2.139E-06
269 5.000 1 1.000 4.43665 1.440E+08 2.015E+12 7.144E-05 2.125E-06
272 3.000 1 1.000 4.43659 2.331E+08 2.194E+11 1.062E-03 2.064E-06
126 5.000 1 1.000 4.57383 1.308E+08 4.649E+12 2.813E-05 2.051E-06
383 3.000 1 1.000 4.39919 2.063E+08 1.195E+11 1.726E-03 1.796E-06
779 3.000 1 1.000 4.34914 1.927E+08 4.747E+10 4.059E-03 1.639E-06
1104 5.000 1 1.000 4.32606 1.158E+08 6.521E+11 1.776E-04 1.625E-06
615 3.000 1 1.000 4.36778 1.885E+08 7.278E+10 2.590E-03 1.617E-06
195 3.000 1 1.000 4.45926 1.775E+08 2.247E+11 7.899E-04 1.588E-06
196 5.000 1 1.000 4.45924 8.482E+07 5.381E+12 1.576E-05 1.264E-06
186 5.000 1 1.000 4.46053 7.646E+07 4.153E+12 1.841E-05 1.140E-06
493 3.000 1 1.000 4.37743 1.199E+08 9.641E+12 1.244E-05 1.033E-06
498 5.000 1 1.000 4.37643 7.072E+07 1.090E+12 6.488E-05 1.015E-06
613 3.000 1 1.000 4.36783 1.023E+08 7.146E+10 1.432E-03 8.777E-07
345 5.000 1 1.000 4.40267 6.006E+07 7.966E+11 7.540E-05 8.728E-07
368 3.000 1 1.000 4.40060 9.543E+07 1.222E+11 7.813E-04 8.312E-07
278 3.000 1 1.000 4.43584 8.683E+07 2.469E+11 3.517E-04 7.685E-07
131 5.000 1 1.000 4.57103 4.792E+07 3.638E+12 1.317E-05 7.505E-07
423 3.000 1 1.000 4.38427 8.553E+07 3.585E+12 2.386E-05 7.394E-07
936 3.000 1 1.000 4.34121 8.573E+07 7.188E+10 1.193E-03 7.267E-07
1138 3.000 1 1.000 4.32275 7.467E+07 4.765E+10 1.567E-03 6.275E-07
16 5.000 1 1.000 5.27181 2.846E+07 1.735E+14 1.640E-07 5.929E-07
238 5.000 1 1.000 4.44225 3.954E+07 1.005E+12 3.934E-05 5.848E-07
914 5.000 1 1.000 4.34462 3.796E+07 7.455E+11 5.092E-05 5.372E-07
584 3.000 1 1.000 4.36935 5.897E+07 7.340E+10 8.033E-04 5.063E-07
380 5.000 1 1.000 4.40022 3.440E+07 9.305E+11 3.697E-05 4.993E-07
18 5.000 1 1.000 5.23366 2.400E+07 3.543E+14 6.774E-08 4.929E-07
732 3.000 1 1.000 4.35072 5.483E+07 5.017E+10 1.093E-03 4.668E-07
115 5.000 1 1.000 4.57859 2.526E+07 2.868E+12 8.806E-06 3.971E-07
116 5.000 1 1.000 4.57849 2.318E+07 3.044E+12 7.616E-06 3.641E-07
558 5.000 1 1.000 4.37084 2.244E+07 2.705E+11 8.295E-05 3.214E-07
1107 5.000 1 1.000 4.32577 2.240E+07 5.644E+11 3.969E-05 3.143E-07
297 3.000 1 1.000 4.43037 2.895E+07 7.027E+11 4.120E-05 2.556E-07
679 3.000 1 1.000 4.35297 2.936E+07 1.985E+12 1.479E-05 2.503E-07
24 5.000 1 1.000 5.20821 9.312E+06 3.442E+14 2.706E-08 1.893E-07
22 5.000 1 1.000 5.21631 9.216E+06 3.057E+14 3.014E-08 1.880E-07
770 5.000 1 1.000 4.34958 1.264E+07 4.065E+11 3.110E-05 1.793E-07
294 3.000 1 1.000 4.43189 1.700E+07 1.199E+13 1.418E-06 1.502E-07
530 3.000 1 1.000 4.37218 1.693E+07 1.198E+11 1.414E-04 1.456E-07
483 3.000 1 1.000 4.37812 1.650E+07 1.309E+11 1.261E-04 1.422E-07
1023 3.000 1 1.000 4.32931 1.598E+07 5.221E+10 3.062E-04 1.347E-07
34 5.000 1 1.000 4.63735 6.984E+06 1.292E+13 5.406E-07 1.126E-07
776 5.000 1 1.000 4.34916 7.786E+06 5.690E+11 1.368E-05 1.104E-07
463 3.000 1 1.000 4.37862 1.153E+07 4.138E+11 2.786E-05 9.942E-08
566 5.000 1 1.000 4.37045 6.830E+06 5.710E+11 1.196E-05 9.781E-08
610 5.000 1 1.000 4.36845 6.494E+06 5.351E+11 1.214E-05 9.290E-08
38 5.000 1 1.000 4.63460 4.692E+06 1.306E+13 3.592E-07 7.556E-08
285 5.000 1 1.000 4.43452 4.814E+06 1.996E+12 2.412E-06 7.096E-08
148 5.000 1 1.000 4.47610 4.528E+06 5.218E+12 8.678E-07 6.800E-08
87 5.000 1 1.000 4.60174 4.228E+06 4.206E+13 1.005E-07 6.711E-08
254 5.000 1 1.000 4.43986 4.216E+06 9.901E+11 4.258E-06 6.231E-08
42 5.000 1 1.000 4.63065 3.638E+06 2.083E+13 1.747E-07 5.848E-08
711 5.000 1 1.000 4.35165 3.820E+06 1.813E+11 2.107E-05 5.424E-08
139 5.000 1 1.000 4.55640 2.892E+06 4.294E+12 6.734E-07 4.502E-08
321 5.000 1 1.000 4.40904 2.988E+06 2.728E+12 1.095E-06 4.355E-08
534 5.000 1 1.000 4.37207 2.848E+06 1.655E+11 1.721E-05 4.082E-08
230 5.000 1 1.000 4.44673 2.750E+06 1.130E+13 2.434E-07 4.077E-08
54 5.000 1 1.000 4.62209 2.524E+06 1.754E+13 1.439E-07 4.042E-08
47 5.000 1 1.000 4.62564 2.388E+06 1.318E+13 1.811E-07 3.830E-08
89 5.000 1 1.000 4.60101 2.376E+06 2.959E+12 8.030E-07 3.770E-08
309 5.000 1 1.000 4.42181 2.418E+06 1.359E+12 1.779E-06 3.544E-08
336 5.000 1 1.000 4.40464 2.436E+06 2.219E+11 1.098E-05 3.543E-08
655 5.000 1 1.000 4.36199 2.476E+06 8.649E+11 2.863E-06 3.531E-08
429 5.000 1 1.000 4.38138 2.226E+06 6.456E+11 3.448E-06 3.202E-08
163 5.000 1 1.000 4.46660 2.120E+06 3.176E+11 6.675E-06 3.172E-08
135 5.000 1 1.000 4.56502 1.943E+06 6.139E+12 3.165E-07 3.035E-08
510 5.000 1 1.000 4.37447 1.987E+06 1.661E+12 1.196E-06 2.850E-08
307 5.000 1 1.000 4.42206 1.938E+06 1.794E+12 1.080E-06 2.841E-08
45 5.000 1 1.000 4.62759 1.769E+06 4.369E+13 4.049E-08 2.840E-08
1102 5.000 1 1.000 4.32635 1.914E+06 1.005E+12 1.904E-06 2.686E-08
100 5.000 1 1.000 4.59129 1.665E+06 7.338E+13 2.268E-08 2.630E-08
432 5.000 1 1.000 4.38121 1.641E+06 6.254E+12 2.625E-07 2.362E-08
178 5.000 1 1.000 4.46231 1.549E+06 1.158E+12 1.338E-06 2.312E-08
833 5.000 1 1.000 4.34865 1.525E+06 4.726E+11 3.226E-06 2.161E-08
985 5.000 1 1.000 4.33037 1.490E+06 5.225E+11 2.851E-06 2.094E-08
246 5.000 1 1.000 4.44118 1.402E+06 1.199E+12 1.169E-06 2.073E-08
66 5.000 1 1.000 4.60792 1.260E+06 1.906E+13 6.611E-08 2.006E-08
151 5.000 1 1.000 4.47454 1.292E+06 5.285E+12 2.444E-07 1.939E-08
669 5.000 1 1.000 4.35426 1.354E+06 1.111E+12 1.219E-06 1.924E-08
62 5.000 1 1.000 4.60936 1.202E+06 3.479E+11 3.453E-06 1.914E-08
686 5.000 1 1.000 4.35249 1.282E+06 2.557E+12 5.015E-07 1.821E-08
249 5.000 1 1.000 4.44092 9.920E+05 1.376E+12 7.210E-07 1.467E-08
988 5.000 1 1.000 4.33025 9.408E+05 3.566E+11 2.639E-06 1.322E-08
1070 3.000 1 1.000 4.32890 1.514E+06 5.262E+10 2.877E-05 1.276E-08
1179 5.000 1 1.000 4.31156 8.634E+05 3.551E+11 2.431E-06 1.203E-08
156 5.000 1 1.000 4.47174 7.542E+05 2.208E+13 3.416E-08 1.131E-08
791 5.000 1 1.000 4.34900 7.946E+05 3.892E+11 2.041E-06 1.127E-08
672 5.000 1 1.000 4.35387 7.742E+05 2.228E+12 3.474E-07 1.100E-08
837 5.000 1 1.000 4.34835 7.108E+05 3.987E+11 1.783E-06 1.007E-08
683 5.000 1 1.000 4.35281 7.046E+05 1.186E+11 5.943E-06 1.001E-08
1100 5.000 1 1.000 4.32743 7.046E+05 2.585E+12 2.726E-07 9.891E-09
67 5.000 1 1.000 4.60732 5.752E+05 1.647E+13 3.492E-08 9.152E-09
157 5.000 1 1.000 4.47149 5.842E+05 5.410E+12 1.080E-07 8.757E-09
1094 3.000 1 1.000 4.32883 1.006E+06 5.373E+10 1.872E-05 8.475E-09
886 5.000 1 1.000 4.34731 5.708E+05 2.089E+12 2.733E-07 8.086E-09
653 5.000 1 1.000 4.36206 5.432E+05 8.556E+11 6.349E-07 7.748E-09
525 5.000 1 1.000 4.37325 5.160E+05 3.879E+12 1.330E-07 7.398E-09
526 5.000 1 1.000 4.37290 5.086E+05 2.274E+12 2.237E-07 7.291E-09
95 5.000 1 1.000 4.59795 4.540E+05 2.951E+13 1.539E-08 7.194E-09
237 5.000 1 1.000 4.44247 4.626E+05 3.082E+13 1.501E-08 6.844E-09
137 5.000 1 1.000 4.55819 4.280E+05 4.559E+12 9.388E-08 6.666E-09
892 5.000 1 1.000 4.34727 4.628E+05 1.691E+12 2.737E-07 6.555E-09
49 5.000 1 1.000 4.62505 4.086E+05 2.905E+13 1.406E-08 6.553E-09
53 5.000 1 1.000 4.62329 3.814E+05 3.765E+13 1.013E-08 6.112E-09
492 3.000 1 1.000 4.37797 6.897E+05 1.437E+11 4.799E-06 5.944E-09
325 5.000 1 1.000 4.40779 3.698E+05 2.728E+12 1.356E-07 5.386E-09
983 5.000 1 1.000 4.33043 3.580E+05 4.887E+11 7.325E-07 5.033E-09
329 5.000 1 1.000 4.40645 3.454E+05 1.089E+13 3.171E-08 5.029E-09
360 5.000 1 1.000 4.40129 3.264E+05 5.545E+11 5.886E-07 4.739E-09
990 5.000 1 1.000 4.33006 3.260E+05 2.906E+11 1.122E-06 4.582E-09
931 5.000 1 1.000 4.34236 3.240E+05 7.485E+11 4.329E-07 4.579E-09
214 5.000 1 1.000 4.45240 2.290E+05 5.944E+12 3.852E-08 3.404E-09
407 5.000 1 1.000 4.38965 2.318E+05 3.933E+12 5.894E-08 3.349E-09
1177 5.000 1 1.000 4.31158 2.030E+05 3.851E+11 5.271E-07 2.829E-09
678 5.000 1 1.000 4.35310 1.954E+05 2.788E+12 7.007E-08 2.775E-09
79 5.000 1 1.000 4.60420 1.639E+05 1.626E+13 1.008E-08 2.604E-09
424 5.000 1 1.000 4.38272 1.741E+05 2.857E+12 6.093E-08 2.506E-09
528 5.000 1 1.000 4.37254 1.709E+05 6.401E+12 2.669E-08 2.449E-09
935 5.000 1 1.000 4.34161 1.553E+05 1.379E+12 1.125E-07 2.194E-09
222 5.000 1 1.000 4.45050 1.320E+05 6.618E+12 1.994E-08 1.960E-09
26 3.000 1 1.000 4.65809 1.997E+05 1.724E+13 1.159E-08 1.949E-09
445 5.000 1 1.000 4.38009 1.286E+05 5.414E+11 2.376E-07 1.850E-09
524 5.000 1 1.000 4.37332 1.208E+05 1.600E+12 7.550E-08 1.731E-09
766 5.000 1 1.000 4.34989 1.090E+05 2.303E+11 4.735E-07 1.547E-09
332 5.000 1 1.000 4.40574 1.058E+05 2.638E+12 4.009E-08 1.539E-09
1133 5.000 1 1.000 4.32347 1.022E+05 5.041E+11 2.027E-07 1.432E-09
1137 5.000 1 1.000 4.32297 9.718E+04 1.003E+12 9.689E-08 1.362E-09
1001 5.000 1 1.000 4.32956 8.850E+04 2.959E+11 2.991E-07 1.244E-09
903 5.000 1 1.000 4.34705 8.564E+04 1.608E+12 5.327E-08 1.213E-09
482 5.000 1 1.000 4.37821 7.964E+04 1.070E+13 7.445E-09 1.144E-09
437 5.000 1 1.000 4.38087 7.250E+04 6.380E+11 1.136E-07 1.043E-09
205 5.000 1 1.000 4.45759 6.740E+04 1.090E+13 6.184E-09 1.004E-09
161 5.000 1 1.000 4.46914 6.698E+04 1.889E+13 3.545E-09 1.003E-09
234 5.000 1 1.000 4.44412 6.570E+04 8.763E+12 7.498E-09 9.726E-10
296 5.000 1 1.000 4.43169 6.428E+04 4.157E+12 1.546E-08 9.465E-10
963 5.000 1 1.000 4.33307 6.318E+04 1.428E+12 4.423E-08 8.892E-10
516 5.000 1 1.000 4.37428 6.156E+04 1.110E+12 5.547E-08 8.831E-10
50 3.000 1 1.000 4.62463 9.033E+04 1.668E+13 5.416E-09 8.689E-10
605 5.000 1 1.000 4.36903 5.996E+04 3.198E+11 1.875E-07 8.579E-10
31 5.000 1 1.000 4.64663 4.946E+04 3.918E+13 1.262E-09 8.006E-10
140 3.000 1 1.000 4.48413 8.813E+04 6.764E+12 1.303E-08 7.970E-10
322 5.000 1 1.000 4.40896 4.920E+04 6.928E+12 7.102E-09 7.169E-10
716 5.000 1 1.000 4.35145 5.024E+04 2.819E+11 1.782E-07 7.131E-10
677 5.000 1 1.000 4.35314 4.928E+04 1.077E+12 4.575E-08 7.000E-10
500 5.000 1 1.000 4.37562 4.770E+04 1.943E+12 2.455E-08 6.847E-10
441 5.000 1 1.000 4.38057 4.388E+04 7.285E+11 6.023E-08 6.312E-10
682 5.000 1 1.000 4.35282 4.238E+04 2.798E+12 1.515E-08 6.019E-10
226 5.000 1 1.000 4.44968 3.552E+04 7.822E+12 4.541E-09 5.271E-10
870 5.000 1 1.000 4.34746 3.304E+04 1.972E+11 1.676E-07 4.681E-10
103 5.000 1 1.000 4.58644 2.798E+04 3.546E+13 7.890E-10 4.412E-10
551 5.000 1 1.000 4.37151 3.054E+04 1.458E+12 2.094E-08 4.376E-10
724 5.000 1 1.000 4.35114 2.986E+04 3.364E+12 8.877E-09 4.238E-10
314 3.000 1 1.000 4.41301 4.683E+04 3.397E+12 1.379E-08 4.102E-10
213 3.000 1 1.000 4.45485 4.350E+04 6.982E+12 6.231E-09 3.884E-10
913 5.000 1 1.000 4.34462 2.618E+04 6.716E+12 3.898E-09 3.706E-10
30 3.000 1 1.000 4.64850 3.260E+04 3.945E+13 8.264E-10 3.168E-10
490 5.000 1 1.000 4.37799 1.681E+04 6.180E+10 2.720E-07 2.415E-10
497 3.000 1 1.000 4.37672 2.724E+04 1.963E+12 1.387E-08 2.347E-10
456 5.000 1 1.000 4.37877 1.397E+04 4.060E+12 3.441E-09 2.008E-10
418 3.000 1 1.000 4.38518 2.321E+04 3.529E+12 6.577E-09 2.007E-10
338 5.000 1 1.000 4.40433 1.357E+04 9.924E+12 1.367E-09 1.973E-10
1128 5.000 1 1.000 4.32483 1.396E+04 4.183E+12 3.338E-09 1.958E-10
295 5.000 1 1.000 4.43185 1.306E+04 1.118E+13 1.169E-09 1.924E-10
488 5.000 1 1.000 4.37809 1.283E+04 1.340E+12 9.578E-09 1.844E-10
378 5.000 1 1.000 4.40038 1.250E+04 6.262E+10 1.995E-07 1.814E-10
709 5.000 1 1.000 4.35166 1.254E+04 2.321E+12 5.403E-09 1.780E-10
664 3.000 1 1.000 4.35566 1.794E+04 1.261E+12 1.423E-08 1.531E-10
485 5.000 1 1.000 4.37811 8.620E+03 6.219E+10 1.386E-07 1.238E-10
422 5.000 1 1.000 4.38461 7.840E+03 3.661E+12 2.142E-09 1.130E-10
409 5.000 1 1.000 4.38852 7.662E+03 5.095E+12 1.504E-09 1.106E-10
999 5.000 1 1.000 4.32971 7.588E+03 3.590E+11 2.114E-08 1.066E-10
772 3.000 1 1.000 4.34954 1.235E+04 1.923E+12 6.419E-09 1.050E-10
979 5.000 1 1.000 4.33121 7.270E+03 1.579E+12 4.603E-09 1.022E-10
719 5.000 1 1.000 4.35141 7.022E+03 9.956E+11 7.053E-09 9.968E-11
55 3.000 1 1.000 4.62015 9.840E+03 2.696E+13 3.650E-10 9.447E-11
902 5.000 1 1.000 4.34720 6.410E+03 3.635E+10 1.763E-07 9.081E-11
282 3.000 1 1.000 4.43560 1.023E+04 2.474E+11 4.136E-08 9.057E-11
144 3.000 1 1.000 4.48031 9.367E+03 1.494E+13 6.271E-10 8.458E-11
560 5.000 1 1.000 4.37067 5.656E+03 5.367E+12 1.054E-09 8.100E-11
472 5.000 1 1.000 4.37842 5.086E+03 8.791E+11 5.785E-09 7.309E-11
1097 3.000 1 1.000 4.32879 8.667E+03 1.223E+12 7.085E-09 7.306E-11
145 5.000 1 1.000 4.47853 4.334E+03 1.492E+13 2.905E-10 6.515E-11
56 5.000 1 1.000 4.61077 4.032E+03 3.693E+13 1.092E-10 6.426E-11
725 5.000 1 1.000 4.35097 4.412E+03 2.109E+12 2.092E-09 6.260E-11
910 5.000 1 1.000 4.34486 4.342E+03 2.495E+12 1.740E-09 6.144E-11
542 5.000 1 1.000 4.37185 4.194E+03 6.311E+10 6.646E-08 6.009E-11
470 5.000 1 1.000 4.37852 3.872E+03 6.227E+10 6.218E-08 5.566E-11
943 5.000 1 1.000 4.34100 3.854E+03 3.695E+10 1.043E-07 5.443E-11
863 5.000 1 1.000 4.34767 3.830E+03 3.652E+10 1.049E-07 5.426E-11
421 5.000 1 1.000 4.38500 3.284E+03 3.734E+12 8.794E-10 4.733E-11
761 5.000 1 1.000 4.35040 3.286E+03 4.202E+12 7.821E-10 4.662E-11
650 5.000 1 1.000 4.36664 2.898E+03 5.680E+12 5.102E-10 4.141E-11
1145 5.000 1 1.000 4.32262 2.780E+03 2.360E+10 1.178E-07 3.894E-11
966 5.000 1 1.000 4.33293 2.708E+03 2.978E+12 9.094E-10 3.811E-11
1174 5.000 1 1.000 4.31314 2.250E+03 1.901E+12 1.184E-09 3.138E-11
506 5.000 1 1.000 4.37456 1.810E+03 1.411E+11 1.283E-08 2.597E-11
317 3.000 1 1.000 4.41070 2.875E+03 7.015E+12 4.099E-10 2.516E-11
1126 5.000 1 1.000 4.32499 1.723E+03 1.514E+12 1.137E-09 2.415E-11
1096 5.000 1 1.000 4.32882 1.498E+03 2.394E+10 6.256E-08 2.104E-11
855 5.000 1 1.000 4.34773 1.396E+03 7.680E+10 1.818E-08 1.978E-11
531 5.000 1 1.000 4.37215 1.221E+03 1.212E+11 1.008E-08 1.750E-11
789 5.000 1 1.000 4.34901 1.051E+03 2.571E+10 4.089E-08 1.491E-11
1084 5.000 1 1.000 4.32887 1.061E+03 2.371E+10 4.474E-08 1.490E-11
298 5.000 1 1.000 4.43031 9.854E+02 2.390E+11 4.124E-09 1.450E-11
58 3.000 1 1.000 4.60969 1.408E+03 1.361E+12 1.035E-09 1.346E-11
758 5.000 1 1.000 4.35062 9.318E+02 2.364E+10 3.942E-08 1.322E-11
602 5.000 1 1.000 4.36920 8.796E+02 3.672E+10 2.395E-08 1.259E-11
973 5.000 1 1.000 4.33166 8.762E+02 1.495E+12 5.862E-10 1.232E-11
795 5.000 1 1.000 4.34899 6.716E+02 2.363E+10 2.842E-08 9.522E-12
842 5.000 1 1.000 4.34794 6.480E+02 7.529E+10 8.606E-09 9.183E-12
666 5.000 1 1.000 4.35456 5.906E+02 1.238E+12 4.770E-10 8.394E-12
413 5.000 1 1.000 4.38562 5.738E+02 3.798E+12 1.511E-10 8.272E-12
452 5.000 1 1.000 4.37899 5.740E+02 1.816E+11 3.161E-09 8.251E-12
501 3.000 1 1.000 4.37498 8.973E+02 3.770E+12 2.380E-10 7.726E-12
980 5.000 1 1.000 4.33103 5.366E+02 1.650E+12 3.252E-10 7.546E-12
124 3.000 1 1.000 4.57467 6.943E+02 3.120E+12 2.226E-10 6.534E-12
217 3.000 1 1.000 4.45194 7.283E+02 9.614E+12 7.576E-11 6.493E-12
495 3.000 1 1.000 4.37690 7.437E+02 7.846E+11 9.478E-10 6.408E-12
27 5.000 1 1.000 4.65687 3.414E+02 1.724E+13 1.980E-11 5.549E-12
464 5.000 1 1.000 4.37862 3.852E+02 2.682E+11 1.436E-09 5.536E-12
162 3.000 1 1.000 4.46680 6.033E+02 2.959E+11 2.039E-09 5.414E-12
937 5.000 1 1.000 4.34119 3.780E+02 7.127E+10 5.304E-09 5.341E-12
59 3.000 1 1.000 4.60968 5.450E+02 1.984E+13 2.747E-11 5.210E-12
315 5.000 1 1.000 4.41190 3.506E+02 3.382E+12 1.037E-10 5.117E-12
1140 5.000 1 1.000 4.32274 3.538E+02 4.750E+10 7.449E-09 4.955E-12
265 3.000 1 1.000 4.43728 5.443E+02 1.535E+12 3.546E-10 4.820E-12
1034 5.000 1 1.000 4.32927 3.378E+02 2.404E+10 1.405E-08 4.747E-12
279 5.000 1 1.000 4.43582 3.194E+02 2.443E+11 1.308E-09 4.710E-12
670 3.000 1 1.000 4.35418 5.130E+02 2.471E+12 2.076E-10 4.375E-12
736 5.000 1 1.000 4.35066 3.050E+02 5.499E+10 5.547E-09 4.329E-12
386 5.000 1 1.000 4.39907 2.632E+02 1.196E+11 2.200E-09 3.818E-12
197 5.000 1 1.000 4.45914 2.542E+02 2.211E+11 1.150E-09 3.790E-12
215 5.000 1 1.000 4.45235 2.432E+02 1.440E+13 1.689E-11 3.614E-12
204 5.000 1 1.000 4.45778 2.244E+02 2.225E+11 1.009E-09 3.341E-12
769 3.000 1 1.000 4.34976 3.860E+02 4.061E+11 9.506E-10 3.284E-12
335 3.000 1 1.000 4.40475 3.497E+02 1.934E+11 1.808E-09 3.050E-12
616 5.000 1 1.000 4.36777 2.080E+02 7.163E+10 2.904E-09 2.976E-12
373 5.000 1 1.000 4.40050 2.028E+02 1.194E+11 1.699E-09 2.945E-12
836 3.000 1 1.000 4.34838 3.127E+02 4.436E+11 7.050E-10 2.660E-12
729 5.000 1 1.000 4.35078 1.717E+02 6.246E+10 2.750E-09 2.437E-12
92 3.000 1 1.000 4.60063 2.484E+02 3.034E+12 8.189E-11 2.365E-12
1110 5.000 1 1.000 4.32519 1.558E+02 1.085E+11 1.437E-09 2.185E-12
250 3.000 1 1.000 4.44091 2.418E+02 5.408E+12 4.472E-11 2.145E-12
589 5.000 1 1.000 4.36928 1.474E+02 7.287E+10 2.023E-09 2.109E-12
220 5.000 1 1.000 4.45122 1.391E+02 8.605E+12 1.617E-11 2.066E-12
781 5.000 1 1.000 4.34911 1.406E+02 4.706E+10 2.987E-09 1.993E-12
917 5.000 1 1.000 4.34362 1.377E+02 1.047E+11 1.316E-09 1.948E-12
533 3.000 1 1.000 4.37212 2.130E+02 1.339E+11 1.590E-09 1.831E-12
909 3.000 1 1.000 4.34494 1.949E+02 4.911E+11 3.968E-10 1.655E-12
274 5.000 1 1.000 4.43645 1.047E+02 2.225E+11 4.707E-10 1.545E-12
130 3.000 1 1.000 4.57152 1.567E+02 3.168E+12 4.945E-11 1.473E-12
561 3.000 1 1.000 4.37063 1.675E+02 3.886E+12 4.310E-11 1.439E-12
893 5.000 1 1.000 4.34727 9.830E+01 3.654E+10 2.690E-09 1.393E-12
799 3.000 1 1.000 4.34898 1.602E+02 3.519E+11 4.554E-10 1.363E-12
681 3.000 1 1.000 4.35283 1.407E+02 9.866E+10 1.426E-09 1.199E-12
1105 3.000 1 1.000 4.32600 1.394E+02 3.453E+11 4.037E-10 1.173E-12
393 5.000 1 1.000 4.39885 7.962E+01 6.308E+10 1.262E-09 1.155E-12
1072 5.000 1 1.000 4.32889 8.064E+01 5.139E+10 1.569E-09 1.133E-12
970 5.000 1 1.000 4.33189 7.062E+01 2.497E+12 2.828E-11 9.935E-13
179 3.000 1 1.000 4.46206 1.062E+02 1.275E+12 8.325E-11 9.507E-13
960 3.000 1 1.000 4.33515 9.640E+01 2.219E+12 4.345E-11 8.149E-13
620 5.000 1 1.000 4.36769 5.510E+01 7.301E+10 7.547E-10 7.880E-13
1038 5.000 1 1.000 4.32913 5.604E+01 7.177E+10 7.808E-10 7.874E-13
1054 5.000 1 1.000 4.32894 5.376E+01 6.301E+10 8.532E-10 7.553E-13
174 3.000 1 1.000 4.46340 8.287E+01 9.841E+11 8.420E-11 7.424E-13
623 5.000 1 1.000 4.36762 4.832E+01 3.690E+10 1.310E-09 6.910E-13
253 3.000 1 1.000 4.43989 7.737E+01 1.060E+12 7.300E-11 6.861E-13
831 3.000 1 1.000 4.34873 7.890E+01 4.093E+11 1.928E-10 6.712E-13
262 5.000 1 1.000 4.43735 4.238E+01 2.253E+11 1.881E-10 6.254E-13
122 3.000 1 1.000 4.57499 6.413E+01 2.294E+12 2.796E-11 6.038E-13
425 3.000 1 1.000 4.38255 6.463E+01 4.509E+12 1.434E-11 5.583E-13
114 3.000 1 1.000 4.57957 5.893E+01 1.651E+12 3.569E-11 5.560E-13
1170 3.000 1 1.000 4.31451 6.370E+01 1.384E+12 4.603E-11 5.332E-13
390 5.000 1 1.000 4.39892 3.510E+01 1.200E+11 2.926E-10 5.091E-13
96 3.000 1 1.000 4.59550 5.123E+01 2.407E+12 2.128E-11 4.867E-13
256 3.000 1 1.000 4.43858 5.237E+01 2.664E+12 1.966E-11 4.639E-13
71 3.000 1 1.000 4.60591 4.770E+01 5.173E+11 9.220E-11 4.550E-13
41 3.000 1 1.000 4.63078 4.677E+01 2.088E+13 2.239E-12 4.512E-13
444 3.000 1 1.000 4.38011 4.933E+01 5.840E+11 8.448E-11 4.257E-13
1000 3.000 1 1.000 4.32959 4.953E+01 3.838E+11 1.291E-10 4.178E-13
290 5.000 1 1.000 4.43266 2.800E+01 2.385E+11 1.174E-10 4.124E-13
361 3.000 1 1.000 4.40115 4.690E+01 6.551E+11 7.159E-11 4.087E-13
905 3.000 1 1.000 4.34692 4.187E+01 2.455E+12 1.706E-11 3.557E-13
536 5.000 1 1.000 4.37195 2.108E+01 1.549E+11 1.361E-10 3.022E-13
442 3.000 1 1.000 4.38043 3.430E+01 5.656E+11 6.064E-11 2.960E-13
190 5.000 1 1.000 4.45961 1.984E+01 2.251E+11 8.812E-11 2.957E-13
562 5.000 1 1.000 4.37057 1.834E+01 1.263E+11 1.452E-10 2.627E-13
141 5.000 1 1.000 4.48299 1.719E+01 6.767E+12 2.540E-12 2.589E-13
1004 5.000 1 1.000 4.32950 1.827E+01 5.067E+10 3.606E-10 2.567E-13
607 3.000 1 1.000 4.36894 2.725E+01 3.926E+11 6.941E-11 2.340E-13
1142 5.000 1 1.000 4.32268 1.497E+01 6.388E+10 2.343E-10 2.097E-13
1022 5.000 1 1.000 4.32931 1.378E+01 5.110E+10 2.696E-10 1.936E-13
302 5.000 1 1.000 4.42983 1.306E+01 2.697E+11 4.842E-11 1.921E-13
251 3.000 1 1.000 4.44045 2.110E+01 1.765E+12 1.196E-11 1.872E-13
838 3.000 1 1.000 4.34824 2.006E+01 3.495E+11 5.741E-11 1.706E-13
138 3.000 1 1.000 4.55788 1.780E+01 4.962E+12 3.587E-12 1.663E-13
992 3.000 1 1.000 4.32994 1.952E+01 3.087E+11 6.325E-11 1.646E-13
284 3.000 1 1.000 4.43483 1.704E+01 1.585E+12 1.075E-11 1.507E-13
969 5.000 1 1.000 4.33247 1.008E+01 1.789E+12 5.634E-12 1.418E-13
168 3.000 1 1.000 4.46493 1.374E+01 3.956E+11 3.473E-11 1.232E-13
1103 3.000 1 1.000 4.32627 1.454E+01 1.590E+12 9.147E-12 1.224E-13
721 3.000 1 1.000 4.35120 1.407E+01 3.890E+11 3.617E-11 1.198E-13
786 5.000 1 1.000 4.34906 7.930E+00 5.056E+10 1.568E-10 1.124E-13
940 5.000 1 1.000 4.34109 7.464E+00 9.634E+10 7.748E-11 1.054E-13
287 3.000 1 1.000 4.43416 1.151E+01 1.324E+12 8.694E-12 1.018E-13
367 3.000 1 1.000 4.40061 1.153E+01 8.603E+11 1.340E-11 1.004E-13
346 3.000 1 1.000 4.40227 1.146E+01 6.451E+11 1.776E-11 9.987E-14
608 3.000 1 1.000 4.36872 9.790E+00 4.446E+11 2.202E-11 8.404E-14
438 3.000 1 1.000 4.38087 7.997E+00 5.609E+11 1.426E-11 6.902E-14
671 3.000 1 1.000 4.35397 7.550E+00 2.214E+12 3.410E-12 6.437E-14
133 3.000 1 1.000 4.56993 6.613E+00 2.776E+12 2.382E-12 6.213E-14
181 3.000 1 1.000 4.46087 6.457E+00 3.457E+12 1.868E-12 5.780E-14
410 5.000 1 1.000 4.38615 3.738E+00 7.098E+12 5.266E-13 5.392E-14
81 3.000 1 1.000 4.60386 5.583E+00 1.643E+12 3.399E-12 5.323E-14
580 5.000 1 1.000 4.36945 3.640E+00 7.401E+10 4.918E-11 5.208E-14
628 5.000 1 1.000 4.36759 2.780E+00 3.682E+10 7.551E-11 3.974E-14
308 3.000 1 1.000 4.42197 4.463E+00 2.056E+12 2.171E-12 3.925E-14
349 5.000 1 1.000 4.40192 2.694E+00 1.232E+11 2.187E-11 3.915E-14
273 5.000 1 1.000 4.43658 2.306E+00 2.221E+11 1.038E-11 3.404E-14
518 3.000 1 1.000 4.37407 3.860E+00 7.688E+11 5.021E-12 3.322E-14
654 3.000 1 1.000 4.36199 3.305E+00 1.158E+12 2.855E-12 2.828E-14
575 3.000 1 1.000 4.37018 2.479E+00 4.682E+11 5.295E-12 2.129E-14
768 3.000 1 1.000 4.34983 2.490E+00 2.920E+11 8.528E-12 2.119E-14
511 3.000 1 1.000 4.37441 2.373E+00 8.608E+11 2.757E-12 2.042E-14
397 5.000 1 1.000 4.39878 1.403E+00 6.280E+10 2.234E-11 2.035E-14
991 3.000 1 1.000 4.33005 2.101E+00 3.081E+11 6.820E-12 1.772E-14
557 3.000 1 1.000 4.37089 1.871E+00 1.733E+11 1.079E-11 1.607E-14
984 3.000 1 1.000 4.33038 1.632E+00 6.240E+11 2.615E-12 1.376E-14
688 5.000 1 1.000 4.35193 9.014E-01 3.607E+12 2.499E-13 1.280E-14
1178 3.000 1 1.000 4.31157 1.277E+00 4.576E+11 2.791E-12 1.068E-14
1135 3.000 1 1.000 4.32341 9.647E-01 3.503E+11 2.754E-12 8.109E-15
1132 3.000 1 1.000 4.32352 9.553E-01 3.715E+11 2.572E-12 8.031E-15
1007 3.000 1 1.000 4.32946 8.177E-01 2.635E+11 3.103E-12 6.894E-15
708 3.000 1 1.000 4.35167 7.547E-01 1.241E+11 6.083E-12 6.429E-15
245 3.000 1 1.000 4.44121 6.560E-01 1.095E+12 5.993E-13 5.821E-15
933 3.000 1 1.000 4.34228 6.210E-01 4.535E+11 1.369E-12 5.267E-15
690 5.000 1 1.000 4.35189 3.656E-01 4.249E+11 8.603E-13 5.189E-15
897 5.000 1 1.000 4.34725 2.998E-01 2.395E+10 1.252E-11 4.249E-15
930 3.000 1 1.000 4.34245 4.900E-01 5.422E+11 9.038E-13 4.155E-15
788 3.000 1 1.000 4.34901 4.687E-01 2.420E+10 1.937E-11 3.988E-15
1090 5.000 1 1.000 4.32886 1.769E-01 1.590E+10 1.112E-11 2.485E-15
364 5.000 1 1.000 4.40078 1.577E-01 1.219E+11 1.294E-12 2.290E-15
1095 3.000 1 1.000 4.32882 2.404E-01 2.404E+10 1.000E-11 2.026E-15
447 3.000 1 1.000 4.37981 2.109E-01 5.431E+11 3.883E-13 1.819E-15
118 3.000 1 1.000 4.57831 1.565E-01 2.260E+12 6.928E-14 1.476E-15
406 3.000 1 1.000 4.38977 1.595E-01 3.938E+12 4.050E-14 1.383E-15
962 3.000 1 1.000 4.33315 1.355E-01 1.398E+12 9.692E-14 1.144E-15
207 5.000 1 1.000 4.45749 7.196E-02 2.215E+11 3.249E-13 1.072E-15
182 5.000 1 1.000 4.46077 6.418E-02 2.285E+11 2.808E-13 9.574E-16
311 5.000 1 1.000 4.41747 4.730E-02 2.512E+11 1.883E-13 6.918E-16
342 3.000 1 1.000 4.40335 7.240E-02 2.556E+11 2.832E-13 6.315E-16
128 3.000 1 1.000 4.57300 5.450E-02 2.031E+12 2.683E-14 5.127E-16
489 3.000 1 1.000 4.37800 2.877E-02 6.182E+10 4.654E-13 2.480E-16
192 3.000 1 1.000 4.45948 2.029E-02 6.079E+12 3.338E-15 1.815E-16
657 5.000 1 1.000 4.35985 9.900E-03 1.430E+11 6.921E-14 1.411E-16
392 3.000 1 1.000 4.39885 8.970E-03 6.310E+10 1.422E-13 7.806E-17
622 3.000 1 1.000 4.36763 6.007E-03 3.691E+10 1.627E-13 5.153E-17
1181 5.000 1 1.000 4.31081 2.146E-03 5.905E+10 3.634E-14 2.990E-17
900 3.000 1 1.000 4.34720 2.993E-04 3.636E+10 8.231E-15 2.544E-18
629 5.000 1 1.000 4.36759 3.858E-05 2.416E+10 1.597E-15 5.517E-19
796 5.000 1 1.000 4.34899 1.508E-06 1.528E+10 9.869E-17 2.138E-20
