!@# 6 5.00 10.0 30.0 100. 300. 0.100E+04
i j E(eV) a0 a1 a2
1 98 1194.586483 1.520E-09 3.598E+02 -3.061E+00
6 98 279.994921 2.176E-12 1.181E+02 -2.624E+00
12 98 123.572413 1.709E-13 4.557E+01 -2.462E+00
22 98 69.265950 3.965E-14 2.265E+01 -2.386E+00
36 98 44.230586 1.479E-14 1.323E+01 -2.344E+00
54 98 30.660175 7.083E-15 8.622E+00 -2.318E+00
92 98 22.476184 3.914E-15 6.056E+00 -2.299E+00
2 98 290.544672 1.060E-12 1.188E+02 -2.672E+00
8 98 126.599271 6.171E-14 4.307E+01 -2.473E+00
13 98 122.498531 1.674E-09 4.654E+01 -4.365E+00
18 98 70.571847 1.371E-14 2.122E+01 -2.391E+00
23 98 68.889933 3.125E-10 4.855E+01 -4.213E+00
32 98 44.927147 5.046E-15 1.236E+01 -2.348E+00
37 98 44.078557 6.454E-11 4.200E+01 -4.074E+00
50 98 31.088274 2.403E-15 8.042E+00 -2.321E+00
59 98 30.601986 1.752E-11 3.561E+01 -3.961E+00
72 98 22.779053 1.323E-15 5.581E+00 -2.303E+00
93 98 22.475660 6.164E-12 3.061E+01 -3.875E+00
3 98 280.770620 5.982E-10 8.437E+01 -3.606E+00
9 98 123.892386 3.641E-11 7.038E+01 -3.393E+00
19 98 69.448026 3.972E-12 4.743E+01 -3.211E+00
33 98 44.352339 8.272E-13 3.345E+01 -3.087E+00
51 98 30.752989 2.583E-13 2.495E+01 -3.001E+00
73 98 22.562931 1.035E-13 1.943E+01 -2.937E+00
4 98 280.669830 2.681E-10 8.458E+01 -3.609E+00
7 98 272.650209 2.431E-10 8.442E+01 -3.566E+00
10 98 123.863028 1.613E-11 7.032E+01 -3.395E+00
17 98 121.477315 1.922E-11 7.206E+01 -3.386E+00
20 98 69.435766 1.759E-12 4.740E+01 -3.212E+00
31 98 68.388299 2.191E-12 4.852E+01 -3.209E+00
34 98 44.346115 3.664E-13 3.344E+01 -3.089E+00
49 98 43.780050 4.619E-13 3.417E+01 -3.087E+00
52 98 30.749418 1.145E-13 2.495E+01 -3.003E+00
71 98 30.396878 1.450E-13 2.549E+01 -3.001E+00
74 98 22.560715 4.587E-14 1.943E+01 -2.938E+00
97 98 22.305795 5.814E-14 1.991E+01 -2.937E+00
5 98 280.460644 2.444E-10 8.429E+01 -3.610E+00
11 98 123.802075 1.484E-11 7.030E+01 -3.397E+00
21 98 69.410355 1.616E-12 4.739E+01 -3.214E+00
26 98 68.875644 7.278E-09 3.359E+01 -5.181E+00
35 98 44.333240 3.362E-13 3.344E+01 -3.091E+00
39 98 44.075201 2.798E-09 3.709E+01 -5.072E+00
53 98 30.742052 1.050E-13 2.496E+01 -3.004E+00
55 98 30.603210 9.421E-10 3.564E+01 -4.966E+00
75 98 22.556166 4.192E-14 1.943E+01 -2.940E+00
76 98 22.480024 3.945E-10 3.375E+01 -4.893E+00
14 98 122.488935 1.146E-09 4.660E+01 -4.367E+00
16 98 122.386911 1.388E-09 4.670E+01 -4.368E+00
24 98 68.885710 2.164E-10 4.857E+01 -4.214E+00
30 98 68.830152 2.560E-10 4.865E+01 -4.216E+00
38 98 44.076366 4.488E-11 4.201E+01 -4.074E+00
48 98 44.044501 5.259E-11 4.207E+01 -4.075E+00
66 98 30.600708 1.222E-11 3.562E+01 -3.962E+00
70 98 30.580818 1.424E-11 3.566E+01 -3.963E+00
94 98 22.474848 4.310E-12 3.062E+01 -3.876E+00
96 98 22.461286 4.996E-12 3.065E+01 -3.877E+00
15 98 122.469438 1.092E-09 4.661E+01 -4.368E+00
25 98 68.877740 2.035E-10 4.859E+01 -4.216E+00
43 98 44.072340 4.195E-11 4.203E+01 -4.076E+00
41 98 44.072992 4.152E-08 2.798E+01 -6.060E+00
69 98 30.598394 1.139E-11 3.564E+01 -3.963E+00
57 98 30.602201 2.428E-08 3.067E+01 -5.969E+00
95 98 22.473399 4.003E-12 3.063E+01 -3.877E+00
78 98 22.479621 1.052E-08 3.056E+01 -5.866E+00
27 98 68.875401 5.202E-09 3.359E+01 -5.181E+00
29 98 68.869086 7.006E-09 3.364E+01 -5.183E+00
40 98 44.075008 2.002E-09 3.709E+01 -5.072E+00
45 98 44.071723 2.690E-09 3.713E+01 -5.074E+00
56 98 30.603075 6.748E-10 3.564E+01 -4.966E+00
61 98 30.601143 8.986E-10 3.563E+01 -4.967E+00
77 98 22.479929 2.828E-10 3.375E+01 -4.893E+00
85 98 22.478685 3.853E-10 3.384E+01 -4.898E+00
28 98 68.869443 5.452E-09 3.364E+01 -5.183E+00
44 98 44.072024 2.095E-09 3.713E+01 -5.074E+00
60 98 30.601359 7.003E-10 3.563E+01 -4.967E+00
62 98 30.601117 3.035E-07 2.502E+01 -7.013E+00
84 98 22.478840 3.005E-10 3.384E+01 -4.898E+00
80 98 22.478931 1.402E-07 2.573E+01 -6.836E+00
42 98 44.072991 3.229E-08 2.798E+01 -6.060E+00
47 98 44.071089 4.103E-08 2.804E+01 -6.063E+00
58 98 30.602200 1.888E-08 3.067E+01 -5.969E+00
65 98 30.601093 2.388E-08 3.070E+01 -5.971E+00
79 98 22.479620 8.181E-09 3.056E+01 -5.866E+00
83 98 22.478909 1.066E-08 3.047E+01 -5.878E+00
46 98 44.071090 3.357E-08 2.804E+01 -6.063E+00
64 98 30.601094 1.954E-08 3.070E+01 -5.971E+00
82 98 22.478910 8.721E-09 3.047E+01 -5.878E+00
88 98 22.478462 4.464E-06 2.473E+01 -8.113E+00
63 98 30.601117 2.483E-07 2.502E+01 -7.013E+00
67 98 30.600383 3.289E-07 2.534E+01 -7.029E+00
81 98 22.478931 1.147E-07 2.573E+01 -6.836E+00
87 98 22.478462 1.106E-07 2.507E+01 -6.800E+00
68 98 30.600383 2.783E-07 2.534E+01 -7.029E+00
86 98 22.478462 9.357E-08 2.507E+01 -6.800E+00
89 98 22.478462 3.778E-06 2.473E+01 -8.113E+00
91 98 22.478131 4.172E-06 2.465E+01 -8.102E+00
90 98 22.478131 3.615E-06 2.465E+01 -8.102E+00
