    j      g(j)    i      g(i)       wl            A        A+A^a    A/(A+A^a)     f
    7     3.000    1     1.000    3.17702      1.579E+14  1.579E+14  1.000E+00  7.170E-01
   17     3.000    1     1.000    2.70574      4.687E+13  4.978E+13  9.415E-01  1.544E-01
   31     3.000    1     1.000    2.57188      2.026E+13  2.206E+13  9.185E-01  6.028E-02
   49     3.000    1     1.000    2.51427      1.073E+13  1.187E+13  9.041E-01  3.050E-02
   71     3.000    1     1.000    2.48404      6.500E+12  7.310E+12  8.892E-01  1.804E-02
    4     3.000    1     1.000    3.19345      3.181E+12  3.182E+12  9.999E-01  1.459E-02
   97     3.000    1     1.000    2.46615      4.443E+12  5.202E+12  8.541E-01  1.216E-02
   10     3.000    1     1.000    2.70912      9.997E+11  3.986E+12  2.508E-01  3.300E-03
   20     3.000    1     1.000    2.57317      4.243E+11  2.224E+12  1.908E-01  1.264E-03
   34     3.000    1     1.000    2.51491      2.157E+11  1.315E+12  1.640E-01  6.136E-04
   52     3.000    1     1.000    2.48441      1.229E+11  8.567E+11  1.435E-01  3.412E-04
   74     3.000    1     1.000    2.46639      7.493E+10  6.558E+11  1.143E-01  2.050E-04
   16     5.000    1     1.000    2.70611      3.676E+10  8.511E+12  4.319E-03  2.018E-04
   28     5.000    1     1.000    2.57204      2.202E+10  3.724E+12  5.913E-03  1.092E-04
   14     5.000    1     1.000    2.70650      1.169E+10  8.621E+12  1.356E-03  6.420E-05
   42     5.000    1     1.000    2.51436      1.302E+10  2.004E+12  6.497E-03  6.169E-05
   60     5.000    1     1.000    2.48410      8.198E+09  1.259E+12  6.512E-03  3.792E-05
   24     5.000    1     1.000    2.57220      5.726E+09  3.779E+12  1.515E-03  2.840E-05
   82     5.000    1     1.000    2.46620      5.554E+09  9.888E+11  5.617E-03  2.533E-05
   38     5.000    1     1.000    2.51444      3.080E+09  2.024E+12  1.521E-03  1.460E-05
   56     5.000    1     1.000    2.48415      1.828E+09  1.253E+12  1.459E-03  8.458E-06
    6     5.000    1     1.000    3.18975      7.026E+08  1.187E+09  5.921E-01  5.359E-06
   78     5.000    1     1.000    2.46623      1.173E+09  9.368E+11  1.252E-03  5.348E-06
   12     5.000    1     1.000    2.70833      2.758E+08  2.950E+12  9.351E-05  1.516E-06
   22     5.000    1     1.000    2.57287      1.285E+08  1.783E+12  7.208E-05  6.379E-07
   36     5.000    1     1.000    2.51476      6.966E+07  1.090E+12  6.391E-05  3.302E-07
   54     5.000    1     1.000    2.48432      4.216E+07  7.275E+11  5.795E-05  1.951E-07
   76     5.000    1     1.000    2.46634      2.808E+07  5.756E+11  4.878E-05  1.281E-07
    2     3.000    1     1.000    3.21178      1.376E+07  1.376E+07  1.000E+00  6.383E-08
    8     3.000    1     1.000    2.71279      6.183E+06  1.053E+12  5.873E-06  2.046E-08
   18     3.000    1     1.000    2.57454      2.990E+06  7.706E+11  3.880E-06  8.914E-09
   32     3.000    1     1.000    2.51558      1.640E+06  5.420E+11  3.026E-06  4.668E-09
   50     3.000    1     1.000    2.48478      9.950E+05  4.232E+11  2.351E-06  2.763E-09
   72     3.000    1     1.000    2.46663      6.580E+05  4.479E+11  1.469E-06  1.800E-09
   13     3.000    1     1.000    2.70654      6.547E+04  8.659E+12  7.561E-09  2.157E-10
   23     3.000    1     1.000    2.57222      4.173E+04  3.794E+12  1.100E-08  1.242E-10
   37     3.000    1     1.000    2.51445      2.537E+04  2.028E+12  1.251E-08  7.215E-11
   55     3.000    1     1.000    2.48415      1.619E+04  1.250E+12  1.295E-08  4.494E-11
   77     3.000    1     1.000    2.46624      1.100E+04  9.200E+11  1.196E-08  3.010E-11
   26     5.000    1     1.000    2.57206      4.326E+00  1.806E+12  2.395E-12  2.145E-14
   40     5.000    1     1.000    2.51438      3.820E+00  9.394E+11  4.067E-12  1.810E-14
   58     5.000    1     1.000    2.48411      2.826E+00  5.555E+11  5.087E-12  1.307E-14
   79     5.000    1     1.000    2.46621      2.048E+00  3.664E+11  5.589E-12  9.337E-15
