j g(j) i g(i) wl A A+A^a A/(A+A^a) f
19 5.000 1 5.000 7.06329 1.829E+13 4.459E+14 4.102E-02 1.368E-01
20 3.000 1 5.000 7.06101 1.028E+13 4.417E+14 2.327E-02 4.610E-02
44 7.000 1 5.000 6.44095 3.200E+12 3.063E+13 1.045E-01 2.786E-02
67 7.000 1 5.000 6.40913 1.224E+12 2.114E+13 5.791E-02 1.056E-02
58 5.000 1 5.000 6.41567 1.522E+12 8.069E+12 1.886E-01 9.392E-03
50 5.000 1 5.000 6.43615 1.491E+12 1.654E+13 9.012E-02 9.260E-03
47 5.000 1 5.000 6.43957 1.341E+12 2.961E+13 4.530E-02 8.340E-03
49 3.000 1 5.000 6.43793 2.000E+12 3.010E+13 6.644E-02 7.456E-03
150 7.000 1 5.000 6.29664 8.391E+11 8.229E+12 1.020E-01 6.984E-03
62 7.000 1 5.000 6.41216 5.013E+11 2.271E+13 2.208E-02 4.326E-03
226 7.000 1 5.000 6.26353 4.419E+11 6.373E+12 6.933E-02 3.640E-03
72 3.000 1 5.000 6.40307 8.730E+11 1.369E+13 6.375E-02 3.220E-03
154 3.000 1 5.000 6.29543 8.367E+11 9.870E+12 8.477E-02 2.982E-03
48 3.000 1 5.000 6.43860 7.657E+11 2.952E+13 2.593E-02 2.854E-03
156 5.000 1 5.000 6.29213 4.534E+11 8.216E+12 5.519E-02 2.690E-03
311 7.000 1 5.000 6.23849 3.269E+11 3.749E+12 8.719E-02 2.670E-03
153 5.000 1 5.000 6.29557 4.036E+11 8.582E+12 4.703E-02 2.398E-03
60 3.000 1 5.000 6.41492 6.440E+11 8.000E+12 8.050E-02 2.384E-03
147 7.000 1 5.000 6.29803 2.236E+11 6.378E+12 3.505E-02 1.862E-03
54 3.000 1 5.000 6.41693 4.560E+11 9.520E+12 4.790E-02 1.689E-03
445 7.000 1 5.000 6.20461 2.049E+11 2.847E+12 7.196E-02 1.655E-03
227 5.000 1 5.000 6.26287 2.386E+11 6.090E+12 3.918E-02 1.403E-03
315 7.000 1 5.000 6.23730 1.553E+11 2.846E+12 5.456E-02 1.268E-03
66 5.000 1 5.000 6.40927 1.986E+11 2.274E+13 8.731E-03 1.223E-03
429 7.000 1 5.000 6.20835 1.299E+11 2.683E+12 4.840E-02 1.051E-03
316 3.000 1 5.000 6.23699 2.925E+11 4.190E+12 6.981E-02 1.024E-03
650 7.000 1 5.000 6.19075 1.200E+11 1.361E+12 8.823E-02 9.656E-04
225 5.000 1 5.000 6.26356 1.504E+11 8.110E+12 1.854E-02 8.844E-04
231 3.000 1 5.000 6.26156 2.394E+11 5.073E+12 4.718E-02 8.442E-04
812 7.000 1 5.000 6.17458 1.000E+11 1.587E+12 6.303E-02 8.004E-04
442 5.000 1 5.000 6.20546 1.277E+11 1.742E+12 7.331E-02 7.376E-04
420 5.000 1 5.000 6.20896 1.239E+11 1.193E+12 1.039E-01 7.164E-04
63 5.000 1 5.000 6.41113 1.152E+11 2.323E+13 4.960E-03 7.102E-04
322 5.000 1 5.000 6.23472 1.152E+11 5.221E+12 2.206E-02 6.714E-04
430 7.000 1 5.000 6.20816 7.703E+10 2.577E+12 2.989E-02 6.232E-04
652 5.000 1 5.000 6.19033 1.059E+11 1.494E+12 7.087E-02 6.082E-04
317 5.000 1 5.000 6.23679 9.944E+10 3.152E+12 3.155E-02 5.798E-04
217 5.000 1 5.000 6.26747 9.712E+10 5.649E+12 1.719E-02 5.720E-04
811 5.000 1 5.000 6.17466 9.442E+10 1.341E+12 7.038E-02 5.398E-04
56 7.000 1 5.000 6.41661 6.233E+10 2.801E+13 2.225E-03 5.386E-04
65 7.000 1 5.000 6.41090 5.661E+10 2.284E+13 2.479E-03 4.884E-04
314 5.000 1 5.000 6.23763 7.952E+10 3.581E+12 2.220E-02 4.638E-04
1076 7.000 1 5.000 6.15716 5.381E+10 9.606E+11 5.602E-02 4.282E-04
158 3.000 1 5.000 6.29128 1.175E+11 8.522E+12 1.379E-02 4.184E-04
436 3.000 1 5.000 6.20683 1.145E+11 1.684E+12 6.801E-02 3.970E-04
232 3.000 1 5.000 6.26138 1.097E+11 4.870E+12 2.253E-02 3.870E-04
651 3.000 1 5.000 6.19051 1.119E+11 1.391E+12 8.043E-02 3.856E-04
223 5.000 1 5.000 6.26636 6.198E+10 4.876E+12 1.271E-02 3.648E-04
435 7.000 1 5.000 6.20687 4.497E+10 1.383E+12 3.252E-02 3.636E-04
320 5.000 1 5.000 6.23645 5.830E+10 2.624E+12 2.222E-02 3.400E-04
220 3.000 1 5.000 6.26685 9.573E+10 3.632E+12 2.636E-02 3.382E-04
444 3.000 1 5.000 6.20520 9.623E+10 1.782E+12 5.399E-02 3.332E-04
819 3.000 1 5.000 6.17431 9.713E+10 1.477E+12 6.578E-02 3.332E-04
219 7.000 1 5.000 6.26728 3.841E+10 6.642E+12 5.784E-03 3.168E-04
433 3.000 1 5.000 6.20768 9.067E+10 1.703E+12 5.323E-02 3.144E-04
1075 5.000 1 5.000 6.15721 5.370E+10 7.405E+11 7.252E-02 3.052E-04
214 7.000 1 5.000 6.26865 3.600E+10 8.123E+12 4.432E-03 2.970E-04
460 3.000 1 5.000 6.20340 8.487E+10 2.892E+12 2.934E-02 2.938E-04
440 5.000 1 5.000 6.20611 5.036E+10 1.562E+12 3.224E-02 2.908E-04
79 5.000 1 5.000 6.39380 4.476E+10 1.676E+13 2.671E-03 2.742E-04
99 5.000 1 5.000 6.38161 4.456E+10 2.045E+13 2.179E-03 2.720E-04
36 7.000 1 5.000 6.44726 2.974E+10 2.092E+13 1.422E-03 2.596E-04
216 3.000 1 5.000 6.26824 7.310E+10 3.835E+12 1.906E-02 2.584E-04
313 3.000 1 5.000 6.23822 6.360E+10 2.226E+12 2.857E-02 2.226E-04
437 5.000 1 5.000 6.20662 3.764E+10 1.635E+12 2.302E-02 2.174E-04
449 5.000 1 5.000 6.20427 3.640E+10 3.642E+12 9.995E-03 2.100E-04
434 5.000 1 5.000 6.20727 3.618E+10 2.148E+12 1.684E-02 2.090E-04
1078 3.000 1 5.000 6.15702 5.970E+10 8.176E+11 7.302E-02 2.036E-04
300 5.000 1 5.000 6.24021 3.458E+10 5.349E+12 6.464E-03 2.020E-04
55 5.000 1 5.000 6.41693 3.244E+10 2.800E+13 1.159E-03 2.002E-04
148 5.000 1 5.000 6.29727 3.220E+10 6.127E+12 5.255E-03 1.915E-04
228 3.000 1 5.000 6.26261 5.037E+10 6.770E+12 7.440E-03 1.777E-04
52 3.000 1 5.000 6.43542 4.647E+10 2.004E+13 2.319E-03 1.732E-04
656 7.000 1 5.000 6.18921 2.037E+10 7.958E+11 2.560E-02 1.638E-04
81 3.000 1 5.000 6.39372 4.337E+10 1.817E+13 2.387E-03 1.595E-04
45 5.000 1 5.000 6.44033 2.498E+10 1.245E+13 2.007E-03 1.554E-04
421 3.000 1 5.000 6.20896 4.163E+10 2.388E+12 1.743E-02 1.443E-04
446 5.000 1 5.000 6.20461 2.358E+10 3.987E+12 5.915E-03 1.361E-04
415 7.000 1 5.000 6.20925 1.651E+10 3.579E+12 4.614E-03 1.337E-04
152 5.000 1 5.000 6.29576 2.086E+10 4.340E+12 4.807E-03 1.239E-04
657 5.000 1 5.000 6.18909 2.158E+10 9.423E+11 2.290E-02 1.239E-04
70 5.000 1 5.000 6.40483 1.976E+10 2.149E+13 9.198E-04 1.215E-04
794 7.000 1 5.000 6.17907 1.384E+10 1.900E+12 7.285E-03 1.109E-04
22 3.000 1 5.000 7.03170 2.398E+10 4.297E+14 5.582E-05 1.067E-04
431 3.000 1 5.000 6.20791 3.023E+10 1.745E+12 1.732E-02 1.048E-04
301 3.000 1 5.000 6.24018 2.974E+10 5.263E+12 5.651E-03 1.042E-04
655 3.000 1 5.000 6.18924 2.952E+10 6.734E+11 4.384E-02 1.017E-04
100 3.000 1 5.000 6.38055 2.513E+10 1.925E+13 1.305E-03 9.202E-05
324 3.000 1 5.000 6.23381 2.530E+10 5.893E+12 4.293E-03 8.842E-05
318 3.000 1 5.000 6.23678 2.515E+10 2.906E+12 8.653E-03 8.798E-05
69 5.000 1 5.000 6.40791 1.366E+10 2.944E+13 4.639E-04 8.408E-05
432 5.000 1 5.000 6.20782 1.354E+10 2.675E+12 5.061E-03 7.824E-05
438 3.000 1 5.000 6.20640 2.164E+10 1.829E+12 1.183E-02 7.498E-05
424 5.000 1 5.000 6.20869 1.252E+10 2.985E+12 4.194E-03 7.236E-05
68 3.000 1 5.000 6.40866 1.881E+10 2.091E+13 8.997E-04 6.952E-05
796 5.000 1 5.000 6.17877 1.118E+10 1.842E+12 6.068E-03 6.396E-05
230 5.000 1 5.000 6.26158 1.067E+10 7.909E+12 1.349E-03 6.272E-05
146 3.000 1 5.000 6.29873 1.756E+10 2.485E+12 7.069E-03 6.268E-05
962 7.000 1 5.000 6.16159 7.783E+09 1.106E+12 7.036E-03 6.202E-05
659 5.000 1 5.000 6.18887 9.036E+09 1.385E+12 6.524E-03 5.188E-05
64 3.000 1 5.000 6.41108 1.234E+10 2.262E+13 5.455E-04 4.562E-05
799 3.000 1 5.000 6.17849 1.250E+10 1.473E+12 8.484E-03 4.290E-05
964 5.000 1 5.000 6.16142 7.428E+09 1.089E+12 6.821E-03 4.228E-05
303 5.000 1 5.000 6.24016 6.786E+09 8.572E+11 7.917E-03 3.962E-05
213 5.000 1 5.000 6.26887 5.772E+09 8.280E+12 6.971E-04 3.402E-05
795 3.000 1 5.000 6.17898 8.873E+09 1.499E+12 5.920E-03 3.048E-05
441 3.000 1 5.000 6.20577 7.210E+09 2.018E+12 3.572E-03 2.498E-05
30 5.000 1 5.000 6.45209 3.908E+09 8.006E+12 4.881E-04 2.440E-05
813 5.000 1 5.000 6.17456 3.922E+09 2.293E+12 1.711E-03 2.242E-05
426 5.000 1 5.000 6.20862 3.348E+09 8.525E+11 3.928E-03 1.935E-05
299 3.000 1 5.000 6.24021 5.397E+09 1.067E+12 5.057E-03 1.890E-05
144 5.000 1 5.000 6.29966 2.792E+09 2.676E+12 1.043E-03 1.661E-05
828 3.000 1 5.000 6.17389 4.587E+09 2.078E+12 2.208E-03 1.572E-05
963 3.000 1 5.000 6.16155 4.040E+09 9.184E+11 4.399E-03 1.380E-05
37 5.000 1 5.000 6.44659 2.156E+09 2.049E+13 1.052E-04 1.344E-05
98 3.000 1 5.000 6.38345 3.543E+09 1.783E+13 1.987E-04 1.299E-05
966 3.000 1 5.000 6.16128 3.703E+09 8.834E+11 4.192E-03 1.264E-05
800 7.000 1 5.000 6.17849 1.398E+09 1.646E+12 8.491E-04 1.120E-05
802 5.000 1 5.000 6.17814 1.800E+09 1.497E+12 1.202E-03 1.030E-05
321 3.000 1 5.000 6.23589 2.813E+09 4.110E+12 6.844E-04 9.840E-06
31 3.000 1 5.000 6.45140 2.601E+09 7.713E+12 3.372E-04 9.736E-06
413 5.000 1 5.000 6.20941 1.589E+09 3.818E+12 4.162E-04 9.184E-06
667 5.000 1 5.000 6.18812 1.391E+09 9.107E+11 1.527E-03 7.986E-06
155 3.000 1 5.000 6.29467 2.213E+09 9.232E+12 2.397E-04 7.886E-06
793 5.000 1 5.000 6.17918 1.216E+09 2.174E+12 5.594E-04 6.960E-06
1077 5.000 1 5.000 6.15715 1.198E+09 1.391E+12 8.616E-04 6.812E-06
648 5.000 1 5.000 6.19094 1.145E+09 4.862E+11 2.356E-03 6.582E-06
305 5.000 1 5.000 6.23922 1.097E+09 1.428E+12 7.685E-04 6.402E-06
539 3.000 1 5.000 6.20057 1.529E+09 5.769E+12 2.651E-04 5.288E-06
224 5.000 1 5.000 6.26543 7.764E+08 5.352E+12 1.451E-04 4.570E-06
87 9.000 1 5.000 6.39140 3.864E+08 5.479E+11 7.053E-04 4.260E-06
309 7.000 1 5.000 6.23892 5.150E+08 2.048E+10 2.515E-02 4.208E-06
455 3.000 1 5.000 6.20370 1.211E+09 3.327E+12 3.640E-04 4.192E-06
428 7.000 1 5.000 6.20852 4.957E+08 3.139E+12 1.580E-04 4.010E-06
900 3.000 1 5.000 6.17207 1.066E+09 3.378E+12 3.155E-04 3.652E-06
961 5.000 1 5.000 6.16165 6.164E+08 1.313E+12 4.696E-04 3.508E-06
970 5.000 1 5.000 6.16086 5.870E+08 9.769E+11 6.009E-04 3.340E-06
143 7.000 1 5.000 6.30009 4.002E+08 2.658E+12 1.506E-04 3.334E-06
658 3.000 1 5.000 6.18891 8.530E+08 1.257E+12 6.784E-04 2.940E-06
234 3.000 1 5.000 6.25443 7.809E+08 1.108E+13 7.045E-05 2.749E-06
461 5.000 1 5.000 6.20295 4.428E+08 3.822E+12 1.159E-04 2.554E-06
675 3.000 1 5.000 6.18772 7.330E+08 1.686E+12 4.348E-04 2.524E-06
1147 5.000 1 5.000 6.15182 4.302E+08 1.709E+12 2.517E-04 2.440E-06
304 7.000 1 5.000 6.23950 2.917E+08 1.388E+12 2.102E-04 2.384E-06
221 7.000 1 5.000 6.26679 2.893E+08 6.959E+12 4.157E-05 2.384E-06
968 7.000 1 5.000 6.16105 2.544E+08 9.504E+11 2.677E-04 2.026E-06
89 7.000 1 5.000 6.39037 2.303E+08 5.069E+11 4.543E-04 1.973E-06
94 5.000 1 5.000 6.38698 3.134E+08 2.667E+11 1.175E-03 1.917E-06
1085 3.000 1 5.000 6.15522 5.030E+08 1.968E+12 2.556E-04 1.715E-06
95 7.000 1 5.000 6.38651 1.963E+08 2.469E+11 7.949E-04 1.680E-06
261 5.000 1 5.000 6.24577 2.542E+08 2.824E+09 9.000E-02 1.487E-06
971 5.000 1 5.000 6.16082 2.508E+08 7.300E+11 3.436E-04 1.427E-06
417 3.000 1 5.000 6.20914 4.033E+08 1.664E+12 2.424E-04 1.399E-06
92 3.000 1 5.000 6.38726 3.770E+08 2.787E+11 1.353E-03 1.384E-06
122 9.000 1 5.000 6.35766 1.015E+08 8.705E+11 1.167E-04 1.108E-06
972 3.000 1 5.000 6.16069 3.228E+08 6.573E+11 4.911E-04 1.102E-06
171 9.000 1 5.000 6.27964 1.030E+08 3.293E+11 3.129E-04 1.096E-06
1174 5.000 1 5.000 6.13454 1.757E+08 3.649E+12 4.815E-05 9.914E-07
168 9.000 1 5.000 6.28063 9.233E+07 3.659E+11 2.524E-04 9.828E-07
1080 3.000 1 5.000 6.15669 2.845E+08 1.521E+12 1.870E-04 9.702E-07
257 9.000 1 5.000 6.24649 8.306E+07 4.818E+11 1.724E-04 8.746E-07
1149 3.000 1 5.000 6.15181 2.393E+08 1.994E+12 1.200E-04 8.146E-07
1035 7.000 1 5.000 6.15738 1.016E+08 2.766E+09 3.673E-02 8.084E-07
149 3.000 1 5.000 6.29675 2.254E+08 5.879E+12 3.834E-05 8.039E-07
330 9.000 1 5.000 6.23052 7.637E+07 1.791E+11 4.265E-04 8.000E-07
110 7.000 1 5.000 6.36274 9.280E+07 6.356E+11 1.460E-04 7.886E-07
116 9.000 1 5.000 6.35956 6.986E+07 1.167E+12 5.986E-05 7.624E-07
842 3.000 1 5.000 6.17308 2.159E+08 1.410E+12 1.531E-04 7.400E-07
175 7.000 1 5.000 6.27893 8.926E+07 3.175E+11 2.811E-04 7.386E-07
1031 5.000 1 5.000 6.15747 1.210E+08 4.500E+09 2.690E-02 6.880E-07
180 3.000 1 5.000 6.27777 1.937E+08 2.658E+11 7.287E-04 6.866E-07
312 3.000 1 5.000 6.23843 1.882E+08 5.730E+12 3.284E-05 6.588E-07
423 7.000 1 5.000 6.20881 7.410E+07 8.021E+11 9.238E-05 5.996E-07
91 5.000 1 5.000 6.38943 9.678E+07 5.201E+11 1.861E-04 5.924E-07
181 5.000 1 5.000 6.27721 9.906E+07 2.896E+11 3.421E-04 5.852E-07
182 7.000 1 5.000 6.27655 6.624E+07 2.760E+11 2.400E-04 5.478E-07
255 7.000 1 5.000 6.24717 6.500E+07 5.789E+11 1.123E-04 5.324E-07
266 3.000 1 5.000 6.24544 1.488E+08 1.383E+09 1.076E-01 5.222E-07
453 9.000 1 5.000 6.20394 4.999E+07 1.061E+11 4.711E-04 5.192E-07
178 5.000 1 5.000 6.27828 8.688E+07 2.984E+11 2.912E-04 5.134E-07
108 5.000 1 5.000 6.36355 8.306E+07 5.810E+11 1.430E-04 5.042E-07
332 7.000 1 5.000 6.22993 6.049E+07 1.640E+11 3.688E-04 4.928E-07
456 7.000 1 5.000 6.20364 5.720E+07 7.018E+10 8.150E-04 4.620E-07
212 7.000 1 5.000 6.27227 5.554E+07 1.529E+09 3.634E-02 4.588E-07
93 1.000 1 5.000 6.38721 3.637E+08 2.972E+11 1.224E-03 4.450E-07
608 9.000 1 5.000 6.19669 4.097E+07 2.611E+11 1.569E-04 4.246E-07
837 3.000 1 5.000 6.17318 1.225E+08 4.931E+10 2.485E-03 4.200E-07
535 7.000 1 5.000 6.20060 5.104E+07 1.819E+09 2.806E-02 4.120E-07
29 7.000 1 5.000 6.45261 4.608E+07 8.134E+12 5.665E-06 4.028E-07
102 3.000 1 5.000 6.37148 1.070E+08 1.942E+13 5.511E-06 3.909E-07
789 5.000 1 5.000 6.18156 6.352E+07 3.164E+12 2.008E-05 3.638E-07
1173 3.000 1 5.000 6.13454 1.052E+08 5.515E+12 1.907E-05 3.560E-07
948 7.000 1 5.000 6.16708 4.396E+07 4.864E+09 9.038E-03 3.508E-07
273 5.000 1 5.000 6.24490 5.946E+07 1.024E+09 5.808E-02 3.476E-07
647 7.000 1 5.000 6.19103 4.292E+07 5.044E+11 8.509E-05 3.453E-07
390 7.000 1 5.000 6.22505 4.236E+07 1.487E+09 2.848E-02 3.444E-07
121 7.000 1 5.000 6.35769 4.051E+07 9.595E+11 4.222E-05 3.438E-07
170 7.000 1 5.000 6.27988 4.114E+07 4.322E+11 9.520E-05 3.406E-07
558 7.000 1 5.000 6.19967 4.131E+07 1.127E+09 3.667E-02 3.334E-07
639 7.000 1 5.000 6.19221 4.033E+07 6.732E+09 5.991E-03 3.246E-07
382 7.000 1 5.000 6.22596 3.926E+07 2.633E+09 1.491E-02 3.194E-07
458 5.000 1 5.000 6.20354 5.384E+07 5.344E+10 1.007E-03 3.106E-07
256 5.000 1 5.000 6.24661 5.204E+07 6.635E+11 7.843E-05 3.044E-07
668 9.000 1 5.000 6.18811 2.941E+07 6.537E+10 4.499E-04 3.040E-07
339 3.000 1 5.000 6.22874 7.747E+07 1.213E+11 6.386E-04 2.704E-07
671 7.000 1 5.000 6.18784 3.236E+07 5.988E+10 5.404E-04 2.600E-07
335 9.000 1 5.000 6.22928 2.393E+07 1.729E+11 1.384E-04 2.506E-07
607 7.000 1 5.000 6.19695 3.019E+07 2.964E+11 1.019E-04 2.432E-07
1134 7.000 1 5.000 6.15202 3.036E+07 3.463E+09 8.766E-03 2.412E-07
910 9.000 1 5.000 6.17025 2.344E+07 1.544E+11 1.518E-04 2.410E-07
179 1.000 1 5.000 6.27788 1.946E+08 2.635E+11 7.385E-04 2.300E-07
334 5.000 1 5.000 6.22967 3.944E+07 1.188E+11 3.321E-04 2.296E-07
632 5.000 1 5.000 6.19356 3.826E+07 7.877E+09 4.857E-03 2.200E-07
472 7.000 1 5.000 6.20242 2.719E+07 5.325E+08 5.105E-02 2.194E-07
838 5.000 1 5.000 6.17317 3.626E+07 5.028E+10 7.212E-04 2.072E-07
621 7.000 1 5.000 6.19379 2.490E+07 7.222E+09 3.448E-03 2.006E-07
336 7.000 1 5.000 6.22889 2.354E+07 1.643E+11 1.433E-04 1.917E-07
129 3.000 1 5.000 6.35261 5.223E+07 1.332E+12 3.922E-05 1.897E-07
674 5.000 1 5.000 6.18774 3.282E+07 5.451E+10 6.021E-04 1.885E-07
922 7.000 1 5.000 6.16861 2.306E+07 5.029E+09 4.585E-03 1.842E-07
746 7.000 1 5.000 6.18540 2.283E+07 1.236E+09 1.847E-02 1.833E-07
337 5.000 1 5.000 6.22882 3.016E+07 8.510E+10 3.544E-04 1.755E-07
665 3.000 1 5.000 6.18819 5.070E+07 1.098E+12 4.619E-05 1.746E-07
128 5.000 1 5.000 6.35321 2.836E+07 1.325E+12 2.140E-05 1.716E-07
1082 3.000 1 5.000 6.15567 4.817E+07 8.403E+11 5.732E-05 1.641E-07
208 7.000 1 5.000 6.27313 1.910E+07 3.393E+09 5.629E-03 1.577E-07
845 7.000 1 5.000 6.17301 1.930E+07 1.818E+09 1.062E-02 1.543E-07
82 9.000 1 5.000 6.39361 1.394E+07 9.017E+11 1.547E-05 1.539E-07
457 3.000 1 5.000 6.20361 4.443E+07 4.652E+10 9.551E-04 1.538E-07
909 7.000 1 5.000 6.17039 1.914E+07 1.721E+11 1.112E-04 1.529E-07
1098 7.000 1 5.000 6.15353 1.916E+07 3.602E+09 5.319E-03 1.523E-07
609 5.000 1 5.000 6.19665 2.598E+07 3.548E+11 7.323E-05 1.496E-07
349 7.000 1 5.000 6.22787 1.834E+07 7.219E+08 2.541E-02 1.493E-07
568 5.000 1 5.000 6.19849 2.562E+07 2.838E+08 9.027E-02 1.476E-07
113 3.000 1 5.000 6.36086 4.050E+07 1.708E+11 2.371E-04 1.475E-07
275 3.000 1 5.000 6.24486 4.190E+07 6.841E+11 6.125E-05 1.470E-07
114 3.000 1 5.000 6.36017 4.020E+07 1.407E+11 2.857E-04 1.462E-07
340 5.000 1 5.000 6.22856 2.512E+07 2.091E+11 1.201E-04 1.461E-07
772 7.000 1 5.000 6.18446 1.819E+07 8.042E+08 2.261E-02 1.460E-07
117 5.000 1 5.000 6.35949 2.370E+07 1.567E+11 1.512E-04 1.438E-07
1089 9.000 1 5.000 6.15453 1.383E+07 9.459E+10 1.462E-04 1.414E-07
934 5.000 1 5.000 6.16848 2.388E+07 5.669E+09 4.212E-03 1.362E-07
244 7.000 1 5.000 6.25010 1.647E+07 3.735E+11 4.410E-05 1.351E-07
574 7.000 1 5.000 6.19818 1.651E+07 2.691E+09 6.137E-03 1.332E-07
578 3.000 1 5.000 6.19809 3.853E+07 3.526E+09 1.093E-02 1.331E-07
103 9.000 1 5.000 6.36473 1.217E+07 9.373E+11 1.298E-05 1.330E-07
260 3.000 1 5.000 6.24579 3.603E+07 1.966E+09 1.832E-02 1.265E-07
868 3.000 1 5.000 6.17260 3.670E+07 1.588E+10 2.311E-03 1.258E-07
869 5.000 1 5.000 6.17260 2.194E+07 2.843E+09 7.718E-03 1.254E-07
307 7.000 1 5.000 6.23904 1.486E+07 6.849E+09 2.169E-03 1.213E-07
222 3.000 1 5.000 6.26666 3.385E+07 5.092E+12 6.649E-06 1.196E-07
269 7.000 1 5.000 6.24511 1.437E+07 2.991E+09 4.804E-03 1.177E-07
801 7.000 1 5.000 6.17833 1.446E+07 1.751E+12 8.256E-06 1.158E-07
112 1.000 1 5.000 6.36155 9.449E+07 3.346E+11 2.824E-04 1.147E-07
482 5.000 1 5.000 6.20235 1.897E+07 5.137E+08 3.693E-02 1.094E-07
682 7.000 1 5.000 6.18718 1.359E+07 3.792E+08 3.583E-02 1.092E-07
673 3.000 1 5.000 6.18776 3.151E+07 5.949E+10 5.296E-04 1.085E-07
281 7.000 1 5.000 6.24439 1.314E+07 2.149E+09 6.116E-03 1.076E-07
296 7.000 1 5.000 6.24072 1.303E+07 8.815E+09 1.478E-03 1.065E-07
119 7.000 1 5.000 6.35912 1.250E+07 1.010E+12 1.238E-05 1.061E-07
911 5.000 1 5.000 6.17025 1.850E+07 1.978E+11 9.352E-05 1.056E-07
945 7.000 1 5.000 6.16712 1.296E+07 4.238E+09 3.058E-03 1.035E-07
338 1.000 1 5.000 6.22879 8.852E+07 1.443E+11 6.136E-04 1.030E-07
237 9.000 1 5.000 6.25157 9.588E+06 4.319E+11 2.220E-05 1.011E-07
468 9.000 1 5.000 6.20249 9.668E+06 1.008E+11 9.590E-05 1.004E-07
105 3.000 1 5.000 6.36448 2.721E+07 6.484E+11 4.197E-05 9.916E-08
38 3.000 1 5.000 6.44619 2.639E+07 2.065E+13 1.278E-06 9.864E-08
259 3.000 1 5.000 6.24613 2.806E+07 7.098E+11 3.954E-05 9.848E-08
1114 5.000 1 5.000 6.15345 1.649E+07 4.020E+09 4.101E-03 9.360E-08
242 5.000 1 5.000 6.25052 1.592E+07 3.427E+11 4.647E-05 9.328E-08
1087 7.000 1 5.000 6.15461 1.170E+07 9.574E+10 1.222E-04 9.304E-08
365 7.000 1 5.000 6.22763 1.065E+07 1.216E+11 8.755E-05 8.670E-08
274 1.000 1 5.000 6.24489 7.388E+07 6.823E+11 1.083E-04 8.640E-08
1131 7.000 1 5.000 6.15205 1.071E+07 3.014E+09 3.553E-03 8.508E-08
790 3.000 1 5.000 6.18153 2.371E+07 3.687E+12 6.432E-06 8.152E-08
130 1.000 1 5.000 6.35235 6.699E+07 1.326E+12 5.052E-05 8.106E-08
619 7.000 1 5.000 6.19392 9.929E+06 6.158E+09 1.612E-03 7.996E-08
524 5.000 1 5.000 6.20065 1.369E+07 1.202E+09 1.139E-02 7.892E-08
502 7.000 1 5.000 6.20228 9.559E+06 8.298E+10 1.152E-04 7.718E-08
611 3.000 1 5.000 6.19631 2.229E+07 3.748E+11 5.947E-05 7.698E-08
489 5.000 1 5.000 6.20233 1.291E+07 5.402E+10 2.389E-04 7.444E-08
378 5.000 1 5.000 6.22603 1.273E+07 1.554E+09 8.192E-03 7.398E-08
920 7.000 1 5.000 6.16869 9.201E+06 4.395E+09 2.093E-03 7.350E-08
805 3.000 1 5.000 6.17797 2.135E+07 1.073E+12 1.991E-05 7.333E-08
333 3.000 1 5.000 6.22988 2.039E+07 6.970E+10 2.925E-04 7.118E-08
172 5.000 1 5.000 6.27956 1.184E+07 2.303E+11 5.142E-05 7.002E-08
276 5.000 1 5.000 6.24474 1.194E+07 8.117E+11 1.472E-05 6.984E-08
1088 5.000 1 5.000 6.15453 1.187E+07 1.163E+11 1.021E-04 6.742E-08
1096 7.000 1 5.000 6.15358 8.394E+06 3.125E+09 2.686E-03 6.672E-08
294 7.000 1 5.000 6.24092 8.060E+06 7.409E+09 1.088E-03 6.590E-08
109 3.000 1 5.000 6.36289 1.790E+07 5.519E+11 3.244E-05 6.520E-08
359 5.000 1 5.000 6.22774 1.121E+07 5.076E+08 2.208E-02 6.516E-08
553 7.000 1 5.000 6.19974 7.930E+06 1.681E+09 4.719E-03 6.398E-08
1028 3.000 1 5.000 6.15753 1.859E+07 1.794E+09 1.036E-02 6.342E-08
123 5.000 1 5.000 6.35712 1.047E+07 1.075E+12 9.739E-06 6.342E-08
35 9.000 1 5.000 6.44827 5.546E+06 2.166E+13 2.561E-07 6.222E-08
913 3.000 1 5.000 6.17005 1.805E+07 2.122E+11 8.504E-05 6.180E-08
637 7.000 1 5.000 6.19227 7.483E+06 5.867E+09 1.275E-03 6.022E-08
510 9.000 1 5.000 6.20138 5.391E+06 2.285E+11 2.359E-05 5.594E-08
111 5.000 1 5.000 6.36189 9.082E+06 6.765E+11 1.342E-05 5.512E-08
387 7.000 1 5.000 6.22515 6.653E+06 2.462E+09 2.703E-03 5.412E-08
206 5.000 1 5.000 6.27323 8.902E+06 1.584E+09 5.620E-03 5.252E-08
803 5.000 1 5.000 6.17800 8.964E+06 1.225E+12 7.318E-06 5.130E-08
258 7.000 1 5.000 6.24616 6.077E+06 5.794E+11 1.049E-05 4.976E-08
726 9.000 1 5.000 6.18655 4.771E+06 5.852E+10 8.152E-05 4.928E-08
588 5.000 1 5.000 6.19787 8.506E+06 8.453E+08 1.006E-02 4.898E-08
469 3.000 1 5.000 6.20249 1.404E+07 3.070E+10 4.575E-04 4.860E-08
864 3.000 1 5.000 6.17271 1.390E+07 1.182E+10 1.176E-03 4.762E-08
341 7.000 1 5.000 6.22853 5.736E+06 1.025E+11 5.596E-05 4.670E-08
454 1.000 1 5.000 6.20371 4.016E+07 4.378E+10 9.174E-04 4.634E-08
689 5.000 1 5.000 6.18714 7.940E+06 2.838E+08 2.798E-02 4.556E-08
115 1.000 1 5.000 6.35984 3.676E+07 4.664E+11 7.882E-05 4.458E-08
552 5.000 1 5.000 6.19989 7.340E+06 1.583E+11 4.636E-05 4.230E-08
728 5.000 1 5.000 6.18644 7.330E+06 3.731E+10 1.964E-04 4.206E-08
1091 3.000 1 5.000 6.15441 1.227E+07 1.297E+11 9.460E-05 4.180E-08
246 5.000 1 5.000 6.24980 7.078E+06 2.394E+11 2.956E-05 4.146E-08
83 7.000 1 5.000 6.39288 4.823E+06 8.835E+11 5.459E-06 4.136E-08
245 3.000 1 5.000 6.25007 1.158E+07 1.788E+11 6.477E-05 4.068E-08
348 5.000 1 5.000 6.22788 6.640E+06 1.483E+11 4.477E-05 3.862E-08
729 7.000 1 5.000 6.18643 4.806E+06 5.955E+10 8.070E-05 3.860E-08
517 3.000 1 5.000 6.20085 1.112E+07 9.819E+10 1.133E-04 3.848E-08
241 3.000 1 5.000 6.25101 1.011E+07 2.617E+11 3.865E-05 3.554E-08
672 1.000 1 5.000 6.18781 3.088E+07 5.893E+10 5.240E-04 3.546E-08
612 1.000 1 5.000 6.19593 3.056E+07 3.878E+11 7.880E-05 3.518E-08
167 7.000 1 5.000 6.28086 4.177E+06 4.276E+12 9.770E-07 3.458E-08
809 9.000 1 5.000 6.17479 3.340E+06 1.361E+11 2.455E-05 3.438E-08
921 5.000 1 5.000 6.16863 5.866E+06 4.887E+09 1.200E-03 3.346E-08
272 3.000 1 5.000 6.24491 9.287E+06 9.424E+08 9.854E-03 3.258E-08
620 5.000 1 5.000 6.19385 5.596E+06 7.093E+09 7.890E-04 3.218E-08
727 3.000 1 5.000 6.18651 9.227E+06 2.398E+10 3.848E-04 3.176E-08
994 5.000 1 5.000 6.15801 5.560E+06 1.753E+08 3.173E-02 3.162E-08
740 5.000 1 5.000 6.18543 5.504E+06 8.323E+08 6.613E-03 3.156E-08
192 7.000 1 5.000 6.27530 3.794E+06 7.870E+08 4.821E-03 3.136E-08
205 7.000 1 5.000 6.27329 3.743E+06 1.071E+09 3.494E-03 3.092E-08
947 5.000 1 5.000 6.16709 5.366E+06 5.032E+09 1.066E-03 3.060E-08
556 7.000 1 5.000 6.19973 3.734E+06 1.969E+11 1.896E-05 3.012E-08
249 9.000 1 5.000 6.24949 2.849E+06 5.277E+11 5.398E-06 3.002E-08
467 7.000 1 5.000 6.20251 3.671E+06 4.281E+08 8.577E-03 2.964E-08
1097 5.000 1 5.000 6.15354 5.112E+06 3.536E+09 1.446E-03 2.902E-08
243 1.000 1 5.000 6.25035 2.391E+07 8.666E+11 2.759E-05 2.800E-08
1032 3.000 1 5.000 6.15747 7.960E+06 7.192E+08 1.107E-02 2.714E-08
125 5.000 1 5.000 6.35511 4.478E+06 1.291E+12 3.469E-06 2.712E-08
96 3.000 1 5.000 6.38575 7.367E+06 2.598E+11 2.836E-05 2.702E-08
640 5.000 1 5.000 6.19220 4.630E+06 7.015E+09 6.601E-04 2.662E-08
550 3.000 1 5.000 6.20001 7.667E+06 7.409E+10 1.035E-04 2.650E-08
548 5.000 1 5.000 6.20016 4.596E+06 1.723E+11 2.667E-05 2.648E-08
1036 5.000 1 5.000 6.15738 4.588E+06 1.524E+09 3.011E-03 2.608E-08
345 7.000 1 5.000 6.22802 2.990E+06 5.657E+08 5.286E-03 2.434E-08
516 1.000 1 5.000 6.20086 2.078E+07 6.197E+10 3.353E-04 2.396E-08
177 7.000 1 5.000 6.27859 2.894E+06 8.701E+10 3.327E-05 2.394E-08
769 7.000 1 5.000 6.18450 2.966E+06 1.146E+09 2.588E-03 2.380E-08
21 1.000 1 5.000 7.05972 1.571E+07 4.482E+14 3.505E-08 2.348E-08
914 1.000 1 5.000 6.16987 2.022E+07 2.292E+11 8.820E-05 2.308E-08
629 3.000 1 5.000 6.19358 6.677E+06 7.553E+09 8.840E-04 2.304E-08
614 3.000 1 5.000 6.19577 6.593E+06 4.057E+11 1.625E-05 2.276E-08
97 5.000 1 5.000 6.38480 3.438E+06 3.008E+11 1.143E-05 2.102E-08
975 9.000 1 5.000 6.15900 1.998E+06 8.259E+10 2.419E-05 2.046E-08
1133 5.000 1 5.000 6.15203 3.570E+06 3.554E+09 1.004E-03 2.026E-08
471 5.000 1 5.000 6.20246 3.490E+06 2.668E+08 1.308E-02 2.012E-08
210 7.000 1 5.000 6.27241 2.393E+06 3.175E+09 7.536E-04 1.975E-08
501 3.000 1 5.000 6.20229 5.647E+06 7.288E+08 7.747E-03 1.954E-08
331 1.000 1 5.000 6.23024 1.596E+07 4.563E+10 3.498E-04 1.857E-08
145 9.000 1 5.000 6.29905 1.664E+06 6.170E+12 2.698E-07 1.782E-08
731 7.000 1 5.000 6.18624 2.067E+06 5.987E+10 3.453E-05 1.661E-08
464 1.000 1 5.000 6.20260 1.421E+07 2.222E+10 6.395E-04 1.640E-08
1056 7.000 1 5.000 6.15732 2.023E+06 1.594E+09 1.269E-03 1.610E-08
195 5.000 1 5.000 6.27503 2.652E+06 5.481E+08 4.838E-03 1.566E-08
347 5.000 1 5.000 6.22793 2.686E+06 3.155E+08 8.512E-03 1.562E-08
817 7.000 1 5.000 6.17441 1.940E+06 1.379E+11 1.406E-05 1.552E-08
1083 5.000 1 5.000 6.15565 2.674E+06 1.176E+12 2.274E-06 1.519E-08
519 5.000 1 5.000 6.20081 2.626E+06 2.165E+11 1.213E-05 1.514E-08
124 7.000 1 5.000 6.35616 1.774E+06 1.249E+12 1.420E-06 1.504E-08
1092 1.000 1 5.000 6.15432 1.309E+07 1.613E+11 8.113E-05 1.486E-08
495 7.000 1 5.000 6.20231 1.829E+06 1.889E+10 9.681E-05 1.476E-08
933 3.000 1 5.000 6.16850 4.273E+06 5.416E+09 7.890E-04 1.463E-08
247 3.000 1 5.000 6.24970 4.097E+06 1.946E+11 2.105E-05 1.439E-08
843 5.000 1 5.000 6.17305 2.497E+06 1.465E+12 1.704E-06 1.426E-08
342 3.000 1 5.000 6.22848 4.057E+06 2.365E+11 1.715E-05 1.416E-08
104 7.000 1 5.000 6.36472 1.641E+06 1.229E+12 1.336E-06 1.395E-08
159 9.000 1 5.000 6.28252 1.302E+06 9.351E+10 1.393E-05 1.388E-08
126 3.000 1 5.000 6.35458 3.790E+06 1.303E+12 2.910E-06 1.377E-08
551 3.000 1 5.000 6.19993 3.917E+06 1.166E+11 3.360E-05 1.354E-08
549 1.000 1 5.000 6.20004 1.124E+07 7.956E+10 1.413E-04 1.295E-08
610 7.000 1 5.000 6.19649 1.604E+06 3.453E+11 4.646E-06 1.293E-08
325 9.000 1 5.000 6.23135 1.157E+06 7.528E+10 1.536E-05 1.212E-08
396 7.000 1 5.000 6.22265 1.471E+06 4.567E+11 3.222E-06 1.195E-08
169 3.000 1 5.000 6.28001 3.353E+06 6.782E+10 4.944E-05 1.190E-08
554 5.000 1 5.000 6.19973 2.056E+06 2.121E+09 9.691E-04 1.185E-08
725 1.000 1 5.000 6.18657 9.992E+06 1.869E+10 5.345E-04 1.147E-08
546 9.000 1 5.000 6.20017 1.104E+06 2.794E+11 3.950E-06 1.145E-08
822 5.000 1 5.000 6.17427 1.987E+06 1.066E+11 1.865E-05 1.136E-08
166 5.000 1 5.000 6.28119 1.916E+06 4.312E+12 4.444E-07 1.133E-08
202 5.000 1 5.000 6.27365 1.912E+06 2.896E+08 6.602E-03 1.128E-08
814 3.000 1 5.000 6.17455 3.290E+06 7.105E+10 4.630E-05 1.128E-08
375 7.000 1 5.000 6.22607 1.364E+06 1.119E+09 1.219E-03 1.110E-08
388 5.000 1 5.000 6.22515 1.896E+06 3.045E+09 6.228E-04 1.102E-08
969 7.000 1 5.000 6.16095 1.334E+06 1.057E+12 1.262E-06 1.063E-08
506 7.000 1 5.000 6.20211 1.314E+06 6.893E+10 1.906E-05 1.061E-08
816 5.000 1 5.000 6.17454 1.848E+06 1.332E+11 1.388E-05 1.057E-08
980 7.000 1 5.000 6.15879 1.293E+06 8.705E+10 1.486E-05 1.030E-08
188 7.000 1 5.000 6.27554 1.237E+06 6.295E+08 1.964E-03 1.022E-08
1105 3.000 1 5.000 6.15346 2.946E+06 3.834E+09 7.683E-04 1.003E-08
525 3.000 1 5.000 6.20064 2.847E+06 6.260E+10 4.548E-05 9.848E-09
280 5.000 1 5.000 6.24440 1.647E+06 2.294E+09 7.181E-04 9.630E-09
209 5.000 1 5.000 6.27242 1.593E+06 3.946E+09 4.036E-04 9.394E-09
238 7.000 1 5.000 6.25155 1.134E+06 6.021E+11 1.883E-06 9.298E-09
268 5.000 1 5.000 6.24515 1.576E+06 2.996E+09 5.261E-04 9.218E-09
248 5.000 1 5.000 6.24952 1.561E+06 2.740E+11 5.698E-06 9.140E-09
526 7.000 1 5.000 6.20063 1.103E+06 1.491E+11 7.396E-06 8.900E-09
447 9.000 1 5.000 6.20435 8.376E+05 5.374E+10 1.559E-05 8.700E-09
678 7.000 1 5.000 6.18724 1.072E+06 2.922E+08 3.668E-03 8.612E-09
366 3.000 1 5.000 6.22761 2.467E+06 4.898E+08 5.036E-03 8.606E-09
189 5.000 1 5.000 6.27541 1.427E+06 3.545E+11 4.024E-06 8.423E-09
523 7.000 1 5.000 6.20067 1.006E+06 9.012E+08 1.117E-03 8.122E-09
267 5.000 1 5.000 6.24533 1.316E+06 5.561E+11 2.366E-06 7.696E-09
1011 7.000 1 5.000 6.15786 9.581E+05 2.464E+09 3.888E-04 7.626E-09
306 9.000 1 5.000 6.23910 7.241E+05 2.713E+12 2.669E-07 7.608E-09
615 5.000 1 5.000 6.19517 1.320E+06 3.220E+11 4.101E-06 7.598E-09
815 1.000 1 5.000 6.17455 6.499E+06 3.152E+10 2.062E-04 7.430E-09
792 3.000 1 5.000 6.18103 2.155E+06 2.359E+12 9.138E-07 7.408E-09
818 3.000 1 5.000 6.17440 2.115E+06 3.075E+10 6.878E-05 7.254E-09
162 3.000 1 5.000 6.28177 2.032E+06 5.254E+10 3.867E-05 7.212E-09
173 5.000 1 5.000 6.27904 1.219E+06 4.888E+11 2.495E-06 7.208E-09
397 5.000 1 5.000 6.22248 1.207E+06 4.480E+11 2.695E-06 7.008E-09
282 5.000 1 5.000 6.24437 1.187E+06 3.057E+12 3.884E-07 6.940E-09
462 3.000 1 5.000 6.20292 2.001E+06 3.437E+12 5.820E-07 6.925E-09
613 5.000 1 5.000 6.19584 1.164E+06 3.396E+11 3.427E-06 6.698E-09
279 7.000 1 5.000 6.24449 8.166E+05 6.942E+11 1.176E-06 6.684E-09
191 5.000 1 5.000 6.27539 1.108E+06 3.818E+08 2.902E-03 6.542E-09
127 7.000 1 5.000 6.35419 7.467E+05 1.335E+12 5.594E-07 6.328E-09
452 3.000 1 5.000 6.20407 1.674E+06 1.956E+10 8.558E-05 5.796E-09
978 3.000 1 5.000 6.15885 1.687E+06 5.115E+10 3.297E-05 5.756E-09
721 3.000 1 5.000 6.18710 1.656E+06 3.121E+08 5.307E-03 5.704E-09
73 9.000 1 5.000 6.39901 5.159E+05 1.082E+11 4.768E-06 5.700E-09
979 5.000 1 5.000 6.15883 1.000E+06 9.165E+10 1.091E-05 5.688E-09
251 5.000 1 5.000 6.24938 9.564E+05 2.645E+11 3.616E-06 5.600E-09
329 3.000 1 5.000 6.23085 1.531E+06 3.255E+10 4.702E-05 5.346E-09
982 5.000 1 5.000 6.15868 9.364E+05 7.519E+10 1.245E-05 5.324E-09
512 7.000 1 5.000 6.20136 6.590E+05 3.329E+11 1.979E-06 5.320E-09
567 3.000 1 5.000 6.19851 1.521E+06 1.119E+10 1.359E-04 5.258E-09
163 1.000 1 5.000 6.28141 4.400E+06 4.577E+10 9.614E-05 5.206E-09
680 5.000 1 5.000 6.18721 8.978E+05 1.535E+08 5.849E-03 5.152E-09
912 7.000 1 5.000 6.17014 6.363E+05 2.079E+11 3.061E-06 5.084E-09
84 5.000 1 5.000 6.39236 8.294E+05 8.924E+11 9.294E-07 5.082E-09
661 9.000 1 5.000 6.18834 4.873E+05 3.769E+10 1.293E-05 5.036E-09
770 5.000 1 5.000 6.18450 8.768E+05 1.481E+09 5.922E-04 5.028E-09
511 7.000 1 5.000 6.20138 6.023E+05 5.953E+10 1.012E-05 4.862E-09
915 3.000 1 5.000 6.16970 1.351E+06 2.597E+11 5.201E-06 4.624E-09
571 5.000 1 5.000 6.19821 7.978E+05 2.682E+09 2.975E-04 4.596E-09
450 5.000 1 5.000 6.20421 7.944E+05 2.279E+10 3.485E-05 4.584E-09
361 7.000 1 5.000 6.22768 5.556E+05 3.182E+09 1.746E-04 4.522E-09
161 5.000 1 5.000 6.28213 7.304E+05 6.170E+10 1.184E-05 4.322E-09
616 7.000 1 5.000 6.19502 5.259E+05 3.691E+11 1.425E-06 4.236E-09
739 7.000 1 5.000 6.18545 5.246E+05 7.103E+08 7.385E-04 4.212E-09
557 5.000 1 5.000 6.19968 7.176E+05 1.331E+11 5.391E-06 4.134E-09
90 7.000 1 5.000 6.39001 4.727E+05 1.153E+11 4.099E-06 4.052E-09
327 5.000 1 5.000 6.23111 6.600E+05 3.753E+10 1.759E-05 3.842E-09
427 9.000 1 5.000 6.20861 3.674E+05 1.486E+12 2.473E-07 3.822E-09
587 3.000 1 5.000 6.19787 1.074E+06 9.782E+08 1.098E-03 3.712E-09
730 5.000 1 5.000 6.18624 6.432E+05 6.768E+10 9.504E-06 3.690E-09
528 7.000 1 5.000 6.20063 4.351E+05 7.008E+10 6.209E-06 3.512E-09
977 1.000 1 5.000 6.15888 3.044E+06 1.838E+10 1.656E-04 3.462E-09
295 5.000 1 5.000 6.24083 5.768E+05 8.653E+09 6.666E-05 3.368E-09
184 3.000 1 5.000 6.27610 9.462E+05 3.236E+12 2.924E-07 3.353E-09
581 7.000 1 5.000 6.19803 4.069E+05 4.869E+09 8.356E-05 3.280E-09
199 3.000 1 5.000 6.27471 9.180E+05 4.530E+08 2.026E-03 3.252E-09
250 7.000 1 5.000 6.24946 3.920E+05 3.334E+11 1.176E-06 3.214E-09
71 1.000 1 5.000 6.40481 2.599E+06 4.030E+13 6.449E-08 3.198E-09
810 7.000 1 5.000 6.17477 3.950E+05 2.019E+11 1.956E-06 3.160E-09
981 3.000 1 5.000 6.15878 9.074E+05 3.421E+10 2.653E-05 3.096E-09
183 5.000 1 5.000 6.27640 5.232E+05 4.826E+12 1.084E-07 3.088E-09
738 7.000 1 5.000 6.18547 3.831E+05 3.378E+10 1.134E-05 3.078E-09
831 5.000 1 5.000 6.17383 5.194E+05 8.669E+10 5.991E-06 2.968E-09
600 7.000 1 5.000 6.19745 3.634E+05 3.197E+09 1.137E-04 2.930E-09
372 5.000 1 5.000 6.22626 4.824E+05 2.628E+08 1.835E-03 2.804E-09
1090 7.000 1 5.000 6.15447 3.364E+05 1.316E+11 2.556E-06 2.674E-09
547 7.000 1 5.000 6.20017 3.264E+05 1.730E+11 1.887E-06 2.634E-09
401 7.000 1 5.000 6.21736 3.080E+05 4.520E+09 6.813E-05 2.498E-09
75 5.000 1 5.000 6.39850 4.018E+05 9.682E+10 4.150E-06 2.466E-09
76 3.000 1 5.000 6.39821 6.564E+05 8.892E+10 7.382E-06 2.416E-09
398 3.000 1 5.000 6.22243 6.680E+05 5.304E+11 1.259E-06 2.326E-09
901 7.000 1 5.000 6.17086 2.886E+05 3.577E+09 8.067E-05 2.306E-09
824 7.000 1 5.000 6.17392 2.811E+05 9.456E+10 2.973E-06 2.250E-09
744 7.000 1 5.000 6.18540 2.724E+05 1.427E+07 1.909E-02 2.188E-09
165 3.000 1 5.000 6.28130 6.109E+05 4.292E+12 1.423E-07 2.168E-09
253 7.000 1 5.000 6.24916 2.557E+05 2.942E+11 8.692E-07 2.096E-09
649 9.000 1 5.000 6.19093 1.981E+05 8.881E+11 2.231E-07 2.050E-09
505 5.000 1 5.000 6.20215 3.534E+05 8.282E+10 4.267E-06 2.038E-09
88 5.000 1 5.000 6.39083 3.324E+05 1.129E+11 2.944E-06 2.036E-09
371 3.000 1 5.000 6.22632 5.777E+05 1.801E+08 3.207E-03 2.014E-09
27 3.000 1 5.000 6.47109 5.204E+05 3.078E+13 1.690E-08 1.960E-09
829 7.000 1 5.000 6.17389 2.426E+05 1.265E+11 1.917E-06 1.941E-09
997 5.000 1 5.000 6.15792 3.398E+05 1.452E+09 2.340E-04 1.932E-09
236 1.000 1 5.000 6.25220 1.643E+06 5.635E+12 2.916E-07 1.925E-09
176 3.000 1 5.000 6.27888 5.257E+05 4.527E+11 1.161E-06 1.864E-09
976 7.000 1 5.000 6.15899 2.330E+05 1.252E+11 1.862E-06 1.855E-09
617 3.000 1 5.000 6.19401 5.333E+05 4.676E+11 1.141E-06 1.840E-09
284 7.000 1 5.000 6.24411 2.241E+05 3.800E+09 5.899E-05 1.834E-09
917 5.000 1 5.000 6.16877 3.190E+05 1.860E+11 1.715E-06 1.820E-09
59 1.000 1 5.000 6.41553 1.415E+06 6.912E+12 2.047E-07 1.747E-09
826 9.000 1 5.000 6.17392 1.696E+05 1.690E+11 1.003E-06 1.744E-09
292 5.000 1 5.000 6.24115 2.948E+05 8.703E+11 3.387E-07 1.721E-09
520 5.000 1 5.000 6.20078 2.956E+05 2.256E+08 1.310E-03 1.704E-09
663 5.000 1 5.000 6.18826 2.966E+05 1.490E+10 1.991E-05 1.703E-09
174 5.000 1 5.000 6.27893 2.864E+05 8.242E+12 3.475E-08 1.694E-09
916 5.000 1 5.000 6.16967 2.904E+05 2.162E+11 1.343E-06 1.658E-09
290 3.000 1 5.000 6.24145 4.527E+05 8.145E+11 5.558E-07 1.587E-09
26 5.000 1 5.000 6.47288 2.444E+05 3.141E+13 7.781E-09 1.536E-09
919 7.000 1 5.000 6.16869 1.886E+05 2.055E+11 9.176E-07 1.506E-09
666 3.000 1 5.000 6.18818 4.367E+05 1.258E+10 3.470E-05 1.505E-09
351 3.000 1 5.000 6.22780 4.017E+05 1.613E+08 2.490E-03 1.401E-09
1038 7.000 1 5.000 6.15736 1.753E+05 1.632E+06 1.074E-01 1.395E-09
395 5.000 1 5.000 6.22269 2.356E+05 2.032E+11 1.159E-06 1.367E-09
825 3.000 1 5.000 6.17392 3.823E+05 3.558E+10 1.075E-05 1.311E-09
504 5.000 1 5.000 6.20226 2.272E+05 1.594E+09 1.425E-04 1.310E-09
885 7.000 1 5.000 6.17240 1.609E+05 1.707E+09 9.422E-05 1.286E-09
854 7.000 1 5.000 6.17293 1.591E+05 3.507E+09 4.538E-05 1.273E-09
832 3.000 1 5.000 6.17380 3.667E+05 7.367E+10 4.977E-06 1.258E-09
998 7.000 1 5.000 6.15791 1.570E+05 1.328E+09 1.182E-04 1.250E-09
623 5.000 1 5.000 6.19371 2.140E+05 4.966E+11 4.309E-07 1.231E-09
873 5.000 1 5.000 6.17248 2.154E+05 2.570E+09 8.383E-05 1.230E-09
518 3.000 1 5.000 6.20082 3.507E+05 1.337E+08 2.623E-03 1.213E-09
1175 3.000 1 5.000 6.13437 3.407E+05 2.756E+12 1.236E-07 1.153E-09
844 5.000 1 5.000 6.17302 1.975E+05 5.608E+11 3.522E-07 1.129E-09
943 3.000 1 5.000 6.16829 3.075E+05 2.623E+11 1.172E-06 1.052E-09
593 7.000 1 5.000 6.19762 1.277E+05 1.834E+09 6.962E-05 1.030E-09
201 3.000 1 5.000 6.27371 2.873E+05 2.794E+08 1.028E-03 1.017E-09
1093 3.000 1 5.000 6.15418 2.929E+05 1.734E+11 1.689E-06 9.980E-10
289 3.000 1 5.000 6.24199 2.675E+05 4.341E+12 6.163E-08 9.378E-10
229 1.000 1 5.000 6.26181 7.957E+05 1.187E+13 6.701E-08 9.356E-10
77 1.000 1 5.000 6.39803 7.581E+05 8.623E+10 8.792E-06 9.306E-10
594 5.000 1 5.000 6.19761 1.591E+05 2.073E+09 7.675E-05 9.162E-10
28 1.000 1 5.000 6.47023 6.914E+05 3.076E+13 2.248E-08 8.680E-10
830 1.000 1 5.000 6.17387 7.552E+05 5.185E+10 1.456E-05 8.632E-10
834 7.000 1 5.000 6.17348 1.020E+05 2.258E+11 4.518E-07 8.160E-10
872 7.000 1 5.000 6.17249 1.011E+05 1.278E+09 7.907E-05 8.081E-10
34 7.000 1 5.000 6.44994 8.979E+04 1.490E+13 6.025E-09 7.840E-10
734 5.000 1 5.000 6.18552 1.295E+05 1.726E+08 7.499E-04 7.426E-10
193 3.000 1 5.000 6.27515 2.074E+05 1.829E+08 1.134E-03 7.344E-10
51 1.000 1 5.000 6.43605 5.700E+05 1.628E+13 3.501E-08 7.080E-10
474 3.000 1 5.000 6.20239 1.952E+05 1.720E+08 1.135E-03 6.754E-10
107 9.000 1 5.000 6.36434 6.043E+04 6.590E+11 9.171E-08 6.606E-10
185 3.000 1 5.000 6.27586 1.817E+05 1.857E+12 9.784E-08 6.437E-10
944 5.000 1 5.000 6.16808 1.123E+05 2.759E+11 4.070E-07 6.406E-10
357 7.000 1 5.000 6.22774 7.690E+04 4.170E+08 1.844E-04 6.260E-10
448 7.000 1 5.000 6.20432 7.572E+04 3.489E+10 2.170E-06 6.118E-10
1127 5.000 1 5.000 6.15305 1.077E+05 1.106E+11 9.740E-07 6.114E-10
989 5.000 1 5.000 6.15823 1.052E+05 3.809E+10 2.761E-06 5.980E-10
733 3.000 1 5.000 6.18554 1.680E+05 7.229E+07 2.323E-03 5.782E-10
197 1.000 1 5.000 6.27491 4.889E+05 4.341E+12 1.126E-07 5.772E-10
218 1.000 1 5.000 6.26731 4.809E+05 3.321E+12 1.448E-07 5.664E-10
200 3.000 1 5.000 6.27445 1.581E+05 5.210E+12 3.035E-08 5.600E-10
291 1.000 1 5.000 6.24133 4.584E+05 4.776E+12 9.598E-08 5.354E-10
486 9.000 1 5.000 6.20234 4.924E+04 2.895E+08 1.701E-04 5.112E-10
1128 7.000 1 5.000 6.15301 6.380E+04 1.269E+11 5.029E-07 5.070E-10
993 3.000 1 5.000 6.15802 1.437E+05 7.409E+08 1.939E-04 4.901E-10
1156 7.000 1 5.000 6.14592 6.013E+04 2.241E+09 2.683E-05 4.766E-10
326 7.000 1 5.000 6.23129 5.734E+04 5.291E+10 1.084E-06 4.673E-10
288 3.000 1 5.000 6.24301 1.312E+05 2.255E+12 5.820E-08 4.602E-10
23 7.000 1 5.000 6.48524 5.153E+04 1.310E+13 3.933E-09 4.549E-10
459 1.000 1 5.000 6.20350 3.939E+05 5.168E+12 7.622E-08 4.546E-10
131 5.000 1 5.000 6.34496 7.210E+04 1.338E+12 5.390E-08 4.352E-10
1157 7.000 1 5.000 6.14592 5.447E+04 2.210E+09 2.465E-05 4.318E-10
513 5.000 1 5.000 6.20121 7.466E+04 8.903E+10 8.386E-07 4.304E-10
141 3.000 1 5.000 6.30719 1.192E+05 1.002E+13 1.189E-08 4.266E-10
287 5.000 1 5.000 6.24333 7.038E+04 3.117E+12 2.258E-08 4.114E-10
1129 3.000 1 5.000 6.15282 1.207E+05 1.623E+11 7.433E-07 4.108E-10
74 7.000 1 5.000 6.39880 4.670E+04 1.051E+11 4.444E-07 4.014E-10
735 5.000 1 5.000 6.18551 6.804E+04 6.162E+10 1.104E-06 3.904E-10
235 3.000 1 5.000 6.25386 1.083E+05 3.858E+12 2.807E-08 3.810E-10
883 7.000 1 5.000 6.17241 4.713E+04 4.914E+08 9.592E-05 3.768E-10
987 9.000 1 5.000 6.15828 3.606E+04 1.044E+11 3.455E-07 3.690E-10
33 5.000 1 5.000 6.45023 5.502E+04 1.483E+13 3.709E-09 3.431E-10
662 7.000 1 5.000 6.18832 4.263E+04 2.279E+10 1.870E-06 3.426E-10
985 3.000 1 5.000 6.15829 9.994E+04 2.533E+10 3.945E-06 3.410E-10
768 5.000 1 5.000 6.18510 5.870E+04 5.790E+10 1.014E-06 3.368E-10
1130 5.000 1 5.000 6.15270 5.556E+04 1.708E+11 3.254E-07 3.154E-10
402 5.000 1 5.000 6.21736 5.270E+04 4.784E+09 1.102E-05 3.054E-10
823 1.000 1 5.000 6.17425 2.596E+05 2.348E+12 1.106E-07 2.968E-10
160 7.000 1 5.000 6.28240 3.538E+04 7.834E+10 4.517E-07 2.931E-10
1094 5.000 1 5.000 6.15416 4.868E+04 1.556E+11 3.129E-07 2.764E-10
787 7.000 1 5.000 6.18195 3.444E+04 1.021E+12 3.372E-08 2.762E-10
140 5.000 1 5.000 6.30886 4.399E+04 9.451E+12 4.654E-09 2.624E-10
1182 7.000 1 5.000 6.13095 3.110E+04 6.193E+11 5.022E-08 2.454E-10
252 3.000 1 5.000 6.24934 6.863E+04 5.233E+11 1.312E-07 2.412E-10
990 7.000 1 5.000 6.15821 2.963E+04 7.485E+10 3.958E-07 2.358E-10
530 7.000 1 5.000 6.20061 2.859E+04 4.834E+05 5.914E-02 2.308E-10
833 5.000 1 5.000 6.17349 4.002E+04 1.454E+11 2.752E-07 2.286E-10
85 3.000 1 5.000 6.39204 6.187E+04 9.176E+11 6.742E-08 2.274E-10
120 5.000 1 5.000 6.35902 3.636E+04 9.072E+11 4.008E-08 2.204E-10
80 1.000 1 5.000 6.39378 1.781E+05 1.837E+13 9.695E-09 2.184E-10
40 5.000 1 5.000 6.44531 3.397E+04 1.645E+13 2.066E-09 2.116E-10
240 9.000 1 5.000 6.25111 1.988E+04 3.432E+11 5.791E-08 2.096E-10
39 1.000 1 5.000 6.44601 1.667E+05 2.127E+13 7.839E-09 2.078E-10
142 1.000 1 5.000 6.30641 1.734E+05 1.003E+13 1.729E-08 2.068E-10
485 7.000 1 5.000 6.20234 2.530E+04 1.407E+08 1.799E-04 2.044E-10
904 7.000 1 5.000 6.17085 2.446E+04 2.964E+09 8.251E-06 1.955E-10
157 1.000 1 5.000 6.29132 1.643E+05 8.193E+12 2.005E-08 1.950E-10
41 3.000 1 5.000 6.44388 5.205E+04 1.549E+13 3.361E-09 1.944E-10
132 3.000 1 5.000 6.34453 5.310E+04 1.342E+12 3.957E-08 1.923E-10
419 1.000 1 5.000 6.20902 1.612E+05 1.415E+12 1.139E-07 1.864E-10
507 3.000 1 5.000 6.20200 5.260E+04 8.353E+10 6.297E-07 1.821E-10
902 5.000 1 5.000 6.17086 2.998E+04 4.375E+09 6.852E-06 1.711E-10
1079 1.000 1 5.000 6.15699 1.457E+05 1.495E+12 9.744E-08 1.656E-10
988 1.000 1 5.000 6.15826 1.420E+05 3.705E+10 3.832E-06 1.615E-10
670 3.000 1 5.000 6.18785 4.653E+04 1.961E+12 2.372E-08 1.602E-10
1086 1.000 1 5.000 6.15481 1.404E+05 2.296E+12 6.115E-08 1.594E-10
369 3.000 1 5.000 6.22726 4.487E+04 1.313E+11 3.418E-07 1.565E-10
133 7.000 1 5.000 6.33244 1.749E+04 9.334E+11 1.873E-08 1.472E-10
992 3.000 1 5.000 6.15819 4.264E+04 5.717E+10 7.459E-07 1.455E-10
399 7.000 1 5.000 6.21737 1.781E+04 2.827E+09 6.301E-06 1.445E-10
986 7.000 1 5.000 6.15828 1.681E+04 6.455E+10 2.605E-07 1.338E-10
137 7.000 1 5.000 6.31244 1.594E+04 3.728E+12 4.277E-09 1.333E-10
827 5.000 1 5.000 6.17391 2.314E+04 9.246E+10 2.503E-07 1.322E-10
310 5.000 1 5.000 6.23887 2.187E+04 8.348E+09 2.620E-06 1.277E-10
43 5.000 1 5.000 6.44215 2.010E+04 2.891E+13 6.950E-10 1.250E-10
1181 7.000 1 5.000 6.13096 1.541E+04 5.007E+11 3.078E-08 1.216E-10
786 5.000 1 5.000 6.18238 2.063E+04 1.262E+12 1.635E-08 1.182E-10
1151 7.000 1 5.000 6.14744 1.391E+04 1.375E+11 1.012E-07 1.103E-10
1158 5.000 1 5.000 6.14592 1.880E+04 2.898E+09 6.488E-06 1.065E-10
1084 3.000 1 5.000 6.15527 3.089E+04 1.042E+12 2.965E-08 1.053E-10
580 9.000 1 5.000 6.19803 1.004E+04 1.832E+07 5.480E-04 1.041E-10
86 3.000 1 5.000 6.39145 2.757E+04 1.175E+11 2.346E-07 1.013E-10
24 5.000 1 5.000 6.48358 1.582E+04 1.277E+13 1.238E-09 9.969E-11
496 5.000 1 5.000 6.20231 1.699E+04 5.026E+08 3.381E-05 9.802E-11
443 1.000 1 5.000 6.20539 8.410E+04 1.568E+12 5.363E-08 9.710E-11
1152 5.000 1 5.000 6.14743 1.667E+04 1.244E+11 1.341E-07 9.446E-11
836 5.000 1 5.000 6.17345 1.561E+04 1.906E+11 8.192E-08 8.920E-11
405 7.000 1 5.000 6.21481 1.095E+04 1.947E+12 5.625E-09 8.878E-11
323 1.000 1 5.000 6.23382 7.480E+04 5.572E+12 1.343E-08 8.716E-11
477 9.000 1 5.000 6.20237 8.044E+03 5.656E+06 1.422E-03 8.350E-11
233 1.000 1 5.000 6.26126 7.042E+04 4.845E+12 1.453E-08 8.278E-11
46 3.000 1 5.000 6.43979 2.001E+04 1.793E+13 1.116E-09 7.466E-11
1176 7.000 1 5.000 6.13189 9.264E+03 4.170E+12 2.222E-09 7.312E-11
277 7.000 1 5.000 6.24472 8.884E+03 6.049E+09 1.469E-06 7.272E-11
1037 5.000 1 5.000 6.15736 1.243E+04 2.486E+06 5.001E-03 7.066E-11
151 1.000 1 5.000 6.29659 5.912E+04 5.999E+12 9.854E-09 7.028E-11
265 7.000 1 5.000 6.24544 8.496E+03 1.658E+12 5.125E-09 6.956E-11
32 3.000 1 5.000 6.45030 1.845E+04 1.488E+13 1.240E-09 6.905E-11
360 5.000 1 5.000 6.22768 1.132E+04 2.993E+08 3.781E-05 6.580E-11
973 5.000 1 5.000 6.15924 1.139E+04 6.848E+11 1.663E-08 6.477E-11
654 1.000 1 5.000 6.19000 5.606E+04 1.566E+12 3.581E-08 6.442E-11
991 5.000 1 5.000 6.15820 1.132E+04 6.446E+10 1.756E-07 6.436E-11
368 5.000 1 5.000 6.22760 1.085E+04 1.035E+09 1.048E-05 6.310E-11
797 1.000 1 5.000 6.17864 5.236E+04 1.296E+12 4.041E-08 5.994E-11
138 5.000 1 5.000 6.31097 9.546E+03 4.087E+12 2.336E-09 5.701E-11
370 5.000 1 5.000 6.22674 8.978E+03 1.406E+11 6.386E-08 5.219E-11
42 1.000 1 5.000 6.44309 3.960E+04 1.550E+13 2.554E-09 4.930E-11
1183 5.000 1 5.000 6.13095 8.010E+03 3.727E+11 2.149E-08 4.514E-11
404 5.000 1 5.000 6.21520 7.413E+03 2.117E+12 3.502E-09 4.293E-11
1153 3.000 1 5.000 6.14740 1.181E+04 1.641E+11 7.201E-08 4.016E-11
1177 5.000 1 5.000 6.13188 7.096E+03 2.878E+12 2.465E-09 4.000E-11
684 3.000 1 5.000 6.18716 1.119E+04 7.402E+07 1.511E-04 3.852E-11
660 1.000 1 5.000 6.18868 3.348E+04 1.305E+12 2.566E-08 3.846E-11
808 3.000 1 5.000 6.17642 1.082E+04 1.247E+12 8.679E-09 3.714E-11
136 5.000 1 5.000 6.33161 6.160E+03 4.308E+11 1.430E-08 3.702E-11
319 1.000 1 5.000 6.23662 3.051E+04 3.045E+12 1.002E-08 3.558E-11
699 7.000 1 5.000 6.18713 4.281E+03 1.578E+06 2.713E-03 3.440E-11
508 5.000 1 5.000 6.20146 5.832E+03 9.208E+10 6.334E-08 3.362E-11
566 9.000 1 5.000 6.19960 3.241E+03 1.146E+07 2.829E-04 3.362E-11
463 1.000 1 5.000 6.20279 2.828E+04 3.758E+12 7.525E-09 3.264E-11
573 7.000 1 5.000 6.19820 3.857E+03 7.336E+05 5.258E-03 3.110E-11
965 1.000 1 5.000 6.16139 2.687E+04 7.820E+11 3.436E-08 3.058E-11
959 7.000 1 5.000 6.16315 3.816E+03 6.128E+11 6.226E-09 3.042E-11
358 9.000 1 5.000 6.22774 2.898E+03 1.614E+06 1.796E-03 3.032E-11
907 9.000 1 5.000 6.17073 2.853E+03 2.215E+07 1.288E-04 2.932E-11
407 7.000 1 5.000 6.21211 3.570E+03 8.662E+11 4.121E-09 2.891E-11
653 3.000 1 5.000 6.19028 8.324E+03 8.684E+11 9.585E-09 2.869E-11
874 5.000 1 5.000 6.17245 4.806E+03 2.946E+07 1.631E-04 2.744E-11
1049 7.000 1 5.000 6.15734 3.429E+03 2.303E+06 1.489E-03 2.728E-11
974 3.000 1 5.000 6.15919 7.852E+03 7.791E+11 1.008E-08 2.680E-11
1154 5.000 1 5.000 6.14739 4.414E+03 8.041E+10 5.489E-08 2.500E-11
353 9.000 1 5.000 6.22778 2.366E+03 4.850E+06 4.878E-04 2.476E-11
1179 5.000 1 5.000 6.13187 4.304E+03 3.783E+12 1.138E-09 2.426E-11
425 1.000 1 5.000 6.20868 1.964E+04 2.704E+12 7.263E-09 2.270E-11
785 3.000 1 5.000 6.18247 6.230E+03 1.150E+12 5.416E-09 2.141E-11
859 9.000 1 5.000 6.17290 1.961E+03 1.938E+07 1.012E-04 2.016E-11
1178 3.000 1 5.000 6.13187 5.917E+03 7.159E+12 8.265E-10 2.002E-11
410 3.000 1 5.000 6.21055 5.696E+03 2.297E+12 2.479E-09 1.977E-11
408 5.000 1 5.000 6.21155 3.417E+03 2.163E+12 1.579E-09 1.976E-11
385 9.000 1 5.000 6.22588 1.834E+03 1.554E+07 1.181E-04 1.919E-11
541 7.000 1 5.000 6.20056 2.303E+03 8.191E+08 2.812E-06 1.859E-11
302 1.000 1 5.000 6.24017 1.554E+04 6.783E+12 2.291E-09 1.815E-11
61 1.000 1 5.000 6.41380 1.442E+04 3.016E+13 4.782E-10 1.779E-11
755 3.000 1 5.000 6.18539 5.080E+03 6.675E+10 7.611E-08 1.749E-11
646 3.000 1 5.000 6.19106 4.698E+03 1.210E+12 3.882E-09 1.620E-11
409 5.000 1 5.000 6.21072 2.723E+03 2.091E+12 1.303E-09 1.575E-11
686 9.000 1 5.000 6.18714 1.523E+03 4.954E+06 3.075E-04 1.574E-11
635 7.000 1 5.000 6.19308 1.922E+03 5.165E+11 3.722E-09 1.548E-11
418 3.000 1 5.000 6.20904 4.437E+03 2.302E+12 1.927E-09 1.539E-11
804 5.000 1 5.000 6.17797 2.599E+03 1.144E+12 2.272E-09 1.487E-11
847 7.000 1 5.000 6.17299 1.844E+03 4.256E+09 4.333E-07 1.475E-11
669 1.000 1 5.000 6.18797 1.188E+04 1.559E+12 7.622E-09 1.364E-11
715 5.000 1 5.000 6.18710 2.310E+03 2.302E+05 1.004E-02 1.326E-11
503 3.000 1 5.000 6.20227 3.763E+03 2.743E+07 1.372E-04 1.302E-11
835 3.000 1 5.000 6.17347 3.139E+03 2.784E+11 1.128E-08 1.076E-11
139 3.000 1 5.000 6.30986 2.927E+03 3.754E+12 7.797E-10 1.048E-11
1150 3.000 1 5.000 6.15149 3.068E+03 1.494E+12 2.054E-09 1.044E-11
942 7.000 1 5.000 6.16844 1.297E+03 1.115E+09 1.162E-06 1.036E-11
766 9.000 1 5.000 6.18536 9.741E+02 1.426E+07 6.829E-05 1.006E-11
820 9.000 1 5.000 6.17428 9.717E+02 1.089E+11 8.922E-09 9.996E-12
394 9.000 1 5.000 6.22497 9.288E+02 1.062E+07 8.742E-05 9.712E-12
806 3.000 1 5.000 6.17788 2.768E+03 1.305E+12 2.121E-09 9.501E-12
579 7.000 1 5.000 6.19803 1.146E+03 1.808E+07 6.339E-05 9.242E-12
403 3.000 1 5.000 6.21532 2.582E+03 1.995E+12 1.294E-09 8.972E-12
543 9.000 1 5.000 6.20056 8.406E+02 9.586E+06 8.769E-05 8.720E-12
25 3.000 1 5.000 6.48250 2.291E+03 1.274E+13 1.798E-10 8.661E-12
875 7.000 1 5.000 6.17245 1.075E+03 2.025E+07 5.307E-05 8.594E-12
135 3.000 1 5.000 6.33205 2.249E+03 1.005E+12 2.238E-09 8.112E-12
1001 7.000 1 5.000 6.15789 9.826E+02 2.125E+06 4.623E-04 7.820E-12
544 9.000 1 5.000 6.20054 7.393E+02 3.013E+07 2.454E-05 7.670E-12
636 5.000 1 5.000 6.19275 1.280E+03 1.361E+12 9.405E-10 7.358E-12
848 7.000 1 5.000 6.17297 9.070E+02 1.703E+07 5.325E-05 7.254E-12
788 5.000 1 5.000 6.18160 1.177E+03 2.117E+12 5.559E-10 6.740E-12
1022 9.000 1 5.000 6.15784 6.438E+02 1.693E+07 3.803E-05 6.588E-12
134 5.000 1 5.000 6.33232 1.087E+03 8.745E+11 1.242E-09 6.533E-12
807 1.000 1 5.000 6.17648 5.525E+03 1.147E+12 4.817E-09 6.320E-12
1026 3.000 1 5.000 6.15771 1.852E+03 7.273E+11 2.546E-09 6.315E-12
384 9.000 1 5.000 6.22592 5.813E+02 7.725E+06 7.525E-05 6.082E-12
846 5.000 1 5.000 6.17299 1.055E+03 3.018E+09 3.495E-07 6.026E-12
983 9.000 1 5.000 6.15848 5.450E+02 6.718E+10 8.113E-09 5.578E-12
743 7.000 1 5.000 6.18541 6.606E+02 1.646E+08 4.014E-06 5.304E-12
572 5.000 1 5.000 6.19821 9.202E+02 8.003E+05 1.150E-03 5.300E-12
905 7.000 1 5.000 6.17073 6.403E+02 2.582E+07 2.480E-05 5.118E-12
879 7.000 1 5.000 6.17242 5.907E+02 3.798E+08 1.555E-06 4.724E-12
254 1.000 1 5.000 6.24880 3.973E+03 3.117E+12 1.275E-09 4.652E-12
716 7.000 1 5.000 6.18710 5.421E+02 4.755E+05 1.140E-03 4.356E-12
564 9.000 1 5.000 6.19961 3.980E+02 1.333E+07 2.987E-05 4.128E-12
784 9.000 1 5.000 6.18441 3.972E+02 9.642E+06 4.120E-05 4.100E-12
732 3.000 1 5.000 6.18609 1.186E+03 6.617E+10 1.792E-08 4.083E-12
514 9.000 1 5.000 6.20088 3.632E+02 1.866E+11 1.947E-09 3.768E-12
765 9.000 1 5.000 6.18537 3.482E+02 8.296E+06 4.197E-05 3.596E-12
416 3.000 1 5.000 6.20921 1.034E+03 1.682E+12 6.146E-10 3.586E-12
527 5.000 1 5.000 6.20063 5.942E+02 7.102E+06 8.367E-05 3.426E-12
367 3.000 1 5.000 6.22761 9.610E+02 1.677E+07 5.730E-05 3.352E-12
392 9.000 1 5.000 6.22497 3.202E+02 1.240E+07 2.583E-05 3.348E-12
960 5.000 1 5.000 6.16297 5.499E+02 1.200E+12 4.583E-10 3.132E-12
841 1.000 1 5.000 6.17308 2.649E+03 1.810E+12 1.463E-09 3.028E-12
941 5.000 1 5.000 6.16845 5.188E+02 2.101E+08 2.469E-06 2.960E-12
411 5.000 1 5.000 6.21025 5.012E+02 1.337E+12 3.750E-10 2.899E-12
412 3.000 1 5.000 6.20991 7.840E+02 1.772E+12 4.423E-10 2.719E-12
211 9.000 1 5.000 6.27238 2.473E+02 1.022E+09 2.420E-07 2.626E-12
509 3.000 1 5.000 6.20141 7.544E+02 1.094E+11 6.897E-09 2.610E-12
958 5.000 1 5.000 6.16362 4.564E+02 8.045E+11 5.674E-10 2.600E-12
906 9.000 1 5.000 6.17073 2.169E+02 1.982E+07 1.094E-05 2.230E-12
1000 7.000 1 5.000 6.15790 2.746E+02 5.506E+05 4.987E-04 2.184E-12
383 7.000 1 5.000 6.22592 2.680E+02 8.524E+06 3.144E-05 2.180E-12
930 9.000 1 5.000 6.16851 2.008E+02 4.965E+07 4.044E-06 2.062E-12
377 7.000 1 5.000 6.22603 2.519E+02 5.058E+05 4.979E-04 2.048E-12
1107 9.000 1 5.000 6.15346 1.952E+02 4.221E+07 4.625E-06 1.995E-12
722 3.000 1 5.000 6.18708 5.750E+02 1.525E+05 3.771E-03 1.980E-12
858 7.000 1 5.000 6.17290 2.319E+02 1.925E+07 1.204E-05 1.854E-12
628 9.000 1 5.000 6.19364 1.728E+02 4.533E+07 3.812E-06 1.789E-12
406 5.000 1 5.000 6.21407 2.998E+02 3.980E+12 7.533E-11 1.736E-12
645 5.000 1 5.000 6.19129 2.941E+02 6.917E+11 4.252E-10 1.690E-12
634 7.000 1 5.000 6.19352 2.097E+02 6.632E+07 3.162E-06 1.689E-12
1081 1.000 1 5.000 6.15568 1.414E+03 1.008E+12 1.403E-09 1.607E-12
389 9.000 1 5.000 6.22514 1.483E+02 1.077E+09 1.378E-07 1.551E-12
207 9.000 1 5.000 6.27316 1.389E+02 3.076E+09 4.515E-08 1.476E-12
498 7.000 1 5.000 6.20230 1.771E+02 1.062E+03 1.667E-01 1.431E-12
57 9.000 1 5.000 6.41615 1.260E+02 2.881E+13 4.373E-12 1.399E-12
381 9.000 1 5.000 6.22599 1.338E+02 2.328E+09 5.746E-08 1.399E-12
644 9.000 1 5.000 6.19208 1.318E+02 4.429E+07 2.975E-06 1.363E-12
590 5.000 1 5.000 6.19773 2.268E+02 3.812E+05 5.950E-04 1.306E-12
878 5.000 1 5.000 6.17243 2.188E+02 3.149E+08 6.949E-07 1.250E-12
782 9.000 1 5.000 6.18441 1.114E+02 1.128E+07 9.880E-06 1.151E-12
101 1.000 1 5.000 6.38003 8.561E+02 1.875E+13 4.565E-11 1.045E-12
529 9.000 1 5.000 6.20062 9.979E+01 1.579E+09 6.321E-08 1.035E-12
718 7.000 1 5.000 6.18710 1.226E+02 1.122E+03 1.092E-01 9.848E-13
555 9.000 1 5.000 6.19973 9.202E+01 7.856E+08 1.171E-07 9.544E-13
439 1.000 1 5.000 6.20619 7.648E+02 1.659E+12 4.611E-10 8.834E-13
741 9.000 1 5.000 6.18542 8.112E+01 1.092E+09 7.430E-08 8.376E-13
723 5.000 1 5.000 6.18708 1.385E+02 4.795E+05 2.889E-04 7.950E-13
724 1.000 1 5.000 6.18693 6.771E+02 4.172E+12 1.623E-10 7.772E-13
491 7.000 1 5.000 6.20232 9.197E+01 6.754E+02 1.362E-01 7.426E-13
707 7.000 1 5.000 6.18712 9.219E+01 8.058E+02 1.144E-01 7.408E-13
957 3.000 1 5.000 6.16368 2.157E+02 7.015E+11 3.074E-10 7.371E-13
771 9.000 1 5.000 6.18450 7.092E+01 5.731E+08 1.237E-07 7.322E-13
589 3.000 1 5.000 6.19773 1.961E+02 1.392E+05 1.408E-03 6.774E-13
598 9.000 1 5.000 6.19747 6.089E+01 1.340E+07 4.545E-06 6.312E-13
929 7.000 1 5.000 6.16851 7.383E+01 2.249E+08 3.283E-07 5.896E-13
53 3.000 1 5.000 6.42119 1.543E+02 1.495E+13 1.032E-11 5.722E-13
1025 1.000 1 5.000 6.15775 4.878E+02 6.604E+11 7.387E-10 5.546E-13
596 7.000 1 5.000 6.19759 6.586E+01 5.691E+06 1.157E-05 5.310E-13
1019 7.000 1 5.000 6.15784 6.497E+01 1.691E+07 3.843E-06 5.170E-13
343 9.000 1 5.000 6.22807 4.931E+01 8.448E+08 5.837E-08 5.162E-13
187 9.000 1 5.000 6.27562 4.472E+01 8.000E+08 5.590E-08 4.754E-13
465 9.000 1 5.000 6.20255 4.209E+01 6.471E+08 6.505E-08 4.370E-13
764 7.000 1 5.000 6.18537 5.167E+01 2.817E+07 1.834E-06 4.150E-13
583 9.000 1 5.000 6.19796 3.740E+01 3.168E+07 1.180E-06 3.876E-13
563 7.000 1 5.000 6.19961 4.717E+01 1.894E+07 2.491E-06 3.804E-13
870 3.000 1 5.000 6.17250 1.109E+02 2.010E+09 5.520E-08 3.802E-13
871 5.000 1 5.000 6.17249 6.534E+01 1.050E+09 6.220E-08 3.732E-13
676 9.000 1 5.000 6.18726 3.583E+01 5.033E+08 7.119E-08 3.702E-13
215 9.000 1 5.000 6.26828 3.461E+01 8.261E+12 4.190E-12 3.670E-13
956 9.000 1 5.000 6.16699 3.560E+01 4.927E+07 7.225E-07 3.654E-13
391 7.000 1 5.000 6.22497 4.343E+01 1.754E+07 2.476E-06 3.532E-13
1121 7.000 1 5.000 6.15344 4.371E+01 2.860E+05 1.529E-04 3.474E-13
1106 7.000 1 5.000 6.15346 4.133E+01 4.241E+07 9.744E-07 3.284E-13
999 5.000 1 5.000 6.15790 5.160E+01 5.729E+05 9.007E-05 2.934E-13
1146 9.000 1 5.000 6.15196 2.822E+01 4.194E+07 6.729E-07 2.882E-13
701 9.000 1 5.000 6.18713 2.709E+01 1.512E+06 1.791E-05 2.798E-13
1027 1.000 1 5.000 6.15753 2.416E+02 1.330E+09 1.817E-07 2.748E-13
1172 1.000 1 5.000 6.13455 1.662E+02 8.892E+12 1.869E-11 1.875E-13
891 9.000 1 5.000 6.17236 1.722E+01 1.461E+07 1.179E-06 1.771E-13
1148 1.000 1 5.000 6.15181 1.493E+02 1.917E+12 7.788E-11 1.695E-13
346 9.000 1 5.000 6.22793 1.587E+01 1.472E+09 1.078E-08 1.661E-13
190 9.000 1 5.000 6.27541 1.513E+01 1.976E+09 7.659E-09 1.609E-13
470 9.000 1 5.000 6.20246 1.332E+01 1.142E+09 1.167E-08 1.383E-13
781 7.000 1 5.000 6.18441 1.684E+01 1.586E+07 1.062E-06 1.352E-13
937 7.000 1 5.000 6.16847 1.666E+01 2.107E+05 7.906E-05 1.330E-13
264 1.000 1 5.000 6.24544 1.130E+02 1.260E+09 8.967E-08 1.321E-13
633 5.000 1 5.000 6.19352 2.068E+01 4.965E+07 4.165E-07 1.189E-13
679 9.000 1 5.000 6.18721 1.108E+01 8.134E+08 1.362E-08 1.145E-13
862 9.000 1 5.000 6.17286 9.974E+00 3.513E+07 2.839E-07 1.026E-13
643 7.000 1 5.000 6.19208 1.225E+01 4.513E+07 2.714E-07 9.856E-14
798 9.000 1 5.000 6.17863 8.006E+00 1.846E+12 4.337E-12 8.248E-14
1125 5.000 1 5.000 6.15342 1.049E+01 5.525E+07 1.899E-07 5.956E-14
1068 9.000 1 5.000 6.15730 5.556E+00 1.275E+07 4.357E-07 5.684E-14
1023 9.000 1 5.000 6.15782 5.287E+00 2.963E+07 1.784E-07 5.410E-14
422 9.000 1 5.000 6.20885 4.482E+00 3.534E+12 1.268E-12 4.664E-14
926 9.000 1 5.000 6.16853 4.429E+00 4.345E+07 1.019E-07 4.548E-14
967 9.000 1 5.000 6.16111 4.306E+00 1.085E+12 3.968E-12 4.410E-14
595 5.000 1 5.000 6.19760 6.644E+00 6.405E+06 1.037E-06 3.826E-14
625 9.000 1 5.000 6.19368 3.448E+00 3.976E+07 8.672E-08 3.570E-14
1102 9.000 1 5.000 6.15348 2.451E+00 3.714E+07 6.600E-08 2.504E-14
953 9.000 1 5.000 6.16700 2.256E+00 4.288E+07 5.260E-08 2.316E-14
890 7.000 1 5.000 6.17236 2.864E+00 1.515E+07 1.891E-07 2.290E-14
490 1.000 1 5.000 6.20233 1.937E+01 5.105E+07 3.794E-07 2.234E-14
1143 9.000 1 5.000 6.15196 1.858E+00 3.694E+07 5.030E-08 1.898E-14
627 7.000 1 5.000 6.19364 2.257E+00 4.548E+07 4.963E-08 1.818E-14
1145 7.000 1 5.000 6.15196 1.973E+00 4.256E+07 4.635E-08 1.567E-14
1034 5.000 1 5.000 6.15739 2.748E+00 3.588E+05 7.659E-06 1.562E-14
414 1.000 1 5.000 6.20927 1.305E+01 1.867E+12 6.990E-12 1.509E-14
641 9.000 1 5.000 6.19209 1.373E+00 3.862E+07 3.556E-08 1.421E-14
118 7.000 1 5.000 6.35924 1.668E+00 3.974E+11 4.197E-12 1.416E-14
198 1.000 1 5.000 6.27479 1.169E+01 8.078E+07 1.447E-07 1.380E-14
955 7.000 1 5.000 6.16699 1.707E+00 5.008E+07 3.409E-08 1.362E-14
1170 3.000 1 5.000 6.13666 4.016E+00 1.477E+12 2.718E-12 1.360E-14
362 1.000 1 5.000 6.22768 1.126E+01 6.902E+07 1.631E-07 1.310E-14
791 1.000 1 5.000 6.18153 1.059E+01 3.673E+12 2.883E-12 1.214E-14
599 9.000 1 5.000 6.19746 1.024E+00 3.154E+09 3.248E-10 1.062E-14
1126 7.000 1 5.000 6.15342 1.288E+00 1.294E+08 9.950E-09 1.023E-14
717 5.000 1 5.000 6.18710 1.642E+00 9.744E+02 1.685E-03 9.422E-15
1033 3.000 1 5.000 6.15740 2.738E+00 1.313E+05 2.086E-05 9.340E-15
737 9.000 1 5.000 6.18548 8.384E-01 1.209E+09 6.938E-10 8.656E-15
695 1.000 1 5.000 6.18713 7.189E+00 2.558E+08 2.811E-08 8.252E-15
522 9.000 1 5.000 6.20072 6.646E-01 1.760E+09 3.775E-10 6.896E-15
582 9.000 1 5.000 6.19802 4.883E-01 4.462E+09 1.094E-10 5.062E-15
374 9.000 1 5.000 6.22616 4.676E-01 2.573E+09 1.817E-10 4.892E-15
1055 9.000 1 5.000 6.15732 4.239E-01 1.661E+09 2.552E-10 4.338E-15
884 9.000 1 5.000 6.17240 4.048E-01 1.168E+09 3.467E-10 4.162E-15
855 9.000 1 5.000 6.17292 3.494E-01 3.229E+09 1.082E-10 3.594E-15
882 9.000 1 5.000 6.17241 3.241E-01 9.183E+08 3.530E-10 3.332E-15
283 9.000 1 5.000 6.24412 3.062E-01 3.640E+09 8.413E-11 3.222E-15
865 1.000 1 5.000 6.17271 2.770E+00 8.406E+09 3.295E-10 3.166E-15
1067 7.000 1 5.000 6.15730 3.740E-01 1.319E+07 2.835E-08 2.976E-15
605 9.000 1 5.000 6.19740 2.727E-01 2.148E+07 1.270E-08 2.826E-15
1166 9.000 1 5.000 6.14581 2.742E-01 2.392E+07 1.147E-08 2.794E-15
278 9.000 1 5.000 6.24471 2.646E-01 5.747E+09 4.604E-11 2.784E-15
1012 9.000 1 5.000 6.15786 1.761E-01 2.232E+09 7.891E-11 1.802E-15
742 5.000 1 5.000 6.18542 2.596E-01 1.377E+05 1.886E-06 1.489E-15
204 9.000 1 5.000 6.27350 1.320E-01 3.380E+09 3.905E-11 1.402E-15
1171 1.000 1 5.000 6.13640 1.236E+00 2.369E+12 5.217E-13 1.396E-15
400 9.000 1 5.000 6.21737 1.168E-01 4.130E+09 2.827E-11 1.219E-15
293 9.000 1 5.000 6.24098 9.672E-02 6.630E+09 1.459E-11 1.017E-15
308 9.000 1 5.000 6.23902 8.961E-02 7.207E+09 1.243E-11 9.414E-16
597 7.000 1 5.000 6.19747 1.075E-01 1.410E+07 7.625E-09 8.666E-16
1192 9.000 1 5.000 6.13088 7.210E-02 1.461E+11 4.934E-13 7.314E-16
1073 9.000 1 5.000 6.15728 7.108E-02 2.020E+07 3.518E-09 7.272E-16
1041 5.000 1 5.000 6.15735 1.272E-01 6.381E+06 1.993E-08 7.229E-16
376 5.000 1 5.000 6.22604 1.071E-01 1.526E+05 7.018E-07 6.226E-16
1155 9.000 1 5.000 6.14592 4.182E-02 2.473E+09 1.691E-11 4.264E-16
531 9.000 1 5.000 6.20061 3.873E-02 2.059E+05 1.881E-07 4.020E-16
577 1.000 1 5.000 6.19809 3.348E-01 4.620E+08 7.247E-10 3.856E-16
1042 7.000 1 5.000 6.15735 3.637E-02 5.748E+06 6.326E-09 2.894E-16
1180 9.000 1 5.000 6.13096 2.838E-02 7.118E+11 3.987E-14 2.880E-16
745 9.000 1 5.000 6.18540 2.077E-02 4.711E+04 4.408E-07 2.144E-16
1163 9.000 1 5.000 6.14581 1.762E-02 2.071E+07 8.509E-10 1.796E-16
903 9.000 1 5.000 6.17085 1.627E-02 3.516E+09 4.627E-12 1.672E-16
1193 7.000 1 5.000 6.13088 1.691E-02 1.312E+11 1.289E-13 1.335E-16
1164 7.000 1 5.000 6.14581 1.594E-02 2.693E+07 5.920E-10 1.264E-16
638 9.000 1 5.000 6.19226 9.561E-03 6.094E+09 1.569E-12 9.894E-17
946 9.000 1 5.000 6.16711 7.878E-03 4.388E+09 1.795E-12 8.086E-17
1195 9.000 1 5.000 6.13088 7.907E-03 1.344E+11 5.882E-14 8.020E-17
1132 9.000 1 5.000 6.15204 4.644E-03 3.097E+09 1.500E-12 4.744E-17
497 5.000 1 5.000 6.20230 5.564E-03 7.060E+02 7.881E-06 3.208E-17
850 9.000 1 5.000 6.17296 2.346E-03 1.050E+07 2.234E-10 2.412E-17
758 9.000 1 5.000 6.18538 2.227E-03 5.611E+04 3.968E-08 2.300E-17
537 9.000 1 5.000 6.20057 2.061E-03 4.109E+04 5.016E-08 2.138E-17
601 9.000 1 5.000 6.19745 1.839E-03 3.766E+09 4.883E-13 1.906E-17
898 9.000 1 5.000 6.17232 1.747E-03 2.301E+07 7.590E-11 1.796E-17
1046 9.000 1 5.000 6.15735 1.304E-03 1.657E+00 7.872E-04 1.334E-17
618 9.000 1 5.000 6.19396 1.276E-03 5.659E+09 2.254E-13 1.321E-17
1050 9.000 1 5.000 6.15734 8.003E-04 2.548E+06 3.142E-10 8.188E-18
1053 9.000 1 5.000 6.15732 6.574E-04 1.870E+09 3.516E-13 6.726E-18
298 9.000 1 5.000 6.24045 3.521E-04 6.529E+09 5.393E-14 3.700E-18
708 9.000 1 5.000 6.18712 2.302E-04 1.060E+03 2.173E-07 2.378E-18
1045 7.000 1 5.000 6.15735 2.717E-04 2.034E+00 1.336E-04 2.162E-18
1002 9.000 1 5.000 6.15789 1.461E-04 1.180E+06 1.238E-10 1.495E-18
285 9.000 1 5.000 6.24406 1.349E-04 4.444E+09 3.035E-14 1.419E-18
492 9.000 1 5.000 6.20232 1.311E-04 8.151E+02 1.609E-07 1.361E-18
697 9.000 1 5.000 6.18713 1.081E-04 9.194E+03 1.175E-08 1.116E-18
918 9.000 1 5.000 6.16871 7.619E-05 4.211E+09 1.809E-14 7.824E-19
624 9.000 1 5.000 6.19370 7.183E-05 5.531E+09 1.299E-14 7.436E-19
487 9.000 1 5.000 6.20234 6.570E-05 6.711E+03 9.790E-09 6.820E-19
1100 9.000 1 5.000 6.15351 5.686E-05 2.816E+09 2.019E-14 5.810E-19
924 9.000 1 5.000 6.16857 5.408E-05 3.977E+09 1.360E-14 5.552E-19
262 9.000 1 5.000 6.24547 4.426E-05 6.480E+09 6.829E-15 4.658E-19
1007 9.000 1 5.000 6.15788 3.881E-05 4.670E+00 8.311E-06 3.972E-19
714 9.000 1 5.000 6.18711 2.884E-05 1.830E+00 1.576E-05 2.980E-19
773 9.000 1 5.000 6.18442 2.487E-05 9.259E+04 2.686E-10 2.566E-19
559 9.000 1 5.000 6.19961 1.682E-05 6.777E+04 2.482E-10 1.745E-19
705 9.000 1 5.000 6.18712 1.232E-05 1.580E+00 7.797E-06 1.273E-19
856 9.000 1 5.000 6.17291 1.113E-05 7.995E+04 1.393E-10 1.144E-19
1015 9.000 1 5.000 6.15785 7.810E-06 1.086E+05 7.189E-11 7.992E-20
886 9.000 1 5.000 6.17237 6.471E-06 2.608E+09 2.481E-15 6.654E-20
750 9.000 1 5.000 6.18540 3.114E-06 8.043E-01 3.872E-06 3.216E-20
570 9.000 1 5.000 6.19840 2.172E-06 5.445E+09 3.990E-16 2.252E-20
1095 9.000 1 5.000 6.15359 2.179E-06 2.874E+09 7.581E-16 2.228E-20
840 9.000 1 5.000 6.17313 1.422E-06 3.899E+09 3.647E-16 1.463E-20
996 9.000 1 5.000 6.15799 1.041E-06 2.750E+09 3.786E-16 1.065E-20
888 9.000 1 5.000 6.17237 9.030E-07 7.098E+07 1.272E-14 9.284E-21
713 7.000 1 5.000 6.18711 1.053E-06 2.164E+00 4.865E-07 8.460E-21
1119 9.000 1 5.000 6.15344 5.092E-07 6.743E+02 7.552E-10 5.204E-21
938 9.000 1 5.000 6.16847 4.953E-07 2.110E+05 2.347E-12 5.086E-21
1061 9.000 1 5.000 6.15731 2.138E-07 3.090E+06 6.918E-14 2.188E-21
1122 9.000 1 5.000 6.15344 1.916E-07 2.882E+05 6.646E-13 1.958E-21
1136 9.000 1 5.000 6.15196 3.524E-08 2.588E+05 1.362E-13 3.600E-22
950 9.000 1 5.000 6.16700 3.504E-08 1.892E+05 1.853E-13 3.596E-22
1108 9.000 1 5.000 6.15346 1.702E-09 2.541E+05 6.699E-15 1.739E-23
1051 9.000 1 5.000 6.15733 1.238E-09 1.091E+02 1.134E-11 1.267E-23
931 9.000 1 5.000 6.16851 2.329E-10 1.868E+05 1.247E-15 2.392E-24
1185 9.000 1 5.000 6.13088 5.847E-12 4.831E+10 1.210E-22 5.930E-26
1160 9.000 1 5.000 6.14581 4.729E-12 9.890E+04 4.781E-17 4.820E-26
