j g(j) i g(i) wl A A+A^a A/(A+A^a) f
12 2.000 1 4.000 14.6312 3.886E+12 2.710E+14 1.434E-02 6.235E-02
28 6.000 1 4.000 14.0030 2.563E+11 5.584E+12 4.591E-02 1.130E-02
29 4.000 1 4.000 14.0019 2.007E+11 5.899E+12 3.402E-02 5.898E-03
34 6.000 1 4.000 13.9562 8.892E+10 6.052E+12 1.469E-02 3.895E-03
35 4.000 1 4.000 13.9514 8.050E+10 5.208E+12 1.546E-02 2.349E-03
32 2.000 1 4.000 13.9847 1.354E+11 8.210E+11 1.649E-01 1.985E-03
30 4.000 1 4.000 14.0003 6.278E+10 6.139E+12 1.023E-02 1.845E-03
31 2.000 1 4.000 14.0000 1.049E+11 6.479E+12 1.619E-02 1.541E-03
64 6.000 1 4.000 13.9185 2.993E+10 9.611E+11 3.114E-02 1.304E-03
58 2.000 1 4.000 13.9326 8.735E+10 1.823E+11 4.792E-01 1.271E-03
25 6.000 1 4.000 14.0046 2.493E+10 4.880E+12 5.109E-03 1.100E-03
66 4.000 1 4.000 13.9171 3.453E+10 1.010E+12 3.418E-02 1.003E-03
67 6.000 1 4.000 13.9170 1.715E+10 9.336E+11 1.837E-02 7.470E-04
245 6.000 1 4.000 13.8675 1.487E+10 1.003E+12 1.483E-02 6.433E-04
63 4.000 1 4.000 13.9186 1.987E+10 9.847E+11 2.018E-02 5.773E-04
120 6.000 1 4.000 13.8879 1.218E+10 3.543E+11 3.436E-02 5.280E-04
465 2.000 1 4.000 13.8107 3.475E+10 4.921E+14 7.062E-05 4.968E-04
33 4.000 1 4.000 13.9564 1.566E+10 5.977E+12 2.621E-03 4.573E-04
36 2.000 1 4.000 13.9514 2.994E+10 5.112E+12 5.856E-03 4.370E-04
249 4.000 1 4.000 13.8666 1.436E+10 9.657E+11 1.486E-02 4.138E-04
121 4.000 1 4.000 13.8879 1.335E+10 3.982E+11 3.352E-02 3.860E-04
434 2.000 1 4.000 13.8175 2.354E+10 3.949E+14 5.961E-05 3.370E-04
409 2.000 1 4.000 13.8279 2.077E+10 4.961E+14 4.186E-05 2.978E-04
195 6.000 1 4.000 13.8731 5.675E+09 1.693E+11 3.352E-02 2.456E-04
406 6.000 1 4.000 13.8366 5.297E+09 9.235E+11 5.735E-03 2.280E-04
62 6.000 1 4.000 13.9192 4.618E+09 9.347E+11 4.941E-03 2.012E-04
126 6.000 1 4.000 13.8861 4.318E+09 3.343E+11 1.292E-02 1.872E-04
196 4.000 1 4.000 13.8730 6.428E+09 1.849E+11 3.476E-02 1.855E-04
70 2.000 1 4.000 13.9160 1.239E+10 1.094E+12 1.132E-02 1.798E-04
125 4.000 1 4.000 13.8862 5.835E+09 3.157E+11 1.848E-02 1.687E-04
408 4.000 1 4.000 13.8363 5.135E+09 2.249E+12 2.283E-03 1.474E-04
91 2.000 1 4.000 13.8967 1.017E+10 1.266E+11 8.031E-02 1.473E-04
197 2.000 1 4.000 13.8725 9.070E+09 1.577E+11 5.752E-02 1.308E-04
282 6.000 1 4.000 13.8647 2.677E+09 8.717E+10 3.070E-02 1.157E-04
283 4.000 1 4.000 13.8647 4.015E+09 8.463E+10 4.744E-02 1.157E-04
119 6.000 1 4.000 13.8881 2.465E+09 3.309E+11 7.449E-03 1.069E-04
275 2.000 1 4.000 13.8651 7.035E+09 4.942E+10 1.424E-01 1.014E-04
431 6.000 1 4.000 13.8217 2.335E+09 4.031E+11 5.793E-03 1.003E-04
244 4.000 1 4.000 13.8675 2.745E+09 9.885E+11 2.777E-03 7.913E-05
248 2.000 1 4.000 13.8666 5.240E+09 9.344E+11 5.608E-03 7.555E-05
399 2.000 1 4.000 13.8445 5.135E+09 2.269E+11 2.263E-02 7.378E-05
199 6.000 1 4.000 13.8711 1.700E+09 1.462E+11 1.162E-02 7.355E-05
26 4.000 1 4.000 14.0036 2.406E+09 4.811E+12 5.002E-04 7.075E-05
20 6.000 1 4.000 14.0104 1.559E+09 6.060E+12 2.572E-04 6.880E-05
433 4.000 1 4.000 13.8216 2.267E+09 1.058E+12 2.142E-03 6.493E-05
194 6.000 1 4.000 13.8732 1.220E+09 1.513E+11 8.061E-03 5.278E-05
198 4.000 1 4.000 13.8712 1.806E+09 1.299E+11 1.390E-02 5.210E-05
462 6.000 1 4.000 13.8134 1.097E+09 1.926E+11 5.697E-03 4.708E-05
21 4.000 1 4.000 14.0095 1.301E+09 6.053E+12 2.149E-04 3.828E-05
128 2.000 1 4.000 13.8858 2.646E+09 3.501E+11 7.557E-03 3.825E-05
201 2.000 1 4.000 13.8710 2.442E+09 1.544E+11 1.581E-02 3.523E-05
202 2.000 1 4.000 13.8709 2.327E+09 1.339E+11 1.738E-02 3.358E-05
293 6.000 1 4.000 13.8627 7.568E+08 7.216E+10 1.049E-02 3.270E-05
464 4.000 1 4.000 13.8133 1.075E+09 5.232E+11 2.054E-03 3.075E-05
405 4.000 1 4.000 13.8366 1.004E+09 1.137E+12 8.828E-04 2.883E-05
407 2.000 1 4.000 13.8363 1.918E+09 3.295E+13 5.820E-05 2.753E-05
292 4.000 1 4.000 13.8628 9.378E+08 6.819E+10 1.375E-02 2.703E-05
122 2.000 1 4.000 13.8868 1.847E+09 3.893E+11 4.743E-03 2.670E-05
280 6.000 1 4.000 13.8648 5.900E+08 7.346E+10 8.032E-03 2.550E-05
65 2.000 1 4.000 13.9177 1.558E+09 9.693E+11 1.607E-03 2.262E-05
129 2.000 1 4.000 13.8853 1.434E+09 3.586E+11 3.998E-03 2.073E-05
69 2.000 1 4.000 13.9165 1.150E+09 8.503E+11 1.352E-03 1.669E-05
71 4.000 1 4.000 13.9156 4.708E+08 1.006E+12 4.677E-04 1.367E-05
60 4.000 1 4.000 13.9206 4.663E+08 3.205E+11 1.455E-03 1.354E-05
430 4.000 1 4.000 13.8217 4.535E+08 5.021E+11 9.033E-04 1.299E-05
432 2.000 1 4.000 13.8216 8.455E+08 1.461E+13 5.788E-05 1.211E-05
117 4.000 1 4.000 13.8885 4.053E+08 1.420E+11 2.855E-03 1.172E-05
204 2.000 1 4.000 13.8700 7.020E+08 1.438E+11 4.883E-03 1.012E-05
295 2.000 1 4.000 13.8627 5.305E+08 9.363E+10 5.666E-03 7.640E-06
461 4.000 1 4.000 13.8134 2.208E+08 2.450E+11 9.014E-04 6.318E-06
133 2.000 1 4.000 13.8792 4.340E+08 1.378E+11 3.150E-03 6.268E-06
192 4.000 1 4.000 13.8733 2.150E+08 7.072E+10 3.040E-03 6.203E-06
463 2.000 1 4.000 13.8133 4.043E+08 8.143E+12 4.964E-05 5.783E-06
291 2.000 1 4.000 13.8629 3.909E+08 5.851E+10 6.681E-03 5.633E-06
24 2.000 1 4.000 14.0089 2.744E+08 6.085E+12 4.508E-05 4.035E-06
277 4.000 1 4.000 13.8648 1.127E+08 3.731E+10 3.020E-03 3.248E-06
18 4.000 1 4.000 14.0202 6.855E+07 1.849E+12 3.707E-05 2.020E-06
241 6.000 1 4.000 13.8677 1.997E+07 2.661E+09 7.502E-03 8.635E-07
127 4.000 1 4.000 13.8860 2.655E+07 3.472E+11 7.647E-05 7.675E-07
27 2.000 1 4.000 14.0032 5.211E+07 4.776E+12 1.091E-05 7.657E-07
294 4.000 1 4.000 13.8627 1.131E+07 9.451E+10 1.196E-04 3.258E-07
130 4.000 1 4.000 13.8849 9.215E+06 3.489E+11 2.641E-05 2.663E-07
217 6.000 1 4.000 13.8677 5.935E+06 5.355E+08 1.108E-02 2.568E-07
218 4.000 1 4.000 13.8677 6.638E+06 5.165E+09 1.285E-03 1.914E-07
257 6.000 1 4.000 13.8657 3.385E+06 5.114E+06 6.618E-01 1.464E-07
393 6.000 1 4.000 13.8456 3.075E+06 1.169E+07 2.632E-01 1.326E-07
68 4.000 1 4.000 13.9168 3.974E+06 8.900E+11 4.465E-06 1.154E-07
214 4.000 1 4.000 13.8678 3.825E+06 2.977E+09 1.285E-03 1.103E-07
101 6.000 1 4.000 13.8952 2.147E+06 5.071E+06 4.233E-01 9.318E-08
200 4.000 1 4.000 13.8711 3.015E+06 1.701E+11 1.773E-05 8.696E-08
416 6.000 1 4.000 13.8266 1.985E+06 8.781E+10 2.261E-05 8.538E-08
88 6.000 1 4.000 13.8970 1.567E+06 4.036E+06 3.882E-01 6.805E-08
172 6.000 1 4.000 13.8760 1.252E+06 3.667E+06 3.414E-01 5.420E-08
441 6.000 1 4.000 13.8163 1.226E+06 5.633E+10 2.176E-05 5.263E-08
109 6.000 1 4.000 13.8939 1.210E+06 4.592E+06 2.634E-01 5.253E-08
302 4.000 1 4.000 13.8616 1.635E+06 6.605E+10 2.475E-05 4.708E-08
188 6.000 1 4.000 13.8749 8.842E+05 3.769E+06 2.346E-01 3.828E-08
472 6.000 1 4.000 13.8101 7.352E+05 3.745E+10 1.963E-05 3.153E-08
160 6.000 1 4.000 13.8780 6.905E+05 2.915E+06 2.368E-01 2.990E-08
85 6.000 1 4.000 13.8972 6.407E+05 1.580E+06 4.054E-01 2.783E-08
297 2.000 1 4.000 13.8617 1.811E+06 6.619E+10 2.735E-05 2.608E-08
354 6.000 1 4.000 13.8595 5.868E+05 1.810E+06 3.242E-01 2.535E-08
272 6.000 1 4.000 13.8656 4.758E+05 1.901E+06 2.503E-01 2.057E-08
344 6.000 1 4.000 13.8615 3.732E+05 1.552E+06 2.404E-01 1.612E-08
394 4.000 1 4.000 13.8456 4.875E+05 1.169E+07 4.171E-02 1.401E-08
285 6.000 1 4.000 13.8646 3.163E+05 1.499E+08 2.110E-03 1.367E-08
86 4.000 1 4.000 13.8972 4.518E+05 3.520E+06 1.283E-01 1.308E-08
380 6.000 1 4.000 13.8583 3.003E+05 1.781E+06 1.686E-01 1.297E-08
43 8.000 1 4.000 13.9399 2.179E+05 5.680E+09 3.836E-05 1.270E-08
41 8.000 1 4.000 13.9406 2.131E+05 6.209E+09 3.432E-05 1.242E-08
146 6.000 1 4.000 13.8781 2.867E+05 1.220E+06 2.349E-01 1.242E-08
273 4.000 1 4.000 13.8656 3.398E+05 3.088E+06 1.100E-01 9.795E-09
417 4.000 1 4.000 13.8266 3.125E+05 7.202E+10 4.339E-06 8.958E-09
75 8.000 1 4.000 13.8982 1.495E+05 3.142E+09 4.759E-05 8.657E-09
82 4.000 1 4.000 13.8973 2.958E+05 2.241E+06 1.320E-01 8.560E-09
115 8.000 1 4.000 13.8888 1.416E+05 7.697E+09 1.840E-05 8.190E-09
46 6.000 1 4.000 13.9386 1.872E+05 6.671E+09 2.806E-05 8.180E-09
203 4.000 1 4.000 13.8700 2.755E+05 1.452E+11 1.897E-06 7.945E-09
104 6.000 1 4.000 13.8949 1.810E+05 2.664E+06 6.795E-02 7.860E-09
47 4.000 1 4.000 13.9381 2.515E+05 5.549E+09 4.533E-05 7.328E-09
78 6.000 1 4.000 13.8978 1.475E+05 2.969E+09 4.968E-05 6.408E-09
148 4.000 1 4.000 13.8781 2.160E+05 2.091E+06 1.033E-01 6.238E-09
181 6.000 1 4.000 13.8759 1.385E+05 2.168E+06 6.387E-02 5.995E-09
105 4.000 1 4.000 13.8949 2.038E+05 3.977E+06 5.124E-02 5.898E-09
79 4.000 1 4.000 13.8975 2.016E+05 2.878E+09 7.004E-05 5.838E-09
42 6.000 1 4.000 13.9399 1.312E+05 6.460E+09 2.031E-05 5.735E-09
310 6.000 1 4.000 13.8615 1.313E+05 6.678E+05 1.965E-01 5.673E-09
45 2.000 1 4.000 13.9388 3.839E+05 6.489E+09 5.916E-05 5.590E-09
442 4.000 1 4.000 13.8163 1.921E+05 4.538E+10 4.234E-06 5.498E-09
19 8.000 1 4.000 14.0114 8.608E+04 6.084E+12 1.415E-08 5.067E-09
123 6.000 1 4.000 13.8867 1.095E+05 7.935E+09 1.380E-05 4.750E-09
313 4.000 1 4.000 13.8615 1.622E+05 1.097E+08 1.478E-03 4.670E-09
137 8.000 1 4.000 13.8786 8.052E+04 1.698E+09 4.742E-05 4.650E-09
77 8.000 1 4.000 13.8978 7.841E+04 3.288E+09 2.385E-05 4.542E-09
388 8.000 1 4.000 13.8466 7.828E+04 4.176E+09 1.874E-05 4.500E-09
44 4.000 1 4.000 13.9392 1.519E+05 6.050E+09 2.510E-05 4.423E-09
49 6.000 1 4.000 13.9375 9.543E+04 1.138E+10 8.384E-06 4.170E-09
140 6.000 1 4.000 13.8784 9.337E+04 1.668E+09 5.596E-05 4.045E-09
80 2.000 1 4.000 13.8974 2.679E+05 2.293E+09 1.168E-04 3.878E-09
143 4.000 1 4.000 13.8781 1.338E+05 9.674E+05 1.383E-01 3.863E-09
182 4.000 1 4.000 13.8759 1.258E+05 2.939E+06 4.279E-02 3.630E-09
375 6.000 1 4.000 13.8594 7.725E+04 1.075E+06 7.189E-02 3.338E-09
473 4.000 1 4.000 13.8101 1.143E+05 2.987E+10 3.828E-06 3.270E-09
307 4.000 1 4.000 13.8615 1.130E+05 1.335E+09 8.468E-05 3.255E-09
141 4.000 1 4.000 13.8782 1.005E+05 1.670E+09 6.016E-05 2.900E-09
208 8.000 1 4.000 13.8680 4.884E+04 9.697E+08 5.037E-05 2.817E-09
391 6.000 1 4.000 13.8458 6.473E+04 4.782E+09 1.354E-05 2.790E-09
92 6.000 1 4.000 13.8963 5.999E+04 4.865E+10 1.233E-06 2.605E-09
211 6.000 1 4.000 13.8679 5.788E+04 9.838E+08 5.884E-05 2.503E-09
411 8.000 1 4.000 13.8271 4.268E+04 3.765E+11 1.133E-07 2.446E-09
95 8.000 1 4.000 13.8959 3.970E+04 3.608E+09 1.100E-05 2.299E-09
94 4.000 1 4.000 13.8960 7.393E+04 1.461E+10 5.061E-06 2.140E-09
124 4.000 1 4.000 13.8867 7.200E+04 7.870E+09 9.148E-06 2.082E-09
212 4.000 1 4.000 13.8678 6.773E+04 1.037E+09 6.532E-05 1.953E-09
48 8.000 1 4.000 13.9375 3.244E+04 5.906E+09 5.492E-06 1.890E-09
139 8.000 1 4.000 13.8784 3.232E+04 1.908E+09 1.695E-05 1.867E-09
376 4.000 1 4.000 13.8594 6.090E+04 1.503E+06 4.051E-02 1.754E-09
300 8.000 1 4.000 13.8617 2.954E+04 5.797E+08 5.095E-05 1.702E-09
414 6.000 1 4.000 13.8268 3.650E+04 7.422E+11 4.918E-08 1.570E-09
304 6.000 1 4.000 13.8616 3.608E+04 6.080E+08 5.934E-05 1.560E-09
154 2.000 1 4.000 13.8780 9.995E+04 1.927E+09 5.186E-05 1.443E-09
436 8.000 1 4.000 13.8166 2.426E+04 2.151E+11 1.128E-07 1.389E-09
116 2.000 1 4.000 13.8888 9.585E+04 1.274E+10 7.523E-06 1.386E-09
166 8.000 1 4.000 13.8765 2.315E+04 2.097E+09 1.104E-05 1.337E-09
113 6.000 1 4.000 13.8888 3.082E+04 7.476E+09 4.122E-06 1.337E-09
114 4.000 1 4.000 13.8888 4.538E+04 1.216E+10 3.732E-06 1.312E-09
165 6.000 1 4.000 13.8767 3.027E+04 2.411E+09 1.256E-05 1.311E-09
305 4.000 1 4.000 13.8615 4.475E+04 5.971E+08 7.495E-05 1.290E-09
392 4.000 1 4.000 13.8458 4.298E+04 4.759E+09 9.030E-06 1.235E-09
51 4.000 1 4.000 13.9369 3.820E+04 1.197E+10 3.190E-06 1.113E-09
231 2.000 1 4.000 13.8677 7.260E+04 8.816E+08 8.235E-05 1.047E-09
52 2.000 1 4.000 13.9368 6.885E+04 5.259E+09 1.309E-05 1.002E-09
167 4.000 1 4.000 13.8765 3.440E+04 2.927E+09 1.175E-05 9.930E-10
210 8.000 1 4.000 13.8679 1.660E+04 1.170E+09 1.419E-05 9.575E-10
439 6.000 1 4.000 13.8164 2.162E+04 4.375E+11 4.941E-08 9.283E-10
99 2.000 1 4.000 13.8955 6.190E+04 3.385E+09 1.829E-05 8.963E-10
76 6.000 1 4.000 13.8981 1.978E+04 1.861E+09 1.063E-05 8.595E-10
390 2.000 1 4.000 13.8465 5.715E+04 7.594E+09 7.526E-06 8.215E-10
467 8.000 1 4.000 13.8103 1.409E+04 1.284E+11 1.097E-07 8.060E-10
251 8.000 1 4.000 13.8659 1.396E+04 1.256E+09 1.111E-05 8.045E-10
61 8.000 1 4.000 13.9197 1.368E+04 9.560E+11 1.430E-08 7.943E-10
53 6.000 1 4.000 13.9366 1.787E+04 2.250E+10 7.943E-07 7.808E-10
389 4.000 1 4.000 13.8465 2.693E+04 7.232E+09 3.723E-06 7.738E-10
387 6.000 1 4.000 13.8466 1.700E+04 4.151E+09 4.095E-06 7.328E-10
96 6.000 1 4.000 13.8958 1.670E+04 4.490E+09 3.719E-06 7.253E-10
330 2.000 1 4.000 13.8615 5.005E+04 5.357E+08 9.343E-05 7.210E-10
415 4.000 1 4.000 13.8268 2.444E+04 2.462E+12 9.929E-09 7.005E-10
93 6.000 1 4.000 13.8961 1.569E+04 1.846E+11 8.500E-08 6.814E-10
250 6.000 1 4.000 13.8660 1.537E+04 7.960E+08 1.931E-05 6.648E-10
138 6.000 1 4.000 13.8786 1.417E+04 1.472E+09 9.623E-06 6.138E-10
470 6.000 1 4.000 13.8102 1.328E+04 2.674E+11 4.966E-08 5.695E-10
252 4.000 1 4.000 13.8659 1.854E+04 1.127E+09 1.645E-05 5.343E-10
303 8.000 1 4.000 13.8616 9.124E+03 7.429E+08 1.228E-05 5.257E-10
413 2.000 1 4.000 13.8271 3.583E+04 3.853E+12 9.300E-09 5.135E-10
412 4.000 1 4.000 13.8271 1.680E+04 4.947E+12 3.395E-09 4.815E-10
348 8.000 1 4.000 13.8596 8.354E+03 7.731E+08 1.081E-05 4.812E-10
39 6.000 1 4.000 13.9411 1.031E+04 2.686E+09 3.839E-06 4.508E-10
170 2.000 1 4.000 13.8762 3.048E+04 1.876E+09 1.625E-05 4.400E-10
440 4.000 1 4.000 13.8164 1.454E+04 1.517E+12 9.589E-09 4.163E-10
410 6.000 1 4.000 13.8271 9.272E+03 5.011E+11 1.850E-08 3.988E-10
209 6.000 1 4.000 13.8680 9.197E+03 8.985E+08 1.024E-05 3.978E-10
347 6.000 1 4.000 13.8596 8.708E+03 4.528E+08 1.923E-05 3.763E-10
349 4.000 1 4.000 13.8596 1.115E+04 5.933E+08 1.879E-05 3.210E-10
438 2.000 1 4.000 13.8166 2.128E+04 2.309E+12 9.215E-09 3.045E-10
437 4.000 1 4.000 13.8166 9.915E+03 2.884E+12 3.438E-09 2.838E-10
118 8.000 1 4.000 13.8883 4.789E+03 3.333E+11 1.437E-08 2.770E-10
255 2.000 1 4.000 13.8658 1.820E+04 1.099E+09 1.656E-05 2.623E-10
471 4.000 1 4.000 13.8102 8.963E+03 9.635E+11 9.302E-09 2.563E-10
301 6.000 1 4.000 13.8616 5.790E+03 4.757E+08 1.217E-05 2.503E-10
168 6.000 1 4.000 13.8764 5.392E+03 1.692E+09 3.188E-06 2.335E-10
435 6.000 1 4.000 13.8166 5.270E+03 2.874E+11 1.834E-08 2.263E-10
97 4.000 1 4.000 13.8955 7.431E+03 3.217E+10 2.310E-07 2.151E-10
73 4.000 1 4.000 13.8985 6.588E+03 1.330E+09 4.954E-06 1.908E-10
469 2.000 1 4.000 13.8103 1.276E+04 1.308E+12 9.755E-09 1.824E-10
468 4.000 1 4.000 13.8103 5.908E+03 1.783E+12 3.314E-09 1.689E-10
351 2.000 1 4.000 13.8595 1.168E+04 6.541E+08 1.786E-05 1.682E-10
466 6.000 1 4.000 13.8103 3.060E+03 1.708E+11 1.792E-08 1.313E-10
193 8.000 1 4.000 13.8733 2.091E+03 1.453E+11 1.440E-08 1.207E-10
253 6.000 1 4.000 13.8659 2.348E+03 1.054E+09 2.229E-06 1.015E-10
98 4.000 1 4.000 13.8955 3.340E+03 5.161E+11 6.472E-09 9.667E-11
38 4.000 1 4.000 13.9418 3.263E+03 1.675E+09 1.948E-06 9.505E-11
135 4.000 1 4.000 13.8787 2.990E+03 8.264E+08 3.618E-06 8.633E-11
107 4.000 1 4.000 13.8946 2.895E+03 6.477E+09 4.470E-07 8.378E-11
206 4.000 1 4.000 13.8681 2.454E+03 4.488E+08 5.468E-06 7.075E-11
50 6.000 1 4.000 13.9373 1.324E+03 6.557E+11 2.020E-09 5.784E-11
350 6.000 1 4.000 13.8596 1.317E+03 6.527E+08 2.018E-06 5.690E-11
279 8.000 1 4.000 13.8648 9.740E+02 6.757E+10 1.441E-08 5.615E-11
299 4.000 1 4.000 13.8617 1.718E+03 2.475E+08 6.942E-06 4.948E-11
106 6.000 1 4.000 13.8948 9.898E+02 3.840E+09 2.578E-07 4.298E-11
397 6.000 1 4.000 13.8452 7.918E+02 5.534E+06 1.431E-04 3.413E-11
426 6.000 1 4.000 13.8264 7.125E+02 4.379E+10 1.627E-08 3.063E-11
72 2.000 1 4.000 13.8987 1.574E+03 8.391E+08 1.876E-06 2.279E-11
457 6.000 1 4.000 13.8162 5.237E+02 2.563E+10 2.043E-08 2.248E-11
55 4.000 1 4.000 13.9360 6.817E+02 6.911E+11 9.864E-10 1.985E-11
13 6.000 1 4.000 14.0670 4.415E+02 4.097E+12 1.078E-10 1.965E-11
163 6.000 1 4.000 13.8774 4.356E+02 9.898E+10 4.401E-09 1.887E-11
142 2.000 1 4.000 13.8782 1.304E+03 6.297E+04 2.070E-02 1.882E-11
494 6.000 1 4.000 13.8100 3.997E+02 1.632E+10 2.449E-08 1.715E-11
22 2.000 1 4.000 14.0093 9.274E+02 5.424E+12 1.710E-10 1.364E-11
23 4.000 1 4.000 14.0093 4.619E+02 5.267E+12 8.770E-11 1.359E-11
37 2.000 1 4.000 13.9421 7.520E+02 1.977E+09 3.804E-07 1.096E-11
185 4.000 1 4.000 13.8752 3.615E+02 1.928E+09 1.875E-07 1.043E-11
213 2.000 1 4.000 13.8678 6.755E+02 4.294E+04 1.573E-02 9.740E-12
16 4.000 1 4.000 14.0525 2.954E+02 9.929E+12 2.975E-11 8.746E-12
17 2.000 1 4.000 14.0504 5.828E+02 9.748E+12 5.978E-11 8.626E-12
134 2.000 1 4.000 13.8789 5.015E+02 3.301E+08 1.519E-06 7.243E-12
205 2.000 1 4.000 13.8681 5.025E+02 2.005E+08 2.507E-06 7.243E-12
132 2.000 1 4.000 13.8846 4.773E+02 9.679E+11 4.931E-10 6.896E-12
131 4.000 1 4.000 13.8846 2.289E+02 9.390E+11 2.438E-10 6.616E-12
14 4.000 1 4.000 14.0653 2.184E+02 4.102E+12 5.324E-11 6.478E-12
183 6.000 1 4.000 13.8754 1.390E+02 1.536E+09 9.049E-08 6.019E-12
81 2.000 1 4.000 13.8973 3.954E+02 7.511E+04 5.264E-03 5.726E-12
296 2.000 1 4.000 13.8617 3.863E+02 1.303E+08 2.964E-06 5.565E-12
401 2.000 1 4.000 13.8442 3.671E+02 3.349E+11 1.096E-09 5.275E-12
400 4.000 1 4.000 13.8442 1.752E+02 3.250E+11 5.391E-10 5.034E-12
281 4.000 1 4.000 13.8648 1.421E+02 1.064E+09 1.335E-07 4.095E-12
169 4.000 1 4.000 13.8763 1.230E+02 1.962E+09 6.268E-08 3.550E-12
378 4.000 1 4.000 13.8585 1.105E+02 6.872E+08 1.608E-07 3.183E-12
429 2.000 1 4.000 13.8258 1.944E+02 7.853E+11 2.476E-10 2.785E-12
246 6.000 1 4.000 13.8672 6.303E+01 4.705E+10 1.340E-09 2.726E-12
428 4.000 1 4.000 13.8258 9.383E+01 8.205E+11 1.144E-10 2.689E-12
460 2.000 1 4.000 13.8157 9.883E+01 3.772E+11 2.620E-10 1.414E-12
459 4.000 1 4.000 13.8157 4.787E+01 3.684E+11 1.299E-10 1.370E-12
278 6.000 1 4.000 13.8648 2.534E+01 8.353E+08 3.034E-08 1.096E-12
352 4.000 1 4.000 13.8595 3.760E+01 6.266E+08 6.000E-08 1.083E-12
54 4.000 1 4.000 13.9361 3.641E+01 2.894E+11 1.258E-10 1.060E-12
15 2.000 1 4.000 14.0641 5.888E+01 4.090E+12 1.440E-11 8.730E-13
186 2.000 1 4.000 13.8751 5.355E+01 2.098E+11 2.552E-10 7.728E-13
377 6.000 1 4.000 13.8585 1.719E+01 5.219E+08 3.293E-08 7.419E-13
164 4.000 1 4.000 13.8771 2.258E+01 2.681E+11 8.419E-11 6.519E-13
111 2.000 1 4.000 13.8937 4.015E+01 3.774E+11 1.064E-10 5.809E-13
306 2.000 1 4.000 13.8615 3.645E+01 2.408E+08 1.514E-07 5.250E-13
59 2.000 1 4.000 13.9324 3.594E+01 1.904E+12 1.887E-11 5.229E-13
56 2.000 1 4.000 13.9346 2.952E+01 7.530E+11 3.920E-11 4.297E-13
276 2.000 1 4.000 13.8651 2.643E+01 1.236E+11 2.139E-10 3.810E-13
247 4.000 1 4.000 13.8671 1.015E+01 1.462E+11 6.939E-11 2.925E-13
112 2.000 1 4.000 13.8925 1.623E+01 5.875E+11 2.762E-11 2.348E-13
219 4.000 1 4.000 13.8677 5.290E+00 2.188E+01 2.418E-01 1.525E-13
311 4.000 1 4.000 13.8615 4.620E+00 1.898E+01 2.434E-01 1.331E-13
147 4.000 1 4.000 13.8781 4.065E+00 1.887E+01 2.154E-01 1.174E-13
227 6.000 1 4.000 13.8677 2.637E+00 1.377E+03 1.915E-03 1.141E-13
324 6.000 1 4.000 13.8615 2.262E+00 1.189E+03 1.901E-03 9.770E-14
237 8.000 1 4.000 13.8677 1.686E+00 2.614E+03 6.451E-04 9.720E-14
57 4.000 1 4.000 13.9342 3.262E+00 1.725E+12 1.892E-12 9.493E-14
340 8.000 1 4.000 13.8615 1.574E+00 2.257E+03 6.972E-04 9.065E-14
152 6.000 1 4.000 13.8780 2.070E+00 1.138E+03 1.818E-03 8.970E-14
110 4.000 1 4.000 13.8939 2.833E+00 4.044E+11 7.007E-12 8.199E-14
191 2.000 1 4.000 13.8741 5.175E+00 2.120E+11 2.441E-11 7.468E-14
155 8.000 1 4.000 13.8780 1.199E+00 2.322E+03 5.164E-04 6.925E-14
274 4.000 1 4.000 13.8651 2.383E+00 7.657E+10 3.112E-11 6.868E-14
184 4.000 1 4.000 13.8753 2.051E+00 1.492E+11 1.374E-11 5.921E-14
446 8.000 1 4.000 13.8163 1.002E+00 5.181E+09 1.933E-10 5.732E-14
477 8.000 1 4.000 13.8101 9.356E-01 3.877E+09 2.413E-10 5.350E-14
100 8.000 1 4.000 13.8952 8.874E-01 2.235E+06 3.970E-07 5.138E-14
228 8.000 1 4.000 13.8677 8.861E-01 1.240E+03 7.144E-04 5.110E-14
325 8.000 1 4.000 13.8615 8.611E-01 1.071E+03 8.043E-04 4.963E-14
312 6.000 1 4.000 13.8615 9.687E-01 6.069E+01 1.596E-02 4.185E-14
421 8.000 1 4.000 13.8265 7.260E-01 5.998E+09 1.210E-10 4.162E-14
171 8.000 1 4.000 13.8761 7.036E-01 1.851E+06 3.800E-07 4.062E-14
87 8.000 1 4.000 13.8970 6.756E-01 2.358E+06 2.865E-07 3.912E-14
220 6.000 1 4.000 13.8677 8.607E-01 7.027E+01 1.225E-02 3.723E-14
153 8.000 1 4.000 13.8780 6.242E-01 1.021E+03 6.111E-04 3.605E-14
256 8.000 1 4.000 13.8657 5.221E-01 1.320E+06 3.956E-07 3.010E-14
108 8.000 1 4.000 13.8939 4.609E-01 2.995E+06 1.539E-07 2.668E-14
157 8.000 1 4.000 13.8780 4.310E-01 2.109E+06 2.043E-07 2.489E-14
187 8.000 1 4.000 13.8749 4.059E-01 2.529E+06 1.605E-07 2.343E-14
180 8.000 1 4.000 13.8759 3.894E-01 1.889E+03 2.061E-04 2.248E-14
223 6.000 1 4.000 13.8677 4.622E-01 4.717E-01 9.799E-01 1.999E-14
271 8.000 1 4.000 13.8656 3.290E-01 2.068E+03 1.591E-04 1.897E-14
149 6.000 1 4.000 13.8781 3.963E-01 6.316E+01 6.275E-03 1.717E-14
374 8.000 1 4.000 13.8594 2.729E-01 1.767E+03 1.544E-04 1.571E-14
353 8.000 1 4.000 13.8595 2.717E-01 9.354E+05 2.905E-07 1.566E-14
236 8.000 1 4.000 13.8677 2.645E-01 1.616E+06 1.637E-07 1.525E-14
445 6.000 1 4.000 13.8163 2.492E-01 5.118E+09 4.868E-11 1.070E-14
476 6.000 1 4.000 13.8101 2.322E-01 3.825E+09 6.069E-11 9.958E-15
339 8.000 1 4.000 13.8615 1.608E-01 1.166E+06 1.379E-07 9.258E-15
379 8.000 1 4.000 13.8583 1.365E-01 1.294E+06 1.055E-07 7.860E-15
420 6.000 1 4.000 13.8265 1.807E-01 5.939E+09 3.042E-11 7.770E-15
254 4.000 1 4.000 13.8658 2.132E-01 1.061E+09 2.010E-10 6.145E-15
290 2.000 1 4.000 13.8640 2.665E-01 8.990E+10 2.964E-12 3.839E-15
270 6.000 1 4.000 13.8656 7.780E-02 2.271E+03 3.425E-05 3.365E-15
173 8.000 1 4.000 13.8760 4.832E-02 2.023E+03 2.389E-05 2.790E-15
373 6.000 1 4.000 13.8594 6.340E-02 1.935E+03 3.277E-05 2.738E-15
179 6.000 1 4.000 13.8759 6.153E-02 2.071E+03 2.971E-05 2.665E-15
284 8.000 1 4.000 13.8646 3.914E-02 1.810E+06 2.162E-08 2.256E-15
258 8.000 1 4.000 13.8657 1.796E-02 2.261E+03 7.945E-06 1.036E-15
355 8.000 1 4.000 13.8594 1.707E-02 1.952E+03 8.746E-06 9.832E-16
286 8.000 1 4.000 13.8646 1.611E-02 2.907E+03 5.543E-06 9.290E-16
316 6.000 1 4.000 13.8615 1.732E-02 3.061E-02 5.658E-01 7.480E-16
381 8.000 1 4.000 13.8583 5.925E-03 2.510E+03 2.361E-06 3.413E-16
189 8.000 1 4.000 13.8749 2.356E-03 2.615E+03 9.010E-07 1.360E-16
398 8.000 1 4.000 13.8452 4.514E-04 5.543E+06 8.143E-11 2.595E-17
427 8.000 1 4.000 13.8264 3.581E-04 5.197E+10 6.891E-15 2.053E-17
455 8.000 1 4.000 13.8162 3.280E-04 7.165E+09 4.578E-14 1.878E-17
492 8.000 1 4.000 13.8101 2.934E-04 4.699E+09 6.244E-14 1.678E-17
162 8.000 1 4.000 13.8780 2.693E-04 3.012E+06 8.940E-11 1.555E-17
424 8.000 1 4.000 13.8264 2.702E-04 1.095E+10 2.469E-14 1.549E-17
458 8.000 1 4.000 13.8162 2.457E-04 3.130E+10 7.852E-15 1.407E-17
243 8.000 1 4.000 13.8677 2.336E-04 2.178E+06 1.072E-10 1.347E-17
90 8.000 1 4.000 13.8970 2.004E-04 3.572E+06 5.610E-11 1.160E-17
346 8.000 1 4.000 13.8615 1.824E-04 1.525E+06 1.196E-10 1.051E-17
495 8.000 1 4.000 13.8100 1.711E-04 2.025E+10 8.452E-15 9.785E-18
263 8.000 1 4.000 13.8656 1.510E-04 2.355E+06 6.411E-11 8.707E-18
176 8.000 1 4.000 13.8760 1.398E-04 3.230E+06 4.326E-11 8.067E-18
362 8.000 1 4.000 13.8594 9.320E-05 1.689E+06 5.518E-11 5.368E-18
103 8.000 1 4.000 13.8950 7.400E-05 3.713E+06 1.993E-11 4.285E-18
320 8.000 1 4.000 13.8615 1.229E-07 7.524E-06 1.633E-02 7.080E-21
224 8.000 1 4.000 13.8677 3.785E-08 1.204E-02 3.143E-06 2.182E-21
326 8.000 1 4.000 13.8615 2.040E-08 1.226E+00 1.664E-08 1.175E-21
268 8.000 1 4.000 13.8656 1.873E-08 1.322E+00 1.417E-08 1.079E-21
371 8.000 1 4.000 13.8594 1.663E-08 1.827E+00 9.098E-09 9.573E-22
229 8.000 1 4.000 13.8677 1.425E-08 8.871E-01 1.606E-08 8.220E-22
395 8.000 1 4.000 13.8455 1.614E-09 4.633E+06 3.483E-16 9.273E-23
418 8.000 1 4.000 13.8266 1.446E-09 6.168E+10 2.345E-20 8.290E-23
443 8.000 1 4.000 13.8163 1.072E-09 3.703E+10 2.894E-20 6.135E-23
317 8.000 1 4.000 13.8615 9.636E-10 1.678E-02 5.744E-08 5.552E-23
474 8.000 1 4.000 13.8101 7.434E-10 2.386E+10 3.115E-20 4.250E-23
480 8.000 1 4.000 13.8101 1.277E-14 3.534E+08 3.615E-23 7.307E-28
449 8.000 1 4.000 13.8163 9.794E-15 3.237E+08 3.026E-23 5.605E-28
