!@# 6 5.00 10.0 30.0 100. 300. 0.100E+04
i j E(eV) a0 a1 a2
1 98 8827.013662 6.387E-08 1.653E+03 -3.045E+00
4 98 2160.430161 7.829E-12 4.437E+02 -2.414E+00
10 98 956.387521 9.997E-13 1.882E+02 -2.327E+00
20 98 536.567214 2.453E-13 8.731E+01 -2.267E+00
34 98 342.800552 9.221E-14 4.532E+01 -2.232E+00
52 98 237.754797 4.459E-14 2.535E+01 -2.210E+00
75 98 174.500923 2.282E-14 1.233E+01 -2.183E+00
2 98 2191.114335 9.142E-12 5.843E+02 -2.552E+00
8 98 964.713740 3.698E-13 1.851E+02 -2.340E+00
13 98 947.629216 1.193E-07 1.984E+02 -4.079E+00
18 98 540.014518 8.332E-14 8.337E+01 -2.270E+00
23 98 532.938123 5.650E-09 2.079E+02 -3.785E+00
32 98 344.567877 3.094E-14 4.297E+01 -2.232E+00
37 98 340.977758 3.142E-10 1.530E+02 -3.502E+00
50 98 238.790717 1.492E-14 2.391E+01 -2.211E+00
55 98 236.724541 3.608E-11 1.108E+02 -3.294E+00
72 98 175.174231 7.636E-15 1.138E+01 -2.183E+00
77 98 173.878284 7.669E-12 8.353E+01 -3.152E+00
3 98 2163.854829 2.314E-08 3.629E+02 -3.444E+00
9 98 957.148529 4.184E-10 3.202E+02 -3.123E+00
19 98 536.887776 1.506E-11 1.717E+02 -2.835E+00
33 98 342.979558 1.911E-12 9.863E+01 -2.666E+00
51 98 237.873364 4.378E-13 5.869E+01 -2.549E+00
73 98 174.594270 1.663E-13 3.948E+01 -2.484E+00
5 98 2160.084194 8.747E-09 3.609E+02 -3.448E+00
7 98 2126.432085 8.645E-09 3.190E+02 -3.394E+00
11 98 956.073200 1.573E-10 3.189E+02 -3.126E+00
15 98 946.452993 2.701E-10 3.168E+02 -3.131E+00
21 98 536.437788 5.662E-12 1.710E+02 -2.838E+00
25 98 532.401370 1.041E-11 1.719E+02 -2.850E+00
35 98 342.748919 7.182E-13 9.833E+01 -2.669E+00
39 98 340.675074 1.319E-12 9.904E+01 -2.681E+00
53 98 237.739013 1.679E-13 5.912E+01 -2.555E+00
57 98 236.527589 3.276E-13 6.184E+01 -2.575E+00
74 98 174.508323 6.288E-14 3.951E+01 -2.487E+00
82 98 173.729382 1.140E-13 4.042E+01 -2.498E+00
6 98 2145.368747 1.058E-08 3.584E+02 -3.467E+00
12 98 951.693402 1.882E-10 3.149E+02 -3.142E+00
22 98 534.593290 6.717E-12 1.690E+02 -2.853E+00
27 98 532.123078 1.058E-06 1.442E+02 -4.755E+00
36 98 341.807594 8.438E-13 9.733E+01 -2.682E+00
41 98 340.560898 1.217E-07 1.614E+02 -4.513E+00
54 98 237.196538 2.105E-13 6.093E+01 -2.577E+00
59 98 236.485227 1.181E-08 1.407E+02 -4.264E+00
76 98 174.169026 7.293E-14 3.970E+01 -2.499E+00
80 98 173.730398 1.808E-09 1.189E+02 -4.072E+00
14 98 947.522935 7.182E-08 1.985E+02 -4.079E+00
17 98 945.682039 1.138E-07 1.989E+02 -4.089E+00
24 98 532.881918 3.410E-09 2.080E+02 -3.785E+00
29 98 532.091653 5.359E-09 2.079E+02 -3.794E+00
38 98 340.946429 1.899E-10 1.531E+02 -3.502E+00
43 98 340.538466 2.977E-10 1.533E+02 -3.512E+00
56 98 236.705539 2.181E-11 1.109E+02 -3.294E+00
61 98 236.468226 3.369E-11 1.110E+02 -3.302E+00
78 98 173.865861 4.639E-12 8.356E+01 -3.152E+00
83 98 173.715733 7.136E-12 8.392E+01 -3.159E+00
16 98 945.871812 8.153E-08 1.987E+02 -4.089E+00
26 98 532.197043 3.841E-09 2.078E+02 -3.794E+00
40 98 340.598539 2.136E-10 1.532E+02 -3.512E+00
44 98 340.371648 1.285E-05 1.197E+02 -5.485E+00
58 98 236.505152 2.418E-11 1.110E+02 -3.302E+00
62 98 236.375807 2.821E-06 1.347E+02 -5.283E+00
79 98 173.740137 5.123E-12 8.388E+01 -3.159E+00
84 98 173.661571 5.032E-07 1.290E+02 -5.085E+00
28 98 532.122140 7.558E-07 1.442E+02 -4.755E+00
31 98 531.751475 1.067E-06 1.450E+02 -4.764E+00
42 98 340.560137 8.691E-08 1.614E+02 -4.513E+00
47 98 340.370164 1.219E-07 1.619E+02 -4.521E+00
60 98 236.484690 8.435E-09 1.407E+02 -4.264E+00
65 98 236.374621 1.152E-08 1.407E+02 -4.269E+00
81 98 173.730020 1.292E-09 1.189E+02 -4.072E+00
87 98 173.660546 1.752E-09 1.189E+02 -4.075E+00
30 98 531.752757 8.299E-07 1.450E+02 -4.764E+00
46 98 340.371207 9.482E-08 1.619E+02 -4.521E+00
64 98 236.375359 8.958E-09 1.407E+02 -4.269E+00
66 98 236.310147 1.809E-04 1.042E+02 -6.258E+00
86 98 173.661066 1.362E-09 1.189E+02 -4.075E+00
88 98 173.620102 6.052E-05 1.156E+02 -6.077E+00
45 98 340.371644 9.992E-06 1.197E+02 -5.485E+00
49 98 340.258259 1.294E-05 1.201E+02 -5.490E+00
63 98 236.375802 2.194E-06 1.347E+02 -5.283E+00
69 98 236.310126 2.777E-06 1.347E+02 -5.285E+00
85 98 173.661567 3.914E-07 1.290E+02 -5.085E+00
91 98 173.620091 4.973E-07 1.289E+02 -5.089E+00
48 98 340.258266 1.059E-05 1.201E+02 -5.490E+00
68 98 236.310132 2.272E-06 1.347E+02 -5.285E+00
90 98 173.620096 4.069E-07 1.289E+02 -5.089E+00
94 98 173.592509 1.906E-03 8.972E+01 -7.017E+00
67 98 236.310147 1.480E-04 1.042E+02 -6.258E+00
71 98 236.266425 1.842E-04 1.045E+02 -6.264E+00
89 98 173.620102 4.952E-05 1.156E+02 -6.077E+00
93 98 173.592516 6.292E-05 1.160E+02 -6.086E+00
70 98 236.266425 1.559E-04 1.045E+02 -6.264E+00
92 98 173.592516 5.324E-05 1.160E+02 -6.086E+00
95 98 173.592509 1.613E-03 8.972E+01 -7.017E+00
97 98 173.572846 1.988E-03 9.007E+01 -7.026E+00
96 98 173.572846 1.723E-03 9.007E+01 -7.026E+00
