j g(j) i g(i) wl A A^a A/A^a f
21 6.000 1 4.000 14.3711 2.555E+12 2.728E+14 9.366E-03 1.187E-01
22 4.000 1 4.000 14.3696 2.558E+12 2.718E+14 9.408E-03 7.918E-02
23 2.000 1 4.000 14.3686 2.559E+12 2.727E+14 9.384E-03 3.960E-02
34 6.000 1 4.000 13.3593 5.153E+11 2.405E+13 2.143E-02 2.068E-02
35 4.000 1 4.000 13.3593 5.155E+11 2.414E+13 2.136E-02 1.379E-02
128 6.000 1 4.000 13.1399 2.207E+11 1.591E+13 1.387E-02 8.565E-03
36 2.000 1 4.000 13.3593 5.155E+11 2.408E+13 2.141E-02 6.898E-03
75 6.000 1 4.000 13.2351 1.594E+11 5.868E+12 2.716E-02 6.278E-03
130 4.000 1 4.000 13.1398 2.193E+11 1.579E+13 1.389E-02 5.678E-03
78 6.000 1 4.000 13.2224 1.370E+11 8.329E+12 1.645E-02 5.388E-03
264 6.000 1 4.000 13.0109 1.238E+11 5.801E+12 2.133E-02 4.710E-03
198 6.000 1 4.000 13.0588 1.220E+11 5.914E+12 2.063E-02 4.680E-03
74 4.000 1 4.000 13.2352 1.601E+11 5.536E+12 2.892E-02 4.203E-03
77 4.000 1 4.000 13.2229 1.352E+11 7.743E+12 1.746E-02 3.545E-03
199 4.000 1 4.000 13.0588 1.221E+11 5.580E+12 2.187E-02 3.120E-03
263 4.000 1 4.000 13.0110 1.219E+11 5.475E+12 2.227E-02 3.095E-03
343 6.000 1 4.000 12.9880 7.490E+10 4.180E+12 1.792E-02 2.843E-03
132 2.000 1 4.000 13.1397 2.189E+11 1.626E+13 1.346E-02 2.833E-03
310 6.000 1 4.000 13.0018 7.418E+10 2.363E+12 3.140E-02 2.820E-03
73 2.000 1 4.000 13.2352 1.609E+11 5.749E+12 2.799E-02 2.113E-03
309 4.000 1 4.000 13.0019 7.603E+10 2.430E+12 3.128E-02 1.927E-03
342 4.000 1 4.000 12.9881 7.543E+10 3.679E+12 2.050E-02 1.908E-03
76 2.000 1 4.000 13.2232 1.341E+11 7.381E+12 1.816E-02 1.757E-03
620 6.000 1 4.000 12.9124 4.287E+10 6.569E+12 6.526E-03 1.608E-03
200 2.000 1 4.000 13.0588 1.221E+11 5.569E+12 2.193E-02 1.561E-03
262 2.000 1 4.000 13.0110 1.205E+11 5.364E+12 2.247E-02 1.530E-03
619 4.000 1 4.000 12.9125 4.350E+10 4.740E+12 9.177E-03 1.087E-03
833 6.000 1 4.000 12.8676 2.755E+10 9.879E+11 2.789E-02 1.026E-03
308 2.000 1 4.000 13.0020 7.745E+10 2.291E+12 3.381E-02 9.818E-04
341 2.000 1 4.000 12.9881 7.590E+10 3.484E+12 2.178E-02 9.600E-04
832 4.000 1 4.000 12.8676 2.678E+10 1.402E+12 1.910E-02 6.648E-04
491 6.000 1 4.000 12.9343 1.703E+10 3.607E+12 4.722E-03 6.405E-04
442 6.000 1 4.000 12.9664 1.628E+10 6.753E+12 2.411E-03 6.155E-04
1120 6.000 1 4.000 12.8413 1.622E+10 1.664E+12 9.748E-03 6.015E-04
618 2.000 1 4.000 12.9126 4.396E+10 8.007E+12 5.489E-03 5.495E-04
490 4.000 1 4.000 12.9344 1.665E+10 3.388E+12 4.914E-03 4.175E-04
1119 4.000 1 4.000 12.8414 1.629E+10 1.264E+12 1.289E-02 4.028E-04
443 4.000 1 4.000 12.9662 1.560E+10 6.675E+12 2.336E-03 3.930E-04
93 6.000 1 4.000 13.1836 5.353E+09 8.950E+12 5.981E-04 2.093E-04
489 2.000 1 4.000 12.9344 1.640E+10 2.998E+12 5.468E-03 2.056E-04
1118 2.000 1 4.000 12.8414 1.636E+10 2.383E+12 6.865E-03 2.022E-04
94 4.000 1 4.000 13.1833 7.605E+09 9.120E+12 8.339E-04 1.982E-04
444 2.000 1 4.000 12.9661 1.539E+10 7.001E+12 2.198E-03 1.940E-04
835 2.000 1 4.000 12.8675 1.367E+10 3.551E+12 3.849E-03 1.697E-04
830 2.000 1 4.000 12.8677 1.307E+10 1.237E+12 1.056E-02 1.623E-04
667 6.000 1 4.000 12.8914 4.223E+09 2.654E+13 1.591E-04 1.578E-04
804 6.000 1 4.000 12.8804 3.490E+09 2.141E+13 1.630E-04 1.302E-04
95 2.000 1 4.000 13.1831 8.980E+09 8.640E+12 1.039E-03 1.170E-04
666 4.000 1 4.000 12.8915 4.120E+09 1.692E+13 2.435E-04 1.026E-04
805 4.000 1 4.000 12.8803 3.130E+09 1.613E+13 1.941E-04 7.783E-05
665 2.000 1 4.000 12.8915 4.082E+09 1.489E+12 2.741E-03 5.085E-05
806 2.000 1 4.000 12.8802 2.752E+09 1.502E+13 1.833E-04 3.423E-05
1259 6.000 1 4.000 12.8110 7.152E+08 5.720E+12 1.250E-04 2.640E-05
1128 6.000 1 4.000 12.8364 6.975E+08 1.039E+13 6.711E-05 2.585E-05
829 4.000 1 4.000 12.8677 1.012E+09 1.793E+12 5.643E-04 2.513E-05
97 6.000 1 4.000 13.1806 6.368E+08 1.090E+13 5.842E-05 2.488E-05
828 2.000 1 4.000 12.8680 1.297E+09 7.362E+12 1.761E-04 1.609E-05
1129 4.000 1 4.000 12.8364 6.003E+08 7.807E+12 7.688E-05 1.483E-05
1260 4.000 1 4.000 12.8110 5.938E+08 4.285E+12 1.386E-04 1.461E-05
260 6.000 1 4.000 13.0116 3.337E+08 9.989E+12 3.340E-05 1.270E-05
25 6.000 1 4.000 14.2591 1.992E+08 3.309E+14 6.019E-07 9.105E-06
122 4.000 1 4.000 13.1445 2.828E+08 1.584E+13 1.785E-05 7.328E-06
1261 2.000 1 4.000 12.8110 5.370E+08 5.564E+12 9.652E-05 6.605E-06
86 6.000 1 4.000 13.1974 1.405E+08 1.411E+13 9.957E-06 5.503E-06
96 4.000 1 4.000 13.1812 1.889E+08 1.095E+13 1.726E-05 4.920E-06
82 4.000 1 4.000 13.2113 1.751E+08 2.331E+13 7.511E-06 4.582E-06
1130 2.000 1 4.000 12.8364 3.218E+08 6.878E+12 4.679E-05 3.975E-06
253 6.000 1 4.000 13.0233 9.998E+07 2.009E+12 4.978E-05 3.813E-06
446 6.000 1 4.000 12.9648 9.125E+07 6.428E+12 1.420E-05 3.450E-06
261 4.000 1 4.000 13.0116 1.173E+08 1.019E+13 1.151E-05 2.978E-06
1131 2.000 1 4.000 12.8363 2.352E+08 7.476E+12 3.145E-05 2.905E-06
437 4.000 1 4.000 12.9680 1.134E+08 4.197E+12 2.703E-05 2.860E-06
85 4.000 1 4.000 13.1974 9.553E+07 1.417E+13 6.740E-06 2.494E-06
431 4.000 1 4.000 12.9738 9.705E+07 1.883E+12 5.154E-05 2.449E-06
108 6.000 1 4.000 13.1520 5.958E+07 2.533E+13 2.352E-06 2.318E-06
434 6.000 1 4.000 12.9728 6.047E+07 4.757E+12 1.271E-05 2.289E-06
803 2.000 1 4.000 12.8804 1.782E+08 2.585E+12 6.895E-05 2.217E-06
250 4.000 1 4.000 13.0233 8.340E+07 1.874E+12 4.450E-05 2.121E-06
445 4.000 1 4.000 12.9652 8.353E+07 5.492E+12 1.521E-05 2.105E-06
461 6.000 1 4.000 12.9500 4.917E+07 3.657E+12 1.344E-05 1.854E-06
377 6.000 1 4.000 12.9842 4.765E+07 4.367E+08 1.091E-01 1.807E-06
433 4.000 1 4.000 12.9728 5.828E+07 4.715E+12 1.236E-05 1.471E-06
32 6.000 1 4.000 13.3917 3.490E+07 5.200E+12 6.713E-06 1.408E-06
24 4.000 1 4.000 14.2593 4.605E+07 3.326E+14 1.385E-07 1.404E-06
28 2.000 1 4.000 14.1618 8.930E+07 2.757E+14 3.239E-07 1.343E-06
123 2.000 1 4.000 13.1443 9.858E+07 1.464E+13 6.732E-06 1.277E-06
83 4.000 1 4.000 13.2011 4.545E+07 5.309E+12 8.561E-06 1.188E-06
822 6.000 1 4.000 12.8684 3.097E+07 5.815E+12 5.325E-06 1.153E-06
724 6.000 1 4.000 12.8823 2.887E+07 1.645E+11 1.755E-04 1.077E-06
251 2.000 1 4.000 13.0233 8.435E+07 1.886E+12 4.471E-05 1.072E-06
836 4.000 1 4.000 12.8664 4.123E+07 2.793E+12 1.476E-05 1.023E-06
726 6.000 1 4.000 12.8822 2.652E+07 1.226E+11 2.163E-04 9.898E-07
81 2.000 1 4.000 13.2116 7.309E+07 2.274E+13 3.215E-06 9.566E-07
381 4.000 1 4.000 12.9842 3.720E+07 3.601E+08 1.033E-01 9.400E-07
328 4.000 1 4.000 12.9928 3.637E+07 1.358E+13 2.678E-06 9.203E-07
708 6.000 1 4.000 12.8831 2.460E+07 5.358E+12 4.591E-06 9.183E-07
110 2.000 1 4.000 13.1513 6.985E+07 8.318E+12 8.398E-06 9.055E-07
729 4.000 1 4.000 12.8822 3.333E+07 2.053E+11 1.623E-04 8.290E-07
483 4.000 1 4.000 12.9356 2.958E+07 1.181E+12 2.505E-05 7.418E-07
846 6.000 1 4.000 12.8658 1.992E+07 2.233E+13 8.920E-07 7.414E-07
91 4.000 1 4.000 13.1853 2.765E+07 1.339E+13 2.065E-06 7.208E-07
151 6.000 1 4.000 13.1115 1.787E+07 1.658E+13 1.078E-06 6.910E-07
704 4.000 1 4.000 12.8836 2.753E+07 1.523E+12 1.807E-05 6.850E-07
140 8.000 1 4.000 13.1236 1.311E+07 4.267E+11 3.073E-05 6.772E-07
56 8.000 1 4.000 13.2658 1.282E+07 1.617E+11 7.933E-05 6.765E-07
707 4.000 1 4.000 12.8831 2.680E+07 5.460E+12 4.908E-06 6.668E-07
164 4.000 1 4.000 13.1028 2.528E+07 1.232E+13 2.051E-06 6.503E-07
31 4.000 1 4.000 13.3918 2.246E+07 5.212E+12 4.309E-06 6.040E-07
844 4.000 1 4.000 12.8659 2.240E+07 1.148E+13 1.951E-06 5.561E-07
1126 6.000 1 4.000 12.8379 1.492E+07 2.808E+12 5.315E-06 5.533E-07
384 2.000 1 4.000 12.9841 4.318E+07 7.390E+08 5.843E-02 5.458E-07
632 4.000 1 4.000 12.9077 2.154E+07 8.342E+12 2.582E-06 5.380E-07
55 6.000 1 4.000 13.2658 1.283E+07 1.612E+11 7.956E-05 5.078E-07
139 6.000 1 4.000 13.1237 1.299E+07 4.224E+11 3.076E-05 5.033E-07
747 2.000 1 4.000 12.8822 4.029E+07 1.433E+11 2.812E-04 5.013E-07
80 4.000 1 4.000 13.2177 1.803E+07 1.138E+13 1.584E-06 4.723E-07
845 6.000 1 4.000 12.8659 1.248E+07 1.265E+13 9.862E-07 4.645E-07
436 2.000 1 4.000 12.9686 3.579E+07 3.867E+12 9.254E-06 4.513E-07
772 4.000 1 4.000 12.8821 1.799E+07 1.619E+11 1.111E-04 4.475E-07
773 6.000 1 4.000 12.8821 1.190E+07 2.501E+11 4.757E-05 4.440E-07
79 6.000 1 4.000 13.2179 1.088E+07 1.151E+13 9.448E-07 4.275E-07
463 2.000 1 4.000 12.9493 3.306E+07 9.558E+12 3.458E-06 4.155E-07
102 6.000 1 4.000 13.1577 1.045E+07 1.873E+12 5.580E-06 4.070E-07
644 6.000 1 4.000 12.8955 1.041E+07 5.408E+12 1.925E-06 3.895E-07
842 2.000 1 4.000 12.8659 3.131E+07 3.739E+12 8.373E-06 3.885E-07
59 6.000 1 4.000 13.2607 9.605E+06 6.967E+12 1.379E-06 3.798E-07
821 4.000 1 4.000 12.8684 1.509E+07 4.775E+12 3.160E-06 3.745E-07
84 2.000 1 4.000 13.1975 2.850E+07 1.431E+13 1.992E-06 3.720E-07
843 4.000 1 4.000 12.8659 1.434E+07 7.396E+12 1.938E-06 3.558E-07
1125 4.000 1 4.000 12.8380 1.409E+07 2.963E+12 4.756E-06 3.483E-07
1123 4.000 1 4.000 12.8382 1.388E+07 7.651E+11 1.814E-05 3.430E-07
1255 6.000 1 4.000 12.8120 9.230E+06 1.681E+12 5.490E-06 3.408E-07
1254 4.000 1 4.000 12.8120 1.377E+07 1.721E+12 8.001E-06 3.390E-07
54 4.000 1 4.000 13.2658 1.284E+07 1.612E+11 7.961E-05 3.388E-07
564 6.000 1 4.000 12.9179 8.898E+06 1.571E+10 5.665E-04 3.340E-07
138 4.000 1 4.000 13.1237 1.290E+07 4.154E+11 3.105E-05 3.333E-07
1258 4.000 1 4.000 12.8112 1.342E+07 2.026E+12 6.621E-06 3.303E-07
109 4.000 1 4.000 13.1519 1.202E+07 2.543E+13 4.724E-07 3.115E-07
1267 6.000 1 4.000 12.8100 8.022E+06 3.222E+12 2.489E-06 2.960E-07
807 4.000 1 4.000 12.8801 1.173E+07 4.541E+12 2.583E-06 2.918E-07
432 2.000 1 4.000 12.9728 2.046E+07 4.769E+12 4.289E-06 2.580E-07
191 6.000 1 4.000 13.0649 6.547E+06 8.863E+11 7.387E-06 2.513E-07
98 6.000 1 4.000 13.1746 6.433E+06 1.647E+13 3.906E-07 2.510E-07
212 8.000 1 4.000 13.0434 4.680E+06 9.355E+10 5.003E-05 2.387E-07
466 4.000 1 4.000 12.9468 9.324E+06 4.470E+12 2.086E-06 2.343E-07
746 4.000 1 4.000 12.8822 9.398E+06 4.142E+10 2.269E-04 2.338E-07
680 4.000 1 4.000 12.8902 9.261E+06 8.685E+12 1.066E-06 2.307E-07
90 2.000 1 4.000 13.1860 1.704E+07 1.328E+13 1.283E-06 2.221E-07
462 4.000 1 4.000 12.9498 8.535E+06 3.500E+12 2.438E-06 2.146E-07
467 2.000 1 4.000 12.9461 1.706E+07 5.420E+12 3.148E-06 2.144E-07
58 4.000 1 4.000 13.2609 7.858E+06 6.897E+12 1.139E-06 2.072E-07
379 4.000 1 4.000 12.9842 8.110E+06 5.219E+08 1.554E-02 2.050E-07
441 8.000 1 4.000 12.9666 3.772E+06 2.932E+11 1.287E-05 1.901E-07
682 6.000 1 4.000 12.8881 5.065E+06 2.489E+13 2.035E-07 1.892E-07
149 8.000 1 4.000 13.1119 3.554E+06 1.630E+11 2.180E-05 1.832E-07
1132 4.000 1 4.000 12.8360 7.354E+06 4.415E+12 1.666E-06 1.817E-07
330 2.000 1 4.000 12.9927 1.418E+07 1.299E+13 1.091E-06 1.794E-07
213 6.000 1 4.000 13.0434 4.675E+06 8.744E+10 5.346E-05 1.789E-07
101 4.000 1 4.000 13.1577 6.786E+06 1.877E+12 3.615E-06 1.761E-07
53 2.000 1 4.000 13.2659 1.284E+07 1.546E+11 8.305E-05 1.694E-07
722 6.000 1 4.000 12.8823 4.513E+06 4.966E+10 9.089E-05 1.685E-07
374 6.000 1 4.000 12.9842 4.422E+06 1.099E+08 4.022E-02 1.677E-07
137 2.000 1 4.000 13.1237 1.285E+07 4.130E+11 3.110E-05 1.658E-07
571 4.000 1 4.000 12.9179 6.573E+06 2.773E+10 2.370E-04 1.644E-07
274 8.000 1 4.000 13.0067 3.152E+06 3.415E+10 9.231E-05 1.599E-07
388 8.000 1 4.000 12.9837 3.079E+06 3.399E+10 9.057E-05 1.556E-07
831 6.000 1 4.000 12.8676 4.082E+06 1.317E+12 3.100E-06 1.520E-07
771 2.000 1 4.000 12.8821 1.181E+07 1.712E+11 6.896E-05 1.469E-07
440 6.000 1 4.000 12.9667 3.800E+06 2.916E+11 1.303E-05 1.437E-07
148 6.000 1 4.000 13.1120 3.690E+06 1.517E+11 2.432E-05 1.427E-07
1138 6.000 1 4.000 12.8350 3.670E+06 5.270E+12 6.965E-07 1.360E-07
1121 4.000 1 4.000 12.8390 5.424E+06 4.398E+12 1.233E-06 1.340E-07
1269 2.000 1 4.000 12.8097 1.053E+07 2.810E+11 3.747E-05 1.295E-07
1321 4.000 1 4.000 12.8054 5.150E+06 3.396E+12 1.516E-06 1.266E-07
165 2.000 1 4.000 13.1023 9.638E+06 1.264E+13 7.626E-07 1.240E-07
642 8.000 1 4.000 12.8961 2.431E+06 4.737E+12 5.133E-07 1.213E-07
631 2.000 1 4.000 12.9077 9.697E+06 6.629E+12 1.463E-06 1.211E-07
275 6.000 1 4.000 13.0067 3.152E+06 3.242E+10 9.723E-05 1.199E-07
214 4.000 1 4.000 13.0434 4.670E+06 8.845E+10 5.280E-05 1.191E-07
706 2.000 1 4.000 12.8832 9.365E+06 4.456E+12 2.102E-06 1.165E-07
387 6.000 1 4.000 12.9837 3.060E+06 3.199E+10 9.567E-05 1.160E-07
190 4.000 1 4.000 13.0649 4.211E+06 8.882E+11 4.741E-06 1.078E-07
1252 4.000 1 4.000 12.8121 4.280E+06 4.820E+11 8.879E-06 1.053E-07
1405 6.000 1 4.000 12.7930 2.815E+06 2.093E+13 1.345E-07 1.036E-07
721 4.000 1 4.000 12.8823 4.055E+06 5.102E+10 7.948E-05 1.009E-07
147 4.000 1 4.000 13.1121 3.795E+06 1.464E+11 2.591E-05 9.783E-08
1480 6.000 1 4.000 12.7636 2.665E+06 5.184E+12 5.141E-07 9.763E-08
439 4.000 1 4.000 12.9667 3.823E+06 2.823E+11 1.354E-05 9.635E-08
383 6.000 1 4.000 12.9842 2.485E+06 1.821E+08 1.365E-02 9.420E-08
470 6.000 1 4.000 12.9403 2.462E+06 1.405E+12 1.752E-06 9.268E-08
641 6.000 1 4.000 12.8961 2.435E+06 3.669E+12 6.637E-07 9.110E-08
1257 2.000 1 4.000 12.8114 7.205E+06 1.210E+12 5.953E-06 8.863E-08
276 4.000 1 4.000 13.0067 3.133E+06 3.901E+10 8.030E-05 7.943E-08
809 6.000 1 4.000 12.8783 2.098E+06 8.066E+12 2.601E-07 7.825E-08
820 2.000 1 4.000 12.8684 6.205E+06 2.110E+12 2.941E-06 7.700E-08
386 4.000 1 4.000 12.9837 3.045E+06 3.385E+10 8.997E-05 7.698E-08
728 2.000 1 4.000 12.8822 6.135E+06 8.883E+10 6.907E-05 7.633E-08
660 2.000 1 4.000 12.8931 6.065E+06 2.240E+12 2.707E-06 7.560E-08
581 2.000 1 4.000 12.9179 5.805E+06 3.267E+10 1.777E-04 7.263E-08
1049 8.000 1 4.000 12.8583 1.429E+06 3.842E+12 3.719E-07 7.080E-08
1481 4.000 1 4.000 12.7627 2.886E+06 1.552E+13 1.860E-07 7.047E-08
482 2.000 1 4.000 12.9357 5.527E+06 1.141E+12 4.845E-06 6.930E-08
1514 6.000 1 4.000 12.7382 1.882E+06 5.776E+12 3.258E-07 6.865E-08
1243 6.000 1 4.000 12.8183 1.857E+06 2.166E+12 8.571E-07 6.860E-08
640 4.000 1 4.000 12.8961 2.440E+06 4.909E+12 4.969E-07 6.083E-08
150 4.000 1 4.000 13.1117 2.356E+06 1.627E+13 1.448E-07 6.073E-08
1122 2.000 1 4.000 12.8388 4.848E+06 4.462E+12 1.087E-06 5.992E-08
215 2.000 1 4.000 13.0434 4.668E+06 9.074E+10 5.144E-05 5.953E-08
1165 2.000 1 4.000 12.8296 4.799E+06 5.080E+12 9.446E-07 5.920E-08
1253 2.000 1 4.000 12.8120 4.708E+06 1.452E+12 3.242E-06 5.793E-08
238 6.000 1 4.000 13.0313 1.461E+06 2.723E+12 5.364E-07 5.580E-08
1048 6.000 1 4.000 12.8583 1.432E+06 2.802E+12 5.110E-07 5.323E-08
1515 4.000 1 4.000 12.7376 2.086E+06 9.848E+12 2.118E-07 5.073E-08
146 2.000 1 4.000 13.1122 3.864E+06 1.409E+11 2.743E-05 4.980E-08
1124 2.000 1 4.000 12.8380 3.949E+06 2.504E+12 1.577E-06 4.878E-08
438 2.000 1 4.000 12.9667 3.837E+06 2.731E+11 1.405E-05 4.835E-08
336 6.000 1 4.000 12.9914 1.269E+06 2.974E+11 4.268E-06 4.819E-08
1136 8.000 1 4.000 12.8359 9.125E+05 1.818E+12 5.019E-07 4.507E-08
469 4.000 1 4.000 12.9404 1.740E+06 1.378E+12 1.262E-06 4.368E-08
643 4.000 1 4.000 12.8956 1.669E+06 4.522E+12 3.690E-07 4.160E-08
277 2.000 1 4.000 13.0067 3.099E+06 4.523E+10 6.851E-05 3.930E-08
500 6.000 1 4.000 12.9283 1.028E+06 9.118E+12 1.128E-07 3.865E-08
385 2.000 1 4.000 12.9837 3.036E+06 3.195E+10 9.500E-05 3.835E-08
1402 2.000 1 4.000 12.7972 2.978E+06 3.631E+13 8.200E-08 3.655E-08
1047 4.000 1 4.000 12.8583 1.435E+06 3.380E+12 4.246E-07 3.558E-08
376 4.000 1 4.000 12.9842 1.349E+06 3.327E+07 4.055E-02 3.410E-08
1135 6.000 1 4.000 12.8359 9.107E+05 1.385E+12 6.574E-07 3.375E-08
57 2.000 1 4.000 13.2610 2.538E+06 6.848E+12 3.706E-07 3.345E-08
237 4.000 1 4.000 13.0313 1.220E+06 2.712E+12 4.500E-07 3.108E-08
639 2.000 1 4.000 12.8961 2.442E+06 6.756E+12 3.615E-07 3.045E-08
26 4.000 1 4.000 14.2389 9.868E+05 2.229E+14 4.427E-09 2.999E-08
1305 6.000 1 4.000 12.8072 8.127E+05 3.480E+12 2.335E-07 2.998E-08
841 2.000 1 4.000 12.8661 2.274E+06 3.351E+12 6.787E-07 2.822E-08
370 4.000 1 4.000 12.9843 1.116E+06 1.196E+08 9.334E-03 2.820E-08
653 4.000 1 4.000 12.8945 1.124E+06 2.587E+12 4.345E-07 2.803E-08
590 4.000 1 4.000 12.9178 1.057E+06 1.143E+10 9.246E-05 2.645E-08
1407 4.000 1 4.000 12.7919 9.941E+05 1.301E+13 7.639E-08 2.439E-08
256 6.000 1 4.000 13.0182 5.971E+05 4.886E+11 1.222E-06 2.276E-08
1134 4.000 1 4.000 12.8359 9.095E+05 1.829E+12 4.974E-07 2.247E-08
27 2.000 1 4.000 14.2370 1.445E+06 2.216E+14 6.522E-09 2.196E-08
1050 6.000 1 4.000 12.8580 5.868E+05 2.758E+13 2.128E-08 2.182E-08
1322 2.000 1 4.000 12.8053 1.733E+06 3.367E+12 5.145E-07 2.130E-08
335 4.000 1 4.000 12.9914 8.313E+05 2.981E+11 2.788E-06 2.104E-08
681 2.000 1 4.000 12.8901 1.610E+06 7.368E+12 2.184E-07 2.005E-08
808 4.000 1 4.000 12.8786 7.931E+05 5.056E+12 1.568E-07 1.972E-08
1046 2.000 1 4.000 12.8583 1.438E+06 4.284E+12 3.357E-07 1.783E-08
683 4.000 1 4.000 12.8880 7.105E+05 7.767E+12 9.147E-08 1.769E-08
591 2.000 1 4.000 12.9178 1.220E+06 9.746E+09 1.252E-04 1.526E-08
375 2.000 1 4.000 12.9842 1.189E+06 3.002E+08 3.961E-03 1.503E-08
1406 4.000 1 4.000 12.7929 5.825E+05 1.600E+13 3.641E-08 1.429E-08
166 2.000 1 4.000 13.0912 1.111E+06 2.135E+13 5.203E-08 1.427E-08
1482 2.000 1 4.000 12.7626 1.107E+06 1.447E+13 7.651E-08 1.351E-08
586 6.000 1 4.000 12.9178 3.545E+05 1.477E+10 2.401E-05 1.331E-08
825 6.000 1 4.000 12.8683 3.310E+05 9.333E+11 3.547E-07 1.233E-08
559 4.000 1 4.000 12.9180 4.875E+05 8.091E+09 6.026E-05 1.220E-08
1133 2.000 1 4.000 12.8359 9.090E+05 2.405E+12 3.780E-07 1.123E-08
1244 4.000 1 4.000 12.8182 4.150E+05 1.745E+12 2.378E-07 1.022E-08
255 4.000 1 4.000 13.0182 3.953E+05 4.895E+11 8.076E-07 1.005E-08
1516 2.000 1 4.000 12.7376 8.164E+05 2.427E+13 3.364E-08 9.929E-09
33 8.000 1 4.000 13.3915 1.788E+05 5.181E+12 3.450E-08 9.612E-09
1479 4.000 1 4.000 12.7636 3.680E+05 9.389E+12 3.920E-08 8.985E-09
1408 2.000 1 4.000 12.7917 7.119E+05 2.064E+13 3.449E-08 8.733E-09
719 4.000 1 4.000 12.8823 3.290E+05 6.617E+10 4.972E-06 8.188E-09
1517 2.000 1 4.000 12.7369 6.665E+05 4.917E+13 1.355E-08 8.108E-09
929 6.000 1 4.000 12.8607 2.027E+05 7.850E+09 2.582E-05 7.540E-09
565 2.000 1 4.000 12.9179 5.590E+05 1.024E+10 5.459E-05 6.995E-09
468 2.000 1 4.000 12.9404 5.390E+05 1.369E+12 3.936E-07 6.768E-09
769 6.000 1 4.000 12.8821 1.782E+05 2.414E+10 7.381E-06 6.650E-09
1513 4.000 1 4.000 12.7382 2.638E+05 9.419E+12 2.800E-08 6.418E-09
630 4.000 1 4.000 12.9089 2.447E+05 7.361E+10 3.325E-06 6.113E-09
1245 4.000 1 4.000 12.8167 2.459E+05 2.433E+12 1.011E-07 6.057E-09
1051 4.000 1 4.000 12.8578 2.418E+05 1.373E+13 1.761E-08 5.994E-09
1483 2.000 1 4.000 12.7614 4.853E+05 8.714E+12 5.569E-08 5.925E-09
595 6.000 1 4.000 12.9178 1.361E+05 1.272E+10 1.070E-05 5.108E-09
236 2.000 1 4.000 13.0314 3.995E+05 2.697E+12 1.481E-07 5.085E-09
650 6.000 1 4.000 12.8947 1.353E+05 9.448E+12 1.432E-08 5.060E-09
596 4.000 1 4.000 12.9178 1.631E+05 8.393E+09 1.943E-05 4.080E-09
652 2.000 1 4.000 12.8945 3.034E+05 1.865E+12 1.627E-07 3.782E-09
103 8.000 1 4.000 13.1576 6.472E+04 1.866E+12 3.468E-08 3.360E-09
978 4.000 1 4.000 12.8607 1.306E+05 1.849E+10 7.063E-06 3.238E-09
334 8.000 1 4.000 12.9919 6.250E+04 3.371E+10 1.854E-06 3.163E-09
501 4.000 1 4.000 12.9283 1.161E+05 8.888E+12 1.307E-08 2.910E-09
492 8.000 1 4.000 12.9333 5.151E+04 1.443E+11 3.570E-07 2.583E-09
1304 4.000 1 4.000 12.8072 9.840E+04 3.358E+12 2.930E-08 2.420E-09
333 6.000 1 4.000 12.9919 6.237E+04 3.270E+10 1.907E-06 2.367E-09
247 4.000 1 4.000 13.0256 9.195E+04 2.929E+12 3.140E-08 2.339E-09
1264 4.000 1 4.000 12.8102 8.876E+04 1.727E+12 5.140E-08 2.184E-09
176 8.000 1 4.000 13.0847 4.228E+04 2.617E+11 1.616E-07 2.170E-09
1052 4.000 1 4.000 12.8569 8.458E+04 8.477E+12 9.978E-09 2.096E-09
538 8.000 1 4.000 12.9219 3.660E+04 2.294E+10 1.595E-06 1.833E-09
455 6.000 1 4.000 12.9531 4.560E+04 6.059E+12 7.526E-09 1.721E-09
714 6.000 1 4.000 12.8823 4.387E+04 3.498E+09 1.254E-05 1.637E-09
192 8.000 1 4.000 13.0648 3.099E+04 8.835E+11 3.507E-08 1.586E-09
332 4.000 1 4.000 12.9919 6.188E+04 3.293E+10 1.879E-06 1.566E-09
568 6.000 1 4.000 12.9179 4.133E+04 1.583E+10 2.611E-06 1.551E-09
369 6.000 1 4.000 12.9843 4.003E+04 1.404E+08 2.851E-04 1.518E-09
1283 4.000 1 4.000 12.8080 6.090E+04 1.989E+10 3.062E-06 1.498E-09
627 6.000 1 4.000 12.9089 3.960E+04 9.910E+08 3.996E-05 1.484E-09
765 6.000 1 4.000 12.8821 3.727E+04 5.299E+09 7.032E-06 1.391E-09
493 6.000 1 4.000 12.9333 3.603E+04 1.512E+11 2.384E-07 1.356E-09
537 6.000 1 4.000 12.9219 3.582E+04 2.143E+10 1.672E-06 1.345E-09
629 2.000 1 4.000 12.9089 1.024E+05 5.648E+10 1.813E-06 1.279E-09
1137 4.000 1 4.000 12.8352 5.161E+04 3.217E+12 1.604E-08 1.274E-09
986 2.000 1 4.000 12.8607 1.027E+05 1.753E+10 5.857E-06 1.273E-09
1275 6.000 1 4.000 12.8081 3.400E+04 2.751E+11 1.236E-07 1.255E-09
876 8.000 1 4.000 12.8622 1.828E+04 4.917E+12 3.716E-09 9.065E-10
536 4.000 1 4.000 12.9219 3.503E+04 2.909E+10 1.204E-06 8.770E-10
257 8.000 1 4.000 13.0182 1.721E+04 4.870E+11 3.534E-08 8.750E-10
248 2.000 1 4.000 13.0256 6.756E+04 2.707E+12 2.495E-08 8.593E-10
331 2.000 1 4.000 12.9919 6.145E+04 3.251E+10 1.890E-06 7.775E-10
855 8.000 1 4.000 12.8646 1.555E+04 8.959E+12 1.736E-09 7.715E-10
273 2.000 1 4.000 13.0070 5.500E+04 4.749E+11 1.158E-07 6.978E-10
494 4.000 1 4.000 12.9332 2.750E+04 1.551E+11 1.773E-07 6.895E-10
875 6.000 1 4.000 12.8622 1.797E+04 1.675E+12 1.073E-08 6.685E-10
40 8.000 1 4.000 13.3320 1.244E+04 9.254E+12 1.344E-09 6.630E-10
204 8.000 1 4.000 13.0561 1.265E+04 3.098E+12 4.084E-09 6.465E-10
519 6.000 1 4.000 12.9269 1.571E+04 2.144E+10 7.327E-07 5.903E-10
118 8.000 1 4.000 13.1473 1.118E+04 4.870E+10 2.296E-07 5.795E-10
853 8.000 1 4.000 12.8648 1.160E+04 5.452E+12 2.128E-09 5.758E-10
1246 2.000 1 4.000 12.8166 4.448E+04 2.222E+12 2.002E-08 5.476E-10
179 6.000 1 4.000 13.0844 1.420E+04 2.766E+11 5.136E-08 5.468E-10
854 6.000 1 4.000 12.8646 1.444E+04 6.773E+12 2.132E-09 5.375E-10
337 8.000 1 4.000 12.9914 1.054E+04 2.966E+11 3.555E-08 5.335E-10
272 4.000 1 4.000 13.0070 2.096E+04 4.763E+11 4.400E-08 5.315E-10
1104 6.000 1 4.000 12.8433 1.362E+04 1.008E+09 1.351E-05 5.053E-10
177 6.000 1 4.000 13.0847 1.312E+04 2.466E+11 5.320E-08 5.050E-10
203 6.000 1 4.000 13.0562 1.316E+04 3.100E+12 4.247E-09 5.045E-10
927 4.000 1 4.000 12.8608 1.988E+04 7.247E+09 2.743E-06 4.930E-10
39 6.000 1 4.000 13.3320 1.218E+04 9.256E+12 1.315E-09 4.868E-10
824 4.000 1 4.000 12.8683 1.959E+04 9.045E+11 2.166E-08 4.863E-10
178 4.000 1 4.000 13.0844 1.824E+04 3.158E+11 5.774E-08 4.680E-10
874 4.000 1 4.000 12.8623 1.789E+04 2.041E+12 8.766E-09 4.438E-10
535 2.000 1 4.000 12.9219 3.454E+04 2.796E+10 1.235E-06 4.323E-10
119 6.000 1 4.000 13.1473 1.003E+04 4.696E+10 2.135E-07 3.898E-10
202 4.000 1 4.000 13.0562 1.359E+04 3.098E+12 4.385E-09 3.473E-10
38 4.000 1 4.000 13.3321 1.200E+04 9.252E+12 1.297E-09 3.198E-10
649 4.000 1 4.000 12.8947 1.185E+04 8.516E+12 1.391E-09 2.953E-10
495 2.000 1 4.000 12.9332 2.347E+04 1.616E+11 1.452E-07 2.943E-10
1053 2.000 1 4.000 12.8567 2.241E+04 5.863E+12 3.823E-09 2.776E-10
856 4.000 1 4.000 12.8646 1.077E+04 9.478E+12 1.137E-09 2.673E-10
893 6.000 1 4.000 12.8614 7.052E+03 1.696E+11 4.158E-08 2.623E-10
120 4.000 1 4.000 13.1473 9.465E+03 4.520E+10 2.094E-07 2.453E-10
1282 2.000 1 4.000 12.8080 1.886E+04 1.750E+10 1.078E-06 2.318E-10
950 2.000 1 4.000 12.8607 1.839E+04 1.517E+10 1.212E-06 2.280E-10
873 2.000 1 4.000 12.8623 1.783E+04 2.290E+12 7.785E-09 2.211E-10
655 6.000 1 4.000 12.8944 5.555E+03 1.504E+12 3.693E-09 2.077E-10
168 8.000 1 4.000 13.0909 3.902E+03 3.594E+11 1.086E-08 2.005E-10
180 2.000 1 4.000 13.0843 1.425E+04 3.212E+11 4.437E-08 1.829E-10
1274 4.000 1 4.000 12.8081 7.325E+03 2.872E+11 2.551E-08 1.802E-10
201 2.000 1 4.000 13.0563 1.386E+04 3.098E+12 4.474E-09 1.771E-10
378 2.000 1 4.000 12.9842 1.308E+04 5.712E+07 2.290E-04 1.653E-10
181 8.000 1 4.000 13.0841 3.196E+03 2.288E+11 1.397E-08 1.641E-10
37 2.000 1 4.000 13.3321 1.190E+04 9.251E+12 1.286E-09 1.586E-10
169 6.000 1 4.000 13.0908 3.777E+03 3.648E+11 1.035E-08 1.455E-10
628 4.000 1 4.000 12.9089 5.805E+03 1.010E+09 5.750E-06 1.450E-10
636 8.000 1 4.000 12.9009 2.839E+03 1.140E+12 2.490E-09 1.417E-10
245 6.000 1 4.000 13.0265 3.638E+03 6.451E+12 5.640E-10 1.389E-10
698 8.000 1 4.000 12.8845 2.582E+03 9.542E+12 2.706E-10 1.286E-10
241 6.000 1 4.000 13.0302 3.318E+03 5.678E+12 5.844E-10 1.267E-10
121 2.000 1 4.000 13.1472 9.215E+03 4.653E+10 1.980E-07 1.194E-10
479 8.000 1 4.000 12.9366 2.292E+03 1.706E+11 1.344E-08 1.150E-10
888 6.000 1 4.000 12.8615 2.858E+03 2.597E+11 1.101E-08 1.064E-10
857 2.000 1 4.000 12.8646 8.470E+03 1.034E+13 8.189E-10 1.051E-10
508 6.000 1 4.000 12.9271 2.730E+03 1.256E+08 2.173E-05 1.026E-10
1316 8.000 1 4.000 12.8058 2.025E+03 4.469E+12 4.532E-10 9.955E-11
173 6.000 1 4.000 13.0887 2.560E+03 4.269E+10 5.996E-08 9.865E-11
697 6.000 1 4.000 12.8845 2.553E+03 2.662E+12 9.593E-10 9.530E-11
473 6.000 1 4.000 12.9399 2.370E+03 2.678E+12 8.850E-10 8.928E-11
635 6.000 1 4.000 12.9010 2.215E+03 1.531E+12 1.447E-09 8.288E-11
480 6.000 1 4.000 12.9365 2.177E+03 1.742E+11 1.250E-08 8.190E-11
68 2.000 1 4.000 13.2504 6.002E+03 5.918E+12 1.014E-09 7.900E-11
852 6.000 1 4.000 12.8649 2.062E+03 1.840E+12 1.120E-09 7.673E-11
1103 4.000 1 4.000 12.8433 3.097E+03 2.740E+09 1.130E-06 7.659E-11
944 6.000 1 4.000 12.8607 2.055E+03 4.205E+10 4.887E-08 7.648E-11
654 4.000 1 4.000 12.8945 2.895E+03 1.487E+12 1.947E-09 7.218E-11
486 6.000 1 4.000 12.9355 1.715E+03 2.316E+10 7.406E-08 6.455E-11
1176 8.000 1 4.000 12.8278 1.262E+03 7.234E+12 1.745E-10 6.227E-11
175 6.000 1 4.000 13.0871 1.614E+03 1.474E+11 1.095E-08 6.218E-11
696 4.000 1 4.000 12.8845 2.468E+03 3.607E+12 6.840E-10 6.143E-11
892 4.000 1 4.000 12.8614 2.449E+03 2.782E+11 8.801E-09 6.073E-11
840 8.000 1 4.000 12.8662 1.221E+03 5.374E+11 2.272E-09 6.060E-11
1105 4.000 1 4.000 12.8433 2.370E+03 1.118E+09 2.120E-06 5.860E-11
515 4.000 1 4.000 12.9270 2.215E+03 4.086E+10 5.421E-08 5.550E-11
258 8.000 1 4.000 13.0118 1.072E+03 5.729E+11 1.872E-09 5.445E-11
163 6.000 1 4.000 13.1089 1.362E+03 7.225E+11 1.885E-09 5.264E-11
170 4.000 1 4.000 13.0907 1.946E+03 3.721E+11 5.231E-09 5.000E-11
1042 6.000 1 4.000 12.8596 1.327E+03 5.820E+11 2.280E-09 4.935E-11
172 4.000 1 4.000 13.0889 1.816E+03 4.006E+10 4.533E-08 4.665E-11
29 6.000 1 4.000 13.4702 1.131E+03 7.763E+12 1.456E-10 4.613E-11
634 4.000 1 4.000 12.9010 1.828E+03 1.197E+12 1.527E-09 4.563E-11
839 6.000 1 4.000 12.8662 1.194E+03 9.624E+11 1.240E-09 4.445E-11
488 6.000 1 4.000 12.9346 1.163E+03 1.193E+11 9.748E-09 4.378E-11
265 6.000 1 4.000 13.0097 1.126E+03 3.477E+11 3.238E-09 4.285E-11
363 4.000 1 4.000 12.9844 1.688E+03 1.055E+08 1.600E-05 4.265E-11
558 6.000 1 4.000 12.9180 1.073E+03 2.090E+10 5.131E-08 4.025E-11
867 8.000 1 4.000 12.8625 8.048E+02 2.820E+12 2.854E-10 3.993E-11
849 6.000 1 4.000 12.8657 1.040E+03 2.987E+12 3.480E-10 3.870E-11
887 4.000 1 4.000 12.8615 1.555E+03 3.279E+11 4.741E-09 3.855E-11
67 4.000 1 4.000 13.2507 1.346E+03 5.396E+12 2.494E-10 3.544E-11
1169 8.000 1 4.000 12.8286 6.602E+02 4.883E+11 1.352E-09 3.258E-11
70 6.000 1 4.000 13.2463 7.880E+02 1.872E+13 4.211E-11 3.110E-11
485 4.000 1 4.000 12.9355 1.233E+03 2.259E+10 5.456E-08 3.093E-11
183 2.000 1 4.000 13.0759 2.390E+03 1.133E+11 2.109E-08 3.063E-11
802 6.000 1 4.000 12.8821 8.130E+02 5.291E+05 1.537E-03 3.035E-11
1315 6.000 1 4.000 12.8058 8.153E+02 3.088E+12 2.640E-10 3.008E-11
695 2.000 1 4.000 12.8846 2.410E+03 4.374E+12 5.509E-10 2.998E-11
184 4.000 1 4.000 13.0751 1.165E+03 1.235E+11 9.435E-09 2.988E-11
481 4.000 1 4.000 12.9365 1.138E+03 1.707E+11 6.664E-09 2.855E-11
162 4.000 1 4.000 13.1091 1.103E+03 7.053E+11 1.564E-09 2.843E-11
174 4.000 1 4.000 13.0881 1.099E+03 1.626E+11 6.762E-09 2.823E-11
1043 4.000 1 4.000 12.8595 1.120E+03 4.191E+11 2.671E-09 2.775E-11
1336 4.000 1 4.000 12.8045 1.118E+03 1.727E+11 6.469E-09 2.747E-11
861 4.000 1 4.000 12.8638 1.077E+03 1.242E+12 8.674E-10 2.673E-11
505 4.000 1 4.000 12.9271 1.037E+03 5.270E+07 1.967E-05 2.598E-11
851 6.000 1 4.000 12.8653 6.957E+02 3.999E+12 1.740E-10 2.590E-11
626 6.000 1 4.000 12.9089 6.580E+02 2.506E+09 2.626E-07 2.466E-11
1180 8.000 1 4.000 12.8274 4.970E+02 1.279E+12 3.885E-10 2.452E-11
648 2.000 1 4.000 12.8948 1.922E+03 3.150E+12 6.102E-10 2.395E-11
860 2.000 1 4.000 12.8639 1.920E+03 3.531E+11 5.438E-09 2.382E-11
1425 6.000 1 4.000 12.7876 6.177E+02 2.720E+11 2.270E-09 2.272E-11
362 6.000 1 4.000 12.9844 5.822E+02 1.119E+08 5.202E-06 2.207E-11
858 6.000 1 4.000 12.8644 5.920E+02 2.722E+12 2.175E-10 2.203E-11
514 6.000 1 4.000 12.9270 5.825E+02 1.138E+09 5.118E-07 2.189E-11
1170 6.000 1 4.000 12.8284 5.842E+02 1.942E+12 3.009E-10 2.162E-11
1309 8.000 1 4.000 12.8063 4.379E+02 3.042E+11 1.439E-09 2.153E-11
240 4.000 1 4.000 13.0303 8.280E+02 5.685E+12 1.457E-10 2.108E-11
499 4.000 1 4.000 12.9290 8.348E+02 1.019E+11 8.192E-09 2.092E-11
487 4.000 1 4.000 12.9351 8.308E+02 1.163E+11 7.142E-09 2.084E-11
865 6.000 1 4.000 12.8625 5.600E+02 2.858E+12 1.959E-10 2.084E-11
633 2.000 1 4.000 12.9011 1.613E+03 9.208E+11 1.752E-09 2.013E-11
498 2.000 1 4.000 12.9294 1.605E+03 7.346E+10 2.184E-08 2.011E-11
1320 8.000 1 4.000 12.8055 4.060E+02 7.838E+11 5.180E-10 1.996E-11
266 4.000 1 4.000 13.0095 7.620E+02 3.643E+11 2.092E-09 1.934E-11
43 4.000 1 4.000 13.3014 7.085E+02 7.751E+12 9.141E-11 1.880E-11
848 4.000 1 4.000 12.8657 7.495E+02 1.310E+12 5.720E-10 1.860E-11
1167 6.000 1 4.000 12.8287 5.023E+02 7.977E+11 6.297E-10 1.859E-11
52 6.000 1 4.000 13.2721 4.347E+02 9.238E+12 4.706E-11 1.722E-11
319 8.000 1 4.000 12.9943 3.334E+02 1.011E+11 3.298E-09 1.688E-11
838 4.000 1 4.000 12.8662 6.623E+02 7.344E+11 9.017E-10 1.644E-11
447 6.000 1 4.000 12.9596 4.289E+02 5.096E+11 8.416E-10 1.620E-11
1102 2.000 1 4.000 12.8433 1.303E+03 2.755E+09 4.729E-07 1.611E-11
1310 6.000 1 4.000 12.8062 4.115E+02 1.244E+12 3.307E-10 1.518E-11
1174 6.000 1 4.000 12.8279 4.102E+02 1.553E+12 2.641E-10 1.518E-11
92 6.000 1 4.000 13.1848 3.822E+02 2.642E+12 1.446E-10 1.495E-11
44 2.000 1 4.000 13.2848 1.072E+03 1.339E+13 8.006E-11 1.418E-11
472 4.000 1 4.000 12.9400 5.430E+02 2.679E+12 2.027E-10 1.363E-11
524 8.000 1 4.000 12.9230 2.676E+02 7.502E+10 3.568E-09 1.340E-11
459 6.000 1 4.000 12.9521 3.335E+02 1.438E+12 2.320E-10 1.258E-11
850 4.000 1 4.000 12.8655 5.010E+02 1.045E+12 4.796E-10 1.243E-11
458 4.000 1 4.000 12.9522 4.930E+02 1.438E+12 3.428E-10 1.240E-11
1307 6.000 1 4.000 12.8063 3.268E+02 4.098E+11 7.976E-10 1.206E-11
135 8.000 1 4.000 13.1366 2.284E+02 1.507E+11 1.516E-09 1.182E-11
896 6.000 1 4.000 12.8613 3.133E+02 1.826E+11 1.716E-09 1.166E-11
318 6.000 1 4.000 12.9943 3.042E+02 9.895E+10 3.074E-09 1.155E-11
1409 8.000 1 4.000 12.7915 2.188E+02 7.958E+12 2.749E-11 1.074E-11
126 6.000 1 4.000 13.1402 2.735E+02 6.758E+10 4.047E-09 1.062E-11
30 4.000 1 4.000 13.4368 3.923E+02 2.296E+13 1.708E-11 1.062E-11
943 4.000 1 4.000 12.8607 4.073E+02 4.438E+10 9.176E-09 1.010E-11
1335 2.000 1 4.000 12.8046 8.208E+02 1.711E+11 4.797E-09 1.009E-11
1172 4.000 1 4.000 12.8284 3.708E+02 8.037E+11 4.613E-10 9.148E-12
661 6.000 1 4.000 12.8922 2.380E+02 1.299E+12 1.832E-10 8.897E-12
612 8.000 1 4.000 12.9140 1.729E+02 3.096E+12 5.584E-11 8.643E-12
502 6.000 1 4.000 12.9272 2.255E+02 7.670E+08 2.940E-07 8.473E-12
1439 4.000 1 4.000 12.7868 3.398E+02 2.177E+10 1.561E-08 8.327E-12
1411 6.000 1 4.000 12.7908 2.258E+02 4.145E+12 5.448E-11 8.308E-12
523 6.000 1 4.000 12.9230 2.192E+02 7.468E+10 2.935E-09 8.230E-12
1484 8.000 1 4.000 12.7548 1.672E+02 4.115E+12 4.065E-11 8.158E-12
460 8.000 1 4.000 12.9521 1.610E+02 1.438E+12 1.119E-10 8.103E-12
1326 4.000 1 4.000 12.8046 3.195E+02 9.620E+11 3.321E-10 7.855E-12
51 4.000 1 4.000 13.2722 2.961E+02 9.268E+12 3.195E-11 7.820E-12
259 6.000 1 4.000 13.0118 2.045E+02 5.656E+11 3.616E-10 7.785E-12
457 2.000 1 4.000 12.9522 6.050E+02 1.438E+12 4.208E-10 7.605E-12
1038 4.000 1 4.000 12.8605 3.058E+02 7.654E+10 3.995E-09 7.583E-12
898 6.000 1 4.000 12.8613 2.025E+02 2.710E+11 7.473E-10 7.530E-12
1323 2.000 1 4.000 12.8047 6.120E+02 3.765E+11 1.625E-09 7.523E-12
448 4.000 1 4.000 12.9596 2.920E+02 4.913E+11 5.944E-10 7.353E-12
61 4.000 1 4.000 13.2569 2.700E+02 1.593E+13 1.695E-11 7.115E-12
884 6.000 1 4.000 12.8615 1.903E+02 3.418E+11 5.569E-10 7.078E-12
46 8.000 1 4.000 13.2805 1.281E+02 3.376E+10 3.795E-09 6.775E-12
182 6.000 1 4.000 13.0774 1.750E+02 1.209E+12 1.447E-10 6.730E-12
244 4.000 1 4.000 13.0282 2.643E+02 2.501E+12 1.056E-10 6.723E-12
1166 4.000 1 4.000 12.8287 2.695E+02 5.911E+11 4.559E-10 6.650E-12
1183 2.000 1 4.000 12.8260 5.360E+02 5.777E+11 9.278E-10 6.610E-12
906 6.000 1 4.000 12.8612 1.765E+02 3.941E+11 4.478E-10 6.565E-12
171 2.000 1 4.000 13.0890 5.090E+02 3.912E+10 1.301E-08 6.538E-12
497 8.000 1 4.000 12.9326 1.304E+02 1.348E+11 9.671E-10 6.538E-12
1312 4.000 1 4.000 12.8062 2.633E+02 5.363E+11 4.909E-10 6.470E-12
1314 6.000 1 4.000 12.8058 1.717E+02 1.335E+12 1.286E-10 6.330E-12
862 4.000 1 4.000 12.8626 2.398E+02 1.915E+12 1.253E-10 5.948E-12
1186 4.000 1 4.000 12.8259 2.394E+02 1.411E+12 1.696E-10 5.903E-12
1175 6.000 1 4.000 12.8278 1.590E+02 4.949E+12 3.214E-11 5.885E-12
908 6.000 1 4.000 12.8612 1.554E+02 3.540E+11 4.390E-10 5.780E-12
1173 4.000 1 4.000 12.8281 2.239E+02 4.806E+11 4.659E-10 5.525E-12
1518 8.000 1 4.000 12.7329 1.117E+02 5.010E+12 2.229E-11 5.430E-12
985 6.000 1 4.000 12.8607 1.450E+02 3.872E+10 3.745E-09 5.395E-12
252 2.000 1 4.000 13.0233 4.229E+02 4.836E+12 8.745E-11 5.378E-12
1486 6.000 1 4.000 12.7544 1.467E+02 8.688E+12 1.688E-11 5.365E-12
47 6.000 1 4.000 13.2805 1.319E+02 3.378E+10 3.906E-09 5.234E-12
557 4.000 1 4.000 12.9180 2.004E+02 2.554E+10 7.847E-09 5.013E-12
1313 4.000 1 4.000 12.8060 2.030E+02 4.023E+11 5.046E-10 4.993E-12
1306 4.000 1 4.000 12.8064 1.991E+02 3.140E+11 6.341E-10 4.895E-12
800 4.000 1 4.000 12.8821 1.933E+02 1.343E+06 1.439E-04 4.810E-12
886 2.000 1 4.000 12.8615 3.843E+02 3.324E+11 1.156E-09 4.765E-12
496 6.000 1 4.000 12.9328 1.250E+02 1.317E+11 9.492E-10 4.703E-12
611 6.000 1 4.000 12.9142 1.243E+02 7.392E+11 1.681E-10 4.660E-12
62 6.000 1 4.000 13.2568 1.158E+02 1.591E+13 7.279E-12 4.578E-12
484 2.000 1 4.000 12.9356 3.529E+02 2.202E+10 1.603E-08 4.425E-12
1139 6.000 1 4.000 12.8342 1.189E+02 5.569E+11 2.135E-10 4.405E-12
1045 6.000 1 4.000 12.8591 1.166E+02 4.194E+11 2.780E-10 4.335E-12
1474 6.000 1 4.000 12.7866 1.172E+02 5.559E+10 2.108E-09 4.308E-12
106 8.000 1 4.000 13.1522 7.958E+01 1.348E+11 5.902E-10 4.127E-12
1055 4.000 1 4.000 12.8565 1.649E+02 1.127E+12 1.463E-10 4.088E-12
100 4.000 1 4.000 13.1744 1.512E+02 8.654E+12 1.747E-11 3.935E-12
905 4.000 1 4.000 12.8612 1.547E+02 2.443E+11 6.331E-10 3.835E-12
127 4.000 1 4.000 13.1400 1.479E+02 6.113E+10 2.419E-09 3.828E-12
662 4.000 1 4.000 12.8922 1.514E+02 8.360E+11 1.811E-10 3.773E-12
1412 4.000 1 4.000 12.7908 1.522E+02 5.509E+12 2.762E-11 3.733E-12
1054 2.000 1 4.000 12.8567 3.000E+02 6.209E+11 4.831E-10 3.718E-12
614 6.000 1 4.000 12.9139 9.878E+01 8.567E+11 1.153E-10 3.705E-12
317 4.000 1 4.000 12.9944 1.464E+02 9.500E+10 1.541E-09 3.705E-12
1520 6.000 1 4.000 12.7326 1.001E+02 5.952E+12 1.682E-11 3.650E-12
249 6.000 1 4.000 13.0250 9.373E+01 6.524E+11 1.437E-10 3.575E-12
105 6.000 1 4.000 13.1523 9.142E+01 1.303E+11 7.017E-10 3.555E-12
613 4.000 1 4.000 12.9140 1.382E+02 2.848E+11 4.852E-10 3.455E-12
1146 6.000 1 4.000 12.8340 9.060E+01 1.983E+09 4.568E-08 3.355E-12
1179 6.000 1 4.000 12.8275 8.423E+01 2.029E+11 4.152E-10 3.118E-12
1195 6.000 1 4.000 12.8258 8.403E+01 2.785E+11 3.018E-10 3.110E-12
541 8.000 1 4.000 12.9212 5.920E+01 9.233E+12 6.411E-12 2.965E-12
533 4.000 1 4.000 12.9222 1.167E+02 2.966E+12 3.932E-11 2.920E-12
512 4.000 1 4.000 12.9270 1.159E+02 1.306E+09 8.870E-08 2.903E-12
520 4.000 1 4.000 12.9246 1.158E+02 1.163E+12 9.961E-11 2.900E-12
210 8.000 1 4.000 13.0474 5.392E+01 1.115E+10 4.837E-09 2.752E-12
1423 4.000 1 4.000 12.7876 1.091E+02 2.646E+11 4.122E-10 2.673E-12
847 2.000 1 4.000 12.8657 2.147E+02 5.932E+11 3.619E-10 2.663E-12
988 6.000 1 4.000 12.8606 6.887E+01 8.149E+10 8.451E-10 2.563E-12
551 6.000 1 4.000 12.9181 6.677E+01 8.110E+09 8.232E-09 2.505E-12
521 4.000 1 4.000 12.9230 9.683E+01 7.484E+10 1.294E-09 2.424E-12
658 6.000 1 4.000 12.8934 6.445E+01 1.724E+12 3.738E-11 2.409E-12
864 8.000 1 4.000 12.8625 4.717E+01 3.373E+11 1.399E-10 2.340E-12
1487 4.000 1 4.000 12.7544 9.560E+01 8.388E+12 1.140E-11 2.332E-12
534 2.000 1 4.000 12.9222 1.788E+02 3.073E+12 5.821E-11 2.239E-12
1317 4.000 1 4.000 12.8058 9.008E+01 3.516E+12 2.562E-11 2.215E-12
503 2.000 1 4.000 12.9271 1.764E+02 1.494E+07 1.180E-05 2.209E-12
883 6.000 1 4.000 12.8617 5.812E+01 3.585E+11 1.621E-10 2.162E-12
185 4.000 1 4.000 13.0726 8.388E+01 4.026E+12 2.084E-11 2.149E-12
1347 4.000 1 4.000 12.8045 8.740E+01 1.420E+11 6.156E-10 2.148E-12
209 6.000 1 4.000 13.0474 5.544E+01 1.115E+10 4.970E-09 2.122E-12
531 2.000 1 4.000 12.9225 1.693E+02 1.776E+12 9.532E-11 2.119E-12
314 6.000 1 4.000 12.9955 5.518E+01 3.915E+11 1.409E-10 2.096E-12
48 4.000 1 4.000 13.2805 7.907E+01 3.382E+10 2.338E-09 2.091E-12
1438 2.000 1 4.000 12.7868 1.663E+02 1.458E+10 1.141E-08 2.039E-12
1036 2.000 1 4.000 12.8605 1.636E+02 7.975E+10 2.052E-09 2.029E-12
429 6.000 1 4.000 12.9777 5.280E+01 3.505E+12 1.506E-11 2.000E-12
543 6.000 1 4.000 12.9207 5.147E+01 1.323E+12 3.889E-11 1.933E-12
1140 4.000 1 4.000 12.8342 7.809E+01 3.011E+11 2.594E-10 1.929E-12
1190 4.000 1 4.000 12.8258 7.728E+01 2.644E+11 2.923E-10 1.906E-12
1413 2.000 1 4.000 12.7903 1.471E+02 7.069E+12 2.080E-11 1.803E-12
1489 2.000 1 4.000 12.7541 1.469E+02 4.781E+12 3.072E-11 1.792E-12
134 6.000 1 4.000 13.1368 4.510E+01 1.543E+11 2.923E-10 1.750E-12
1488 4.000 1 4.000 12.7541 6.835E+01 3.612E+12 1.892E-11 1.667E-12
816 6.000 1 4.000 12.8723 4.410E+01 8.008E+11 5.507E-11 1.644E-12
270 8.000 1 4.000 13.0086 3.175E+01 6.784E+09 4.680E-09 1.611E-12
812 4.000 1 4.000 12.8740 6.460E+01 1.658E+12 3.896E-11 1.605E-12
1521 4.000 1 4.000 12.7326 6.580E+01 9.782E+12 6.727E-12 1.599E-12
815 4.000 1 4.000 12.8723 6.333E+01 7.627E+11 8.302E-11 1.573E-12
1281 6.000 1 4.000 12.8080 4.192E+01 1.287E+09 3.257E-08 1.547E-12
813 2.000 1 4.000 12.8728 1.237E+02 1.231E+12 1.005E-10 1.536E-12
1414 4.000 1 4.000 12.7903 5.970E+01 2.803E+12 2.130E-11 1.464E-12
638 6.000 1 4.000 12.8992 3.883E+01 2.515E+12 1.544E-11 1.453E-12
1410 6.000 1 4.000 12.7915 3.890E+01 6.179E+12 6.296E-12 1.432E-12
617 2.000 1 4.000 12.9128 1.131E+02 6.377E+11 1.773E-10 1.413E-12
465 6.000 1 4.000 12.9490 3.730E+01 3.396E+12 1.098E-11 1.406E-12
1319 6.000 1 4.000 12.8056 3.808E+01 1.281E+11 2.973E-10 1.405E-12
131 6.000 1 4.000 13.1398 3.616E+01 1.916E+11 1.888E-10 1.404E-12
42 6.000 1 4.000 13.3109 3.372E+01 2.020E+13 1.669E-12 1.343E-12
1523 2.000 1 4.000 12.7324 1.099E+02 9.493E+12 1.157E-11 1.335E-12
124 4.000 1 4.000 13.1437 5.113E+01 2.742E+11 1.865E-10 1.325E-12
863 6.000 1 4.000 12.8626 3.558E+01 2.262E+11 1.573E-10 1.324E-12
104 4.000 1 4.000 13.1525 5.023E+01 1.270E+11 3.956E-10 1.303E-12
540 6.000 1 4.000 12.9212 3.395E+01 3.459E+12 9.815E-12 1.275E-12
125 2.000 1 4.000 13.1433 9.795E+01 2.798E+11 3.500E-10 1.269E-12
1178 2.000 1 4.000 12.8278 1.022E+02 6.329E+12 1.614E-11 1.260E-12
1171 2.000 1 4.000 12.8284 1.016E+02 2.625E+11 3.870E-10 1.253E-12
269 6.000 1 4.000 13.0086 3.281E+01 6.788E+09 4.834E-09 1.249E-12
1522 4.000 1 4.000 12.7324 5.100E+01 8.714E+12 5.853E-12 1.240E-12
144 8.000 1 4.000 13.1200 2.345E+01 1.954E+10 1.200E-09 1.211E-12
1485 6.000 1 4.000 12.7548 3.132E+01 4.757E+12 6.583E-12 1.146E-12
50 2.000 1 4.000 13.2722 8.646E+01 9.241E+12 9.357E-12 1.142E-12
510 6.000 1 4.000 12.9270 2.888E+01 7.704E+08 3.749E-08 1.085E-12
881 4.000 1 4.000 12.8617 4.330E+01 6.656E+11 6.505E-11 1.074E-12
817 8.000 1 4.000 12.8722 2.156E+01 5.513E+11 3.911E-11 1.071E-12
476 6.000 1 4.000 12.9381 2.803E+01 2.914E+12 9.619E-12 1.055E-12
196 2.000 1 4.000 13.0636 7.807E+01 2.066E+11 3.779E-10 9.988E-13
1091 4.000 1 4.000 12.8454 3.970E+01 9.674E+11 4.104E-11 9.820E-13
616 4.000 1 4.000 12.9130 3.830E+01 6.780E+11 5.649E-11 9.575E-13
814 2.000 1 4.000 12.8723 7.665E+01 6.419E+11 1.194E-10 9.523E-13
1311 2.000 1 4.000 12.8062 7.210E+01 1.610E+11 4.477E-10 8.863E-13
143 6.000 1 4.000 13.1200 2.193E+01 1.955E+10 1.122E-09 8.492E-13
208 4.000 1 4.000 13.0474 3.312E+01 1.116E+10 2.967E-09 8.453E-13
397 6.000 1 4.000 12.9836 2.178E+01 6.308E+07 3.453E-07 8.258E-13
703 6.000 1 4.000 12.8837 2.210E+01 7.356E+11 3.004E-11 8.248E-13
542 4.000 1 4.000 12.9207 3.270E+01 1.162E+12 2.815E-11 8.188E-13
321 4.000 1 4.000 12.9939 3.183E+01 1.467E+12 2.170E-11 8.056E-13
254 4.000 1 4.000 13.0224 3.158E+01 2.301E+12 1.372E-11 8.030E-13
699 4.000 1 4.000 12.8840 3.183E+01 3.204E+11 9.933E-11 7.920E-13
133 4.000 1 4.000 13.1393 3.030E+01 1.873E+11 1.618E-10 7.843E-13
430 4.000 1 4.000 12.9777 3.090E+01 3.555E+12 8.691E-12 7.800E-13
1519 6.000 1 4.000 12.7329 2.098E+01 6.649E+12 3.156E-12 7.650E-13
338 6.000 1 4.000 12.9884 2.008E+01 2.956E+11 6.794E-11 7.618E-13
798 6.000 1 4.000 12.8821 1.988E+01 2.607E+06 7.627E-06 7.420E-13
909 6.000 1 4.000 12.8612 1.950E+01 7.223E+10 2.700E-10 7.253E-13
879 6.000 1 4.000 12.8617 1.910E+01 2.036E+12 9.380E-12 7.105E-13
1206 6.000 1 4.000 12.8257 1.845E+01 8.288E+10 2.226E-10 6.825E-13
647 6.000 1 4.000 12.8950 1.824E+01 2.418E+12 7.545E-12 6.822E-13
1181 4.000 1 4.000 12.8260 2.763E+01 9.141E+11 3.022E-11 6.815E-13
646 4.000 1 4.000 12.8950 2.565E+01 3.080E+12 8.327E-12 6.393E-13
464 4.000 1 4.000 12.9490 2.518E+01 3.227E+12 7.802E-12 6.328E-13
194 4.000 1 4.000 13.0641 2.372E+01 4.018E+11 5.902E-11 6.068E-13
1340 4.000 1 4.000 12.8045 2.465E+01 7.055E+10 3.494E-10 6.060E-13
1039 6.000 1 4.000 12.8605 1.627E+01 4.490E+10 3.624E-10 6.052E-13
41 4.000 1 4.000 13.3110 2.259E+01 2.047E+13 1.104E-12 6.003E-13
206 6.000 1 4.000 13.0492 1.441E+01 7.308E+12 1.971E-12 5.518E-13
1403 6.000 1 4.000 12.7940 1.466E+01 8.180E+12 1.792E-12 5.395E-13
1417 8.000 1 4.000 12.7881 1.082E+01 5.368E+12 2.016E-12 5.308E-13
1475 4.000 1 4.000 12.7866 2.152E+01 8.034E+10 2.679E-10 5.275E-13
878 2.000 1 4.000 12.8619 4.117E+01 6.809E+11 6.046E-11 5.105E-13
1092 2.000 1 4.000 12.8445 4.041E+01 1.116E+12 3.622E-11 4.996E-13
268 4.000 1 4.000 13.0086 1.960E+01 6.797E+09 2.884E-09 4.974E-13
522 2.000 1 4.000 12.9230 3.919E+01 4.992E+11 7.850E-11 4.908E-13
548 6.000 1 4.000 12.9201 1.296E+01 3.595E+12 3.605E-12 4.865E-13
356 6.000 1 4.000 12.9845 1.255E+01 4.221E+08 2.974E-08 4.760E-13
129 2.000 1 4.000 13.1399 3.631E+01 6.090E+10 5.962E-10 4.700E-13
1093 2.000 1 4.000 12.8444 3.783E+01 1.607E+12 2.354E-11 4.678E-13
700 2.000 1 4.000 12.8840 3.559E+01 3.957E+11 8.994E-11 4.428E-13
345 2.000 1 4.000 12.9876 3.443E+01 3.195E+12 1.078E-11 4.352E-13
637 4.000 1 4.000 12.8993 1.720E+01 1.878E+12 9.155E-12 4.290E-13
87 8.000 1 4.000 13.1974 7.200E+00 1.395E+13 5.161E-13 3.760E-13
547 4.000 1 4.000 12.9202 1.496E+01 1.402E+12 1.067E-11 3.743E-13
354 8.000 1 4.000 12.9856 7.121E+00 4.391E+09 1.622E-09 3.600E-13
819 6.000 1 4.000 12.8711 9.328E+00 1.838E+12 5.075E-12 3.475E-13
702 4.000 1 4.000 12.8837 1.392E+01 1.205E+12 1.156E-11 3.463E-13
899 4.000 1 4.000 12.8613 1.320E+01 1.593E+11 8.283E-11 3.273E-13
142 4.000 1 4.000 13.1200 1.254E+01 1.956E+10 6.414E-10 3.237E-13
1189 2.000 1 4.000 12.8258 2.583E+01 2.623E+11 9.847E-11 3.186E-13
454 6.000 1 4.000 12.9570 8.402E+00 6.349E+09 1.323E-09 3.173E-13
49 2.000 1 4.000 13.2805 2.380E+01 3.382E+10 7.037E-10 3.147E-13
193 6.000 1 4.000 13.0644 8.089E+00 4.273E+11 1.893E-11 3.104E-13
1177 4.000 1 4.000 12.8278 1.237E+01 5.663E+12 2.184E-12 3.053E-13
205 4.000 1 4.000 13.0493 1.196E+01 7.309E+12 1.636E-12 3.053E-13
1084 8.000 1 4.000 12.8468 5.704E+00 4.730E+11 1.206E-11 2.822E-13
1074 6.000 1 4.000 12.8552 7.446E+00 6.604E+11 1.128E-11 2.766E-13
353 6.000 1 4.000 12.9856 7.189E+00 4.395E+09 1.636E-09 2.727E-13
1184 6.000 1 4.000 12.8259 6.928E+00 2.655E+11 2.610E-11 2.563E-13
348 4.000 1 4.000 12.9873 1.012E+01 5.589E+11 1.811E-11 2.560E-13
882 8.000 1 4.000 12.8617 4.986E+00 4.655E+12 1.071E-12 2.473E-13
339 4.000 1 4.000 12.9883 9.712E+00 3.188E+11 3.046E-11 2.457E-13
1241 6.000 1 4.000 12.8197 6.574E+00 1.606E+12 4.094E-12 2.429E-13
197 2.000 1 4.000 13.0630 1.879E+01 7.303E+10 2.573E-10 2.404E-13
195 4.000 1 4.000 13.0639 9.191E+00 2.243E+11 4.098E-11 2.352E-13
1318 2.000 1 4.000 12.8058 1.799E+01 3.933E+12 4.573E-12 2.211E-13
1040 4.000 1 4.000 12.8605 8.841E+00 9.389E+10 9.416E-11 2.192E-13
1199 6.000 1 4.000 12.8258 5.907E+00 1.338E+11 4.414E-11 2.185E-13
286 6.000 1 4.000 13.0054 5.708E+00 7.915E+07 7.212E-08 2.171E-13
315 4.000 1 4.000 12.9945 8.475E+00 3.907E+12 2.169E-12 2.145E-13
350 8.000 1 4.000 12.9864 4.088E+00 1.397E+11 2.926E-11 2.067E-13
669 6.000 1 4.000 12.8911 5.477E+00 1.325E+10 4.132E-10 2.047E-13
187 8.000 1 4.000 13.0718 3.947E+00 5.819E+11 6.784E-12 2.022E-13
810 6.000 1 4.000 12.8761 4.700E+00 1.634E+12 2.876E-12 1.752E-13
316 2.000 1 4.000 12.9944 1.371E+01 4.117E+12 3.329E-12 1.735E-13
1044 8.000 1 4.000 12.8591 3.441E+00 8.549E+11 4.025E-12 1.706E-13
710 6.000 1 4.000 12.8831 4.458E+00 2.837E+12 1.571E-12 1.664E-13
1341 6.000 1 4.000 12.8045 4.250E+00 8.064E+10 5.270E-11 1.567E-13
188 8.000 1 4.000 13.0672 3.033E+00 6.438E+11 4.710E-12 1.552E-13
818 4.000 1 4.000 12.8712 6.250E+00 1.322E+12 4.727E-12 1.552E-13
645 2.000 1 4.000 12.8951 1.199E+01 3.723E+12 3.219E-12 1.494E-13
545 4.000 1 4.000 12.9206 5.960E+00 1.975E+12 3.017E-12 1.492E-13
743 8.000 1 4.000 12.8822 2.956E+00 4.135E+07 7.149E-08 1.471E-13
1075 4.000 1 4.000 12.8551 5.843E+00 4.298E+11 1.360E-11 1.448E-13
1339 6.000 1 4.000 12.8045 3.805E+00 9.104E+10 4.180E-11 1.403E-13
880 2.000 1 4.000 12.8617 1.082E+01 6.052E+11 1.787E-11 1.341E-13
344 4.000 1 4.000 12.9878 5.229E+00 2.769E+12 1.888E-12 1.322E-13
207 2.000 1 4.000 13.0474 9.844E+00 1.116E+10 8.819E-10 1.256E-13
1418 6.000 1 4.000 12.7881 3.258E+00 6.175E+12 5.276E-13 1.198E-13
948 8.000 1 4.000 12.8607 2.254E+00 1.275E+09 1.768E-09 1.118E-13
544 2.000 1 4.000 12.9207 8.911E+00 1.146E+12 7.776E-12 1.115E-13
870 8.000 1 4.000 12.8624 2.245E+00 4.366E+10 5.143E-11 1.114E-13
352 4.000 1 4.000 12.9856 4.273E+00 4.400E+09 9.711E-10 1.080E-13
398 4.000 1 4.000 12.9836 4.240E+00 5.884E+07 7.206E-08 1.072E-13
758 8.000 1 4.000 12.8821 2.125E+00 3.259E+08 6.520E-09 1.058E-13
1085 6.000 1 4.000 12.8467 2.787E+00 2.175E+11 1.281E-11 1.035E-13
71 6.000 1 4.000 13.2454 2.543E+00 1.107E+13 2.297E-13 1.003E-13
1030 6.000 1 4.000 12.8606 2.577E+00 1.712E+09 1.505E-09 9.583E-14
1400 6.000 1 4.000 12.7979 2.597E+00 1.501E+12 1.730E-12 9.563E-14
66 2.000 1 4.000 13.2515 7.127E+00 2.009E+13 3.547E-13 9.377E-14
435 8.000 1 4.000 12.9727 1.792E+00 4.660E+12 3.846E-13 9.045E-14
347 4.000 1 4.000 12.9875 3.482E+00 8.729E+10 3.989E-11 8.805E-14
1078 4.000 1 4.000 12.8524 3.544E+00 1.313E+09 2.699E-09 8.780E-14
811 4.000 1 4.000 12.8761 3.515E+00 1.657E+12 2.122E-12 8.735E-14
1086 6.000 1 4.000 12.8462 2.307E+00 2.182E+11 1.057E-11 8.559E-14
1495 6.000 1 4.000 12.7523 2.110E+00 4.646E+11 4.541E-12 7.715E-14
1197 6.000 1 4.000 12.8258 2.042E+00 1.213E+11 1.683E-11 7.550E-14
871 2.000 1 4.000 12.8624 6.085E+00 1.062E+12 5.728E-12 7.550E-14
267 2.000 1 4.000 13.0086 5.815E+00 6.793E+09 8.560E-10 7.375E-14
1089 4.000 1 4.000 12.8460 2.918E+00 1.676E+11 1.741E-11 7.221E-14
713 8.000 1 4.000 12.8828 1.397E+00 6.437E+12 2.171E-13 6.957E-14
136 4.000 1 4.000 13.1366 2.630E+00 8.990E+10 2.926E-11 6.805E-14
116 8.000 1 4.000 13.1483 1.290E+00 2.607E+11 4.948E-12 6.690E-14
768 6.000 1 4.000 12.8821 1.757E+00 2.172E+08 8.086E-09 6.555E-14
1015 4.000 1 4.000 12.8606 2.523E+00 4.754E+08 5.306E-09 6.258E-14
615 2.000 1 4.000 12.9133 4.970E+00 4.318E+11 1.151E-11 6.214E-14
701 2.000 1 4.000 12.8837 4.758E+00 1.261E+12 3.774E-12 5.921E-14
1032 8.000 1 4.000 12.8606 1.171E+00 4.766E+08 2.457E-09 5.805E-14
1182 6.000 1 4.000 12.8260 1.522E+00 8.894E+11 1.711E-12 5.628E-14
968 6.000 1 4.000 12.8607 1.494E+00 1.761E+07 8.485E-08 5.558E-14
594 8.000 1 4.000 12.9178 1.101E+00 3.028E+11 3.637E-12 5.510E-14
346 6.000 1 4.000 12.9875 1.426E+00 1.814E+11 7.857E-12 5.407E-14
329 2.000 1 4.000 12.9927 4.189E+00 6.169E+10 6.792E-11 5.302E-14
141 2.000 1 4.000 13.1200 4.006E+00 1.957E+10 2.047E-10 5.168E-14
72 4.000 1 4.000 13.2452 1.922E+00 1.143E+13 1.682E-13 5.055E-14
1079 6.000 1 4.000 12.8524 1.335E+00 1.427E+09 9.352E-10 4.959E-14
709 8.000 1 4.000 12.8831 9.440E-01 2.611E+12 3.616E-13 4.698E-14
65 4.000 1 4.000 13.2516 1.629E+00 1.986E+13 8.202E-14 4.288E-14
946 6.000 1 4.000 12.8607 1.140E+00 1.087E+09 1.049E-09 4.243E-14
1090 2.000 1 4.000 12.8459 3.369E+00 1.142E+11 2.950E-11 4.167E-14
1014 2.000 1 4.000 12.8606 3.353E+00 1.171E+09 2.863E-09 4.158E-14
1088 2.000 1 4.000 12.8460 3.148E+00 1.114E+11 2.826E-11 3.895E-14
280 6.000 1 4.000 13.0055 1.017E+00 9.125E+06 1.115E-07 3.870E-14
686 8.000 1 4.000 12.8852 7.589E-01 4.094E+12 1.854E-13 3.778E-14
1265 8.000 1 4.000 12.8102 7.585E-01 1.288E+11 5.887E-12 3.733E-14
1401 4.000 1 4.000 12.7979 1.432E+00 1.703E+12 8.407E-13 3.515E-14
279 4.000 1 4.000 13.0055 1.381E+00 9.116E+06 1.515E-07 3.503E-14
287 4.000 1 4.000 13.0054 1.377E+00 7.885E+07 1.747E-08 3.493E-14
711 4.000 1 4.000 12.8831 1.348E+00 8.831E+11 1.526E-12 3.354E-14
907 4.000 1 4.000 12.8612 1.344E+00 3.190E+10 4.213E-11 3.333E-14
1127 8.000 1 4.000 12.8379 5.816E-01 1.493E+12 3.895E-13 2.875E-14
767 4.000 1 4.000 12.8821 1.143E+00 3.930E+08 2.908E-09 2.843E-14
189 6.000 1 4.000 13.0669 7.040E-01 6.270E+11 1.123E-12 2.703E-14
340 2.000 1 4.000 12.9883 2.027E+00 2.895E+11 7.002E-12 2.564E-14
1198 4.000 1 4.000 12.8258 1.037E+00 1.079E+11 9.610E-12 2.558E-14
664 4.000 1 4.000 12.8919 9.374E-01 4.668E+12 2.008E-13 2.335E-14
546 2.000 1 4.000 12.9206 1.846E+00 1.819E+12 1.015E-12 2.310E-14
742 6.000 1 4.000 12.8822 6.032E-01 7.192E+07 8.386E-09 2.251E-14
1272 2.000 1 4.000 12.8096 1.750E+00 4.602E+10 3.801E-11 2.152E-14
712 6.000 1 4.000 12.8828 5.730E-01 2.359E+12 2.430E-13 2.139E-14
787 2.000 1 4.000 12.8821 1.682E+00 1.418E+09 1.186E-09 2.092E-14
756 6.000 1 4.000 12.8822 5.447E-01 4.558E+08 1.195E-09 2.033E-14
607 6.000 1 4.000 12.9178 5.402E-01 4.425E+08 1.221E-09 2.027E-14
1493 6.000 1 4.000 12.7524 5.280E-01 5.903E+11 8.945E-13 1.931E-14
1527 6.000 1 4.000 12.7313 5.292E-01 3.906E+11 1.355E-12 1.929E-14
549 4.000 1 4.000 12.9197 7.665E-01 2.407E+12 3.184E-13 1.918E-14
1529 6.000 1 4.000 12.7313 5.258E-01 3.312E+11 1.588E-12 1.917E-14
685 6.000 1 4.000 12.8853 5.018E-01 4.384E+12 1.145E-13 1.874E-14
224 6.000 1 4.000 13.0419 4.803E-01 1.093E+08 4.396E-09 1.837E-14
1256 8.000 1 4.000 12.8120 3.669E-01 9.069E+11 4.045E-13 1.805E-14
1028 4.000 1 4.000 12.8606 7.153E-01 1.770E+09 4.041E-10 1.774E-14
694 2.000 1 4.000 12.8848 1.398E+00 2.396E+12 5.835E-13 1.740E-14
792 4.000 1 4.000 12.8821 6.943E-01 4.980E+08 1.394E-09 1.727E-14
450 6.000 1 4.000 12.9571 4.505E-01 1.781E+09 2.530E-10 1.701E-14
351 2.000 1 4.000 12.9856 1.323E+00 4.398E+09 3.008E-10 1.672E-14
901 4.000 1 4.000 12.8613 6.637E-01 1.117E+12 5.944E-13 1.646E-14
1420 4.000 1 4.000 12.7878 6.618E-01 6.320E+12 1.047E-13 1.622E-14
689 8.000 1 4.000 12.8850 3.221E-01 1.118E+11 2.881E-12 1.604E-14
1422 4.000 1 4.000 12.7877 6.403E-01 3.151E+12 2.032E-13 1.570E-14
1419 6.000 1 4.000 12.7879 4.213E-01 6.297E+12 6.691E-14 1.550E-14
673 6.000 1 4.000 12.8909 4.143E-01 3.974E+09 1.043E-10 1.548E-14
1528 4.000 1 4.000 12.7313 6.170E-01 3.038E+11 2.031E-12 1.500E-14
527 8.000 1 4.000 12.9228 2.921E-01 1.510E+11 1.934E-12 1.463E-14
1271 4.000 1 4.000 12.8096 5.888E-01 5.727E+10 1.028E-11 1.448E-14
786 6.000 1 4.000 12.8821 3.858E-01 4.201E+08 9.183E-10 1.440E-14
784 4.000 1 4.000 12.8821 5.040E-01 6.434E+08 7.833E-10 1.254E-14
115 2.000 1 4.000 13.1486 9.663E-01 1.071E+11 9.026E-12 1.253E-14
610 4.000 1 4.000 12.9178 4.913E-01 5.121E+08 9.594E-10 1.229E-14
1424 2.000 1 4.000 12.7876 9.587E-01 6.732E+12 1.424E-13 1.175E-14
112 8.000 1 4.000 13.1495 2.253E-01 4.706E+11 4.786E-13 1.168E-14
1205 4.000 1 4.000 12.8258 4.391E-01 2.155E+11 2.038E-12 1.083E-14
89 2.000 1 4.000 13.1865 8.239E-01 1.096E+13 7.518E-14 1.074E-14
449 4.000 1 4.000 12.9571 4.223E-01 1.747E+09 2.417E-10 1.063E-14
1338 6.000 1 4.000 12.8045 2.809E-01 1.727E+11 1.626E-12 1.036E-14
608 2.000 1 4.000 12.9178 7.900E-01 1.417E+09 5.576E-10 9.880E-15
605 8.000 1 4.000 12.9178 1.929E-01 4.534E+09 4.254E-11 9.650E-15
88 4.000 1 4.000 13.1865 3.252E-01 1.105E+13 2.943E-14 8.479E-15
390 4.000 1 4.000 12.9836 3.328E-01 6.504E+06 5.116E-08 8.410E-15
1441 6.000 1 4.000 12.7868 2.245E-01 4.321E+10 5.196E-12 8.258E-15
1080 6.000 1 4.000 12.8524 2.203E-01 1.008E+09 2.186E-10 8.188E-15
160 6.000 1 4.000 13.1094 2.103E-01 1.280E+08 1.644E-09 8.130E-15
1142 6.000 1 4.000 12.8341 2.168E-01 7.085E+09 3.061E-11 8.035E-15
312 4.000 1 4.000 12.9995 2.969E-01 2.886E+12 1.029E-13 7.525E-15
278 2.000 1 4.000 13.0055 5.885E-01 9.110E+06 6.460E-08 7.460E-15
780 6.000 1 4.000 12.8821 1.998E-01 4.436E+08 4.504E-10 7.460E-15
60 8.000 1 4.000 13.2605 1.400E-01 7.041E+12 1.988E-14 7.380E-15
970 6.000 1 4.000 12.8607 1.910E-01 8.901E+08 2.146E-10 7.105E-15
1263 8.000 1 4.000 12.8107 1.346E-01 1.207E+11 1.115E-12 6.622E-15
218 6.000 1 4.000 13.0420 1.705E-01 1.254E+07 1.359E-08 6.520E-15
688 6.000 1 4.000 12.8851 1.720E-01 9.476E+10 1.815E-12 6.425E-15
910 8.000 1 4.000 12.8612 1.288E-01 2.753E+10 4.677E-12 6.382E-15
705 4.000 1 4.000 12.8832 2.475E-01 1.390E+12 1.781E-13 6.157E-15
1026 8.000 1 4.000 12.8606 1.129E-01 1.793E+09 6.298E-11 5.600E-15
578 8.000 1 4.000 12.9179 1.069E-01 1.853E+10 5.767E-12 5.348E-15
1273 2.000 1 4.000 12.8095 4.288E-01 2.138E+10 2.006E-11 5.276E-15
983 8.000 1 4.000 12.8607 1.054E-01 5.969E+09 1.766E-11 5.230E-15
606 4.000 1 4.000 12.9178 2.051E-01 5.706E+08 3.595E-10 5.133E-15
313 6.000 1 4.000 12.9995 1.346E-01 2.884E+12 4.669E-14 5.117E-15
1012 6.000 1 4.000 12.8606 1.329E-01 7.750E+07 1.715E-09 4.945E-15
684 4.000 1 4.000 12.8853 1.958E-01 2.512E+12 7.792E-14 4.873E-15
217 4.000 1 4.000 13.0420 1.878E-01 1.254E+07 1.497E-08 4.788E-15
663 2.000 1 4.000 12.8920 3.739E-01 5.941E+12 6.293E-14 4.657E-15
225 4.000 1 4.000 13.0419 1.815E-01 1.088E+08 1.668E-09 4.628E-15
1083 8.000 1 4.000 12.8480 9.223E-02 2.013E+11 4.581E-13 4.565E-15
1095 6.000 1 4.000 12.8444 1.144E-01 1.234E+12 9.268E-14 4.244E-15
1240 4.000 1 4.000 12.8198 1.685E-01 1.604E+12 1.050E-13 4.152E-15
1094 4.000 1 4.000 12.8444 1.658E-01 1.621E+12 1.023E-13 4.102E-15
1270 4.000 1 4.000 12.8097 1.658E-01 8.775E+10 1.890E-12 4.080E-15
582 8.000 1 4.000 12.9179 7.685E-02 1.602E+10 4.797E-12 3.845E-15
311 2.000 1 4.000 12.9995 3.026E-01 2.885E+12 1.049E-13 3.833E-15
877 4.000 1 4.000 12.8619 1.541E-01 3.969E+11 3.882E-13 3.821E-15
1087 4.000 1 4.000 12.8462 1.487E-01 1.009E+11 1.474E-12 3.678E-15
1099 6.000 1 4.000 12.8434 9.894E-02 1.961E+09 5.045E-11 3.670E-15
1250 2.000 1 4.000 12.8148 2.865E-01 2.001E+12 1.432E-13 3.527E-15
785 8.000 1 4.000 12.8821 7.064E-02 4.186E+08 1.687E-10 3.515E-15
111 6.000 1 4.000 13.1496 8.778E-02 4.698E+11 1.869E-13 3.413E-15
778 8.000 1 4.000 12.8821 6.461E-02 2.683E+08 2.408E-10 3.215E-15
1041 6.000 1 4.000 12.8605 8.513E-02 4.422E+10 1.925E-12 3.167E-15
1113 8.000 1 4.000 12.8432 6.304E-02 5.603E+06 1.125E-08 3.117E-15
1421 2.000 1 4.000 12.7877 2.469E-01 2.473E+12 9.985E-14 3.027E-15
1249 6.000 1 4.000 12.8159 8.045E-02 7.262E+11 1.108E-13 2.971E-15
982 6.000 1 4.000 12.8607 7.455E-02 1.522E+09 4.899E-11 2.773E-15
389 2.000 1 4.000 12.9836 2.057E-01 6.499E+06 3.164E-08 2.600E-15
1248 4.000 1 4.000 12.8159 9.970E-02 9.675E+11 1.030E-13 2.455E-15
391 6.000 1 4.000 12.9836 6.285E-02 6.511E+06 9.653E-09 2.383E-15
161 4.000 1 4.000 13.1094 9.116E-02 1.274E+08 7.155E-10 2.349E-15
1117 4.000 1 4.000 12.8426 9.476E-02 2.393E+12 3.960E-14 2.343E-15
1116 2.000 1 4.000 12.8426 1.875E-01 3.194E+12 5.872E-14 2.319E-15
1057 6.000 1 4.000 12.8555 6.227E-02 9.821E+09 6.340E-12 2.315E-15
1471 8.000 1 4.000 12.7867 4.706E-02 8.845E+09 5.321E-12 2.307E-15
1348 6.000 1 4.000 12.8045 6.008E-02 5.554E+10 1.082E-12 2.216E-15
1251 4.000 1 4.000 12.8147 8.597E-02 1.550E+12 5.546E-14 2.116E-15
1465 6.000 1 4.000 12.7867 5.670E-02 2.819E+09 2.012E-11 2.085E-15
1287 8.000 1 4.000 12.8079 4.034E-02 1.053E+07 3.832E-09 1.984E-15
154 6.000 1 4.000 13.1096 4.967E-02 1.456E+07 3.412E-09 1.920E-15
1429 6.000 1 4.000 12.7874 5.110E-02 4.036E+11 1.266E-13 1.879E-15
349 6.000 1 4.000 12.9864 4.932E-02 1.409E+11 3.499E-13 1.871E-15
1115 6.000 1 4.000 12.8432 4.883E-02 1.286E+08 3.796E-10 1.812E-15
1394 8.000 1 4.000 12.8045 3.536E-02 4.415E+09 8.010E-12 1.739E-15
1020 8.000 1 4.000 12.8606 3.483E-02 1.012E+09 3.441E-11 1.727E-15
323 8.000 1 4.000 12.9936 3.219E-02 2.670E+11 1.205E-13 1.629E-15
1031 6.000 1 4.000 12.8606 4.297E-02 7.738E+08 5.553E-11 1.598E-15
153 4.000 1 4.000 13.1096 6.090E-02 1.454E+07 4.188E-09 1.570E-15
603 8.000 1 4.000 12.9178 2.996E-02 3.072E+09 9.755E-12 1.499E-15
748 8.000 1 4.000 12.8822 3.004E-02 2.942E+08 1.021E-10 1.495E-15
1476 4.000 1 4.000 12.7702 6.100E-02 2.189E+12 2.786E-14 1.491E-15
1238 8.000 1 4.000 12.8257 2.865E-02 3.194E+09 8.971E-12 1.413E-15
1324 6.000 1 4.000 12.8046 3.731E-02 1.711E+11 2.181E-13 1.376E-15
1477 2.000 1 4.000 12.7702 1.123E-01 2.206E+12 5.091E-14 1.373E-15
1239 2.000 1 4.000 12.8198 1.024E-01 1.579E+12 6.483E-14 1.261E-15
1266 6.000 1 4.000 12.8101 3.267E-02 1.323E+11 2.469E-13 1.206E-15
1268 6.000 1 4.000 12.8098 3.193E-02 1.134E+11 2.816E-13 1.178E-15
972 8.000 1 4.000 12.8607 2.340E-02 7.464E+08 3.135E-11 1.161E-15
668 4.000 1 4.000 12.8911 4.555E-02 2.068E+10 2.203E-12 1.135E-15
152 2.000 1 4.000 13.1096 8.181E-02 1.453E+07 5.630E-09 1.054E-15
757 8.000 1 4.000 12.8822 2.075E-02 5.647E+10 3.675E-13 1.032E-15
1061 6.000 1 4.000 12.8554 2.770E-02 2.820E+09 9.824E-12 1.029E-15
326 8.000 1 4.000 12.9930 1.994E-02 1.487E+11 1.341E-13 1.009E-15
975 8.000 1 4.000 12.8607 1.995E-02 3.151E+08 6.331E-11 9.895E-16
604 6.000 1 4.000 12.9178 2.635E-02 3.879E+08 6.792E-11 9.890E-16
216 2.000 1 4.000 13.0420 6.990E-02 1.253E+07 5.579E-09 8.915E-16
1463 4.000 1 4.000 12.7867 3.638E-02 2.789E+09 1.304E-11 8.915E-16
774 8.000 1 4.000 12.8821 1.785E-02 7.833E+10 2.279E-13 8.880E-16
1114 4.000 1 4.000 12.8432 3.265E-02 1.278E+08 2.554E-10 8.075E-16
1141 4.000 1 4.000 12.8341 3.193E-02 1.072E+10 2.978E-12 7.882E-16
1327 8.000 1 4.000 12.8046 1.540E-02 4.514E+10 3.411E-13 7.570E-16
575 6.000 1 4.000 12.9179 2.015E-02 4.239E+07 4.754E-10 7.563E-16
1382 8.000 1 4.000 12.8045 1.429E-02 4.104E+10 3.481E-13 7.028E-16
725 8.000 1 4.000 12.8822 1.409E-02 5.297E+10 2.660E-13 7.013E-16
981 4.000 1 4.000 12.8607 2.823E-02 1.612E+09 1.751E-11 6.998E-16
530 8.000 1 4.000 12.9226 1.378E-02 7.727E+10 1.783E-13 6.898E-16
1112 6.000 1 4.000 12.8432 1.792E-02 5.762E+06 3.110E-09 6.645E-16
63 8.000 1 4.000 13.2567 1.035E-02 1.590E+13 6.509E-16 5.455E-16
99 8.000 1 4.000 13.1745 9.524E-03 1.678E+13 5.674E-16 4.958E-16
1056 4.000 1 4.000 12.8555 1.996E-02 1.502E+10 1.328E-12 4.944E-16
526 6.000 1 4.000 12.9228 1.293E-02 1.513E+11 8.544E-14 4.855E-16
1247 2.000 1 4.000 12.8160 3.763E-02 1.133E+12 3.320E-14 4.634E-16
945 8.000 1 4.000 12.8607 9.296E-03 4.830E+09 1.925E-12 4.610E-16
583 6.000 1 4.000 12.9179 1.218E-02 4.728E+08 2.576E-11 4.570E-16
1192 8.000 1 4.000 12.8258 9.244E-03 6.614E+10 1.398E-13 4.560E-16
1019 8.000 1 4.000 12.8606 8.506E-03 2.270E+09 3.747E-12 4.220E-16
69 8.000 1 4.000 13.2463 7.562E-03 1.840E+13 4.110E-16 3.978E-16
1010 6.000 1 4.000 12.8606 1.066E-02 8.917E+06 1.195E-09 3.963E-16
1470 6.000 1 4.000 12.7867 1.070E-02 9.402E+09 1.138E-12 3.935E-16
692 8.000 1 4.000 12.8849 7.358E-03 5.802E+10 1.268E-13 3.662E-16
1370 6.000 1 4.000 12.8045 9.215E-03 9.243E+08 9.970E-12 3.398E-16
1286 6.000 1 4.000 12.8079 9.063E-03 5.730E+06 1.582E-09 3.343E-16
1296 6.000 1 4.000 12.8079 8.597E-03 1.127E+08 7.626E-11 3.170E-16
1512 4.000 1 4.000 12.7422 1.229E-02 2.715E+12 4.524E-15 2.990E-16
242 8.000 1 4.000 13.0302 5.769E-03 5.676E+12 1.016E-15 2.937E-16
589 6.000 1 4.000 12.9178 7.232E-03 2.667E+08 2.711E-11 2.715E-16
1462 6.000 1 4.000 12.7867 7.252E-03 2.283E+09 3.176E-12 2.668E-16
322 6.000 1 4.000 12.9936 6.735E-03 2.672E+11 2.520E-14 2.558E-16
1511 2.000 1 4.000 12.7422 2.051E-02 3.119E+12 6.577E-15 2.497E-16
903 8.000 1 4.000 12.8613 4.995E-03 8.999E+10 5.550E-14 2.478E-16
1351 6.000 1 4.000 12.8045 6.615E-03 2.638E+10 2.507E-13 2.439E-16
1302 6.000 1 4.000 12.8079 6.185E-03 6.176E+06 1.001E-09 2.282E-16
1223 6.000 1 4.000 12.8257 5.880E-03 1.533E+09 3.836E-12 2.175E-16
1232 8.000 1 4.000 12.8257 4.250E-03 6.720E+10 6.324E-14 2.096E-16
759 8.000 1 4.000 12.8821 3.966E-03 1.038E+10 3.819E-13 1.973E-16
651 8.000 1 4.000 12.8946 3.955E-03 7.209E+11 5.487E-15 1.972E-16
569 8.000 1 4.000 12.9179 3.590E-03 1.822E+10 1.970E-13 1.796E-16
1289 8.000 1 4.000 12.8079 3.547E-03 8.512E+07 4.168E-11 1.745E-16
915 8.000 1 4.000 12.8611 3.129E-03 5.927E+10 5.279E-14 1.551E-16
727 8.000 1 4.000 12.8822 2.954E-03 1.158E+10 2.550E-13 1.470E-16
1431 8.000 1 4.000 12.7873 2.919E-03 1.067E+11 2.736E-14 1.431E-16
474 8.000 1 4.000 12.9399 2.785E-03 2.678E+12 1.040E-15 1.398E-16
1011 4.000 1 4.000 12.8606 5.243E-03 1.890E+06 2.774E-09 1.300E-16
1209 6.000 1 4.000 12.8257 3.418E-03 3.592E+10 9.516E-14 1.265E-16
246 8.000 1 4.000 13.0264 2.309E-03 6.731E+12 3.430E-16 1.175E-16
1224 8.000 1 4.000 12.8257 2.371E-03 7.317E+08 3.241E-12 1.170E-16
1292 4.000 1 4.000 12.8079 4.398E-03 1.117E+08 3.936E-11 1.082E-16
456 8.000 1 4.000 12.9530 1.762E-03 6.150E+12 2.866E-16 8.865E-17
656 8.000 1 4.000 12.8944 1.716E-03 1.556E+12 1.103E-15 8.555E-17
859 8.000 1 4.000 12.8644 1.505E-03 2.771E+12 5.432E-16 7.470E-17
239 8.000 1 4.000 13.0311 1.464E-03 2.819E+12 5.192E-16 7.453E-17
918 8.000 1 4.000 12.8611 1.432E-03 1.472E+10 9.730E-14 7.105E-17
1371 8.000 1 4.000 12.8045 1.325E-03 4.582E+08 2.892E-12 6.515E-17
361 8.000 1 4.000 12.9844 1.116E-03 1.113E+08 1.003E-11 5.642E-17
919 8.000 1 4.000 12.8611 1.115E-03 3.747E+10 2.974E-14 5.528E-17
477 8.000 1 4.000 12.9380 9.532E-04 3.041E+12 3.134E-16 4.785E-17
1208 6.000 1 4.000 12.8257 1.265E-03 2.852E+10 4.435E-14 4.680E-17
574 8.000 1 4.000 12.9179 9.084E-04 4.607E+10 1.972E-14 4.545E-17
1242 8.000 1 4.000 12.8197 9.053E-04 1.604E+12 5.644E-16 4.460E-17
823 8.000 1 4.000 12.8683 8.557E-04 5.481E+11 1.561E-15 4.250E-17
826 8.000 1 4.000 12.8682 8.096E-04 9.251E+11 8.752E-16 4.020E-17
659 8.000 1 4.000 12.8933 7.895E-04 1.850E+12 4.267E-16 3.935E-17
372 8.000 1 4.000 12.9843 7.585E-04 1.290E+08 5.878E-12 3.835E-17
1211 8.000 1 4.000 12.8257 7.732E-04 3.806E+10 2.032E-14 3.815E-17
715 8.000 1 4.000 12.8823 7.060E-04 7.156E+09 9.866E-14 3.512E-17
401 8.000 1 4.000 12.9835 6.800E-04 6.592E+03 1.032E-07 3.437E-17
400 6.000 1 4.000 12.9835 8.468E-04 6.327E+03 1.338E-07 3.210E-17
1352 8.000 1 4.000 12.8045 6.490E-04 2.860E+10 2.269E-14 3.190E-17
1404 8.000 1 4.000 12.7940 5.190E-04 1.234E+12 4.207E-16 2.548E-17
407 8.000 1 4.000 12.9835 3.929E-04 7.100E+04 5.533E-09 1.986E-17
1494 4.000 1 4.000 12.7523 8.013E-04 4.383E+11 1.828E-15 1.954E-17
1430 6.000 1 4.000 12.7873 5.170E-04 1.066E+11 4.851E-15 1.901E-17
588 4.000 1 4.000 12.9178 7.495E-04 4.400E+08 1.703E-12 1.875E-17
1350 6.000 1 4.000 12.8045 4.838E-04 2.207E+10 2.192E-14 1.784E-17
1349 4.000 1 4.000 12.8045 6.473E-04 2.079E+10 3.113E-14 1.591E-17
399 4.000 1 4.000 12.9835 4.850E-04 6.121E+03 7.923E-08 1.226E-17
717 8.000 1 4.000 12.8823 2.434E-04 1.273E+09 1.912E-13 1.211E-17
732 8.000 1 4.000 12.8822 2.309E-04 1.612E+08 1.432E-12 1.149E-17
1109 8.000 1 4.000 12.8432 2.002E-04 1.203E+08 1.665E-12 9.905E-18
834 8.000 1 4.000 12.8675 1.659E-04 1.348E+12 1.231E-16 8.237E-18
1416 8.000 1 4.000 12.7885 1.531E-04 4.986E+12 3.071E-17 7.507E-18
1207 4.000 1 4.000 12.8257 2.333E-04 2.777E+10 8.399E-15 5.753E-18
408 6.000 1 4.000 12.9835 1.462E-04 7.051E+04 2.073E-09 5.540E-18
382 8.000 1 4.000 12.9842 7.946E-05 2.621E+08 3.032E-13 4.017E-18
234 8.000 1 4.000 13.0418 6.700E-05 7.284E+04 9.198E-10 3.418E-18
744 8.000 1 4.000 12.8822 5.469E-05 5.914E+07 9.247E-13 2.722E-18
1502 8.000 1 4.000 12.7523 5.400E-05 9.733E+10 5.548E-16 2.633E-18
1534 8.000 1 4.000 12.7313 4.760E-05 6.685E+10 7.121E-16 2.314E-18
235 6.000 1 4.000 13.0418 3.852E-05 7.305E+04 5.273E-10 1.473E-18
1434 8.000 1 4.000 12.7873 2.852E-05 8.942E+10 3.190E-16 1.399E-18
357 8.000 1 4.000 12.9845 2.545E-05 4.003E+08 6.358E-14 1.286E-18
227 6.000 1 4.000 13.0418 3.338E-05 7.021E+03 4.755E-09 1.277E-18
409 6.000 1 4.000 12.9835 2.358E-05 2.996E+00 7.871E-06 8.943E-19
228 8.000 1 4.000 13.0418 1.416E-05 8.019E+03 1.766E-09 7.225E-19
226 4.000 1 4.000 13.0418 2.753E-05 6.328E+03 4.350E-09 7.023E-19
359 8.000 1 4.000 12.9844 1.244E-05 1.271E+09 9.785E-15 6.290E-19
766 8.000 1 4.000 12.8821 1.230E-05 7.992E+07 1.540E-13 6.122E-19
471 8.000 1 4.000 12.9402 1.210E-05 1.418E+12 8.539E-18 6.078E-19
1215 6.000 1 4.000 12.8257 1.352E-05 1.621E+09 8.341E-15 5.003E-19
1037 8.000 1 4.000 12.8605 8.048E-06 3.209E+10 2.507E-16 3.990E-19
679 8.000 1 4.000 12.8909 7.984E-06 4.810E+07 1.660E-13 3.978E-19
453 8.000 1 4.000 12.9570 7.459E-06 5.182E+09 1.439E-15 3.755E-19
1342 8.000 1 4.000 12.8045 7.256E-06 5.895E+10 1.231E-16 3.567E-19
1499 6.000 1 4.000 12.7523 8.517E-06 9.691E+10 8.789E-17 3.115E-19
1532 6.000 1 4.000 12.7313 7.710E-06 6.565E+10 1.174E-16 2.810E-19
917 6.000 1 4.000 12.8611 7.310E-06 1.433E+10 5.101E-16 2.720E-19
577 8.000 1 4.000 12.9179 5.087E-06 1.900E+10 2.678E-16 2.545E-19
1018 6.000 1 4.000 12.8606 6.812E-06 9.479E+08 7.187E-15 2.535E-19
1325 8.000 1 4.000 12.8046 3.921E-06 1.990E+11 1.970E-17 1.928E-19
1200 8.000 1 4.000 12.8258 3.187E-06 8.647E+10 3.686E-17 1.572E-19
1185 8.000 1 4.000 12.8259 2.873E-06 3.097E+11 9.274E-18 1.417E-19
1152 8.000 1 4.000 12.8340 2.437E-06 3.142E+07 7.758E-14 1.204E-19
289 6.000 1 4.000 13.0054 3.005E-06 7.419E+03 4.050E-10 1.143E-19
1337 8.000 1 4.000 12.8045 1.945E-06 1.220E+11 1.594E-17 9.562E-20
897 8.000 1 4.000 12.8613 1.902E-06 3.114E+11 6.110E-18 9.438E-20
290 8.000 1 4.000 13.0054 1.756E-06 7.862E+03 2.234E-10 8.907E-20
1466 8.000 1 4.000 12.7867 1.795E-06 3.344E+09 5.368E-16 8.802E-20
511 8.000 1 4.000 12.9270 1.605E-06 3.279E+08 4.895E-15 8.040E-20
1145 8.000 1 4.000 12.8340 1.365E-06 2.044E+09 6.679E-16 6.745E-20
560 8.000 1 4.000 12.9180 1.343E-06 8.341E+09 1.610E-16 6.720E-20
949 8.000 1 4.000 12.8607 1.335E-06 6.634E+10 2.012E-17 6.622E-20
1191 8.000 1 4.000 12.8258 1.285E-06 1.987E+11 6.467E-18 6.337E-20
592 8.000 1 4.000 12.9178 1.227E-06 3.265E+10 3.758E-17 6.140E-20
517 8.000 1 4.000 12.9269 1.148E-06 6.575E+08 1.747E-15 5.755E-20
288 4.000 1 4.000 13.0054 2.174E-06 7.085E+03 3.068E-10 5.513E-20
223 8.000 1 4.000 13.0419 1.047E-06 1.099E+08 9.527E-15 5.340E-20
987 8.000 1 4.000 12.8607 1.062E-06 2.433E+10 4.367E-17 5.270E-20
1533 8.000 1 4.000 12.7313 9.908E-07 7.969E+10 1.243E-17 4.815E-20
801 8.000 1 4.000 12.8821 8.126E-07 2.601E+06 3.124E-13 4.042E-20
1444 8.000 1 4.000 12.7867 7.070E-07 1.367E+09 5.170E-16 3.468E-20
296 8.000 1 4.000 13.0054 6.668E-07 8.225E+04 8.106E-12 3.382E-20
504 8.000 1 4.000 12.9271 6.520E-07 5.266E+08 1.238E-15 3.268E-20
1358 6.000 1 4.000 12.8045 8.570E-07 1.766E+09 4.853E-16 3.160E-20
885 8.000 1 4.000 12.8615 5.854E-07 3.310E+11 1.769E-18 2.903E-20
516 8.000 1 4.000 12.9270 4.691E-07 9.414E+08 4.983E-16 2.351E-20
1067 8.000 1 4.000 12.8553 4.589E-07 4.157E+07 1.104E-14 2.274E-20
1034 8.000 1 4.000 12.8606 4.422E-07 6.878E+10 6.430E-18 2.193E-20
1492 8.000 1 4.000 12.7524 4.494E-07 6.707E+11 6.700E-19 2.191E-20
297 6.000 1 4.000 13.0054 5.657E-07 8.180E+04 6.915E-12 2.152E-20
451 8.000 1 4.000 12.9571 4.247E-07 1.819E+09 2.334E-16 2.138E-20
1204 8.000 1 4.000 12.8258 4.302E-07 1.386E+11 3.104E-18 2.122E-20
1428 8.000 1 4.000 12.7874 3.693E-07 4.309E+11 8.570E-19 1.810E-20
367 8.000 1 4.000 12.9843 3.371E-07 3.655E+08 9.224E-16 1.704E-20
1098 8.000 1 4.000 12.8434 3.286E-07 2.039E+09 1.612E-16 1.626E-20
1346 8.000 1 4.000 12.8045 3.193E-07 8.817E+10 3.621E-18 1.570E-20
672 8.000 1 4.000 12.8909 2.872E-07 4.149E+09 6.923E-17 1.431E-20
1148 8.000 1 4.000 12.8340 2.879E-07 3.959E+07 7.271E-15 1.422E-20
1526 8.000 1 4.000 12.7313 2.918E-07 4.409E+11 6.617E-19 1.418E-20
894 8.000 1 4.000 12.8614 2.856E-07 2.149E+11 1.329E-18 1.417E-20
674 6.000 1 4.000 12.8909 3.343E-07 1.012E+08 3.304E-15 1.250E-20
219 8.000 1 4.000 13.0420 2.315E-07 1.256E+07 1.843E-14 1.181E-20
155 8.000 1 4.000 13.1096 2.126E-07 1.457E+07 1.459E-14 1.096E-20
159 8.000 1 4.000 13.1094 2.026E-07 1.287E+08 1.574E-15 1.044E-20
675 8.000 1 4.000 12.8909 1.859E-07 6.853E+07 2.712E-15 9.263E-21
298 6.000 1 4.000 13.0054 2.122E-07 2.160E+00 9.823E-08 8.073E-21
1368 8.000 1 4.000 12.8045 1.389E-07 8.391E+07 1.655E-15 6.828E-21
1058 8.000 1 4.000 12.8555 1.213E-07 7.634E+09 1.589E-17 6.010E-21
281 8.000 1 4.000 13.0055 1.180E-07 9.136E+06 1.292E-14 5.985E-21
1081 8.000 1 4.000 12.8524 1.098E-07 1.136E+09 9.663E-17 5.437E-21
1344 8.000 1 4.000 12.8045 1.035E-07 1.374E+11 7.532E-19 5.085E-21
509 8.000 1 4.000 12.9271 9.679E-08 5.091E+08 1.901E-16 4.850E-21
900 8.000 1 4.000 12.8613 9.490E-08 3.738E+11 2.539E-19 4.707E-21
670 8.000 1 4.000 12.8911 9.130E-08 1.022E+10 8.938E-18 4.550E-21
989 8.000 1 4.000 12.8606 9.061E-08 4.873E+10 1.860E-18 4.493E-21
1143 8.000 1 4.000 12.8341 7.924E-08 5.530E+09 1.433E-17 3.912E-21
1280 8.000 1 4.000 12.8080 7.858E-08 1.341E+09 5.858E-17 3.865E-21
553 8.000 1 4.000 12.9181 7.333E-08 1.550E+10 4.730E-18 3.670E-21
1060 8.000 1 4.000 12.8554 7.333E-08 2.908E+09 2.522E-17 3.633E-21
625 8.000 1 4.000 12.9089 6.160E-08 2.623E+09 2.348E-17 3.077E-21
396 8.000 1 4.000 12.9836 5.039E-08 6.314E+07 7.981E-16 2.547E-21
1440 8.000 1 4.000 12.7868 4.258E-08 3.931E+10 1.083E-18 2.088E-21
1147 6.000 1 4.000 12.8340 4.248E-08 7.644E+07 5.558E-16 1.574E-21
1062 6.000 1 4.000 12.8553 4.066E-08 9.607E+07 4.233E-16 1.511E-21
1063 8.000 1 4.000 12.8553 2.999E-08 5.279E+07 5.681E-16 1.486E-21
960 8.000 1 4.000 12.8607 2.041E-08 1.063E+08 1.921E-16 1.012E-21
392 8.000 1 4.000 12.9836 1.787E-08 6.520E+06 2.742E-15 9.038E-22
1202 8.000 1 4.000 12.8258 1.235E-08 2.063E+11 5.988E-20 6.093E-22
563 8.000 1 4.000 12.9179 1.161E-08 1.059E+10 1.096E-18 5.807E-22
797 8.000 1 4.000 12.8821 1.064E-08 2.295E+06 4.636E-15 5.293E-22
1498 8.000 1 4.000 12.7523 7.384E-09 1.160E+11 6.363E-20 3.600E-22
1009 8.000 1 4.000 12.8606 4.787E-09 5.158E+07 9.282E-17 2.374E-22
889 8.000 1 4.000 12.8614 4.471E-09 1.492E+11 2.997E-20 2.218E-22
969 8.000 1 4.000 12.8607 4.289E-09 2.174E+07 1.973E-16 2.127E-22
285 8.000 1 4.000 13.0054 2.424E-09 7.958E+07 3.046E-17 1.229E-22
1464 8.000 1 4.000 12.7867 1.844E-09 2.245E+09 8.212E-19 9.040E-23
1013 8.000 1 4.000 12.8606 1.386E-09 6.538E+08 2.120E-18 6.875E-23
1303 8.000 1 4.000 12.8079 4.734E-10 6.122E+06 7.732E-17 2.328E-23
550 8.000 1 4.000 12.9181 4.373E-10 1.279E+09 3.419E-19 2.188E-23
1101 8.000 1 4.000 12.8434 3.303E-10 2.629E+09 1.256E-19 1.634E-23
1490 8.000 1 4.000 12.7524 2.238E-10 3.502E+11 6.388E-22 1.091E-23
1279 8.000 1 4.000 12.8080 2.040E-10 1.847E+09 1.104E-19 1.004E-23
937 8.000 1 4.000 12.8607 1.854E-10 1.023E+07 1.812E-17 9.193E-24
1524 8.000 1 4.000 12.7313 1.526E-10 2.419E+11 6.310E-22 7.417E-24
1427 8.000 1 4.000 12.7875 1.038E-10 4.021E+11 2.582E-22 5.090E-24
622 8.000 1 4.000 12.9090 2.628E-11 4.009E+09 6.553E-21 1.313E-24
1472 8.000 1 4.000 12.7867 2.606E-11 8.914E+10 2.924E-22 1.277E-24
1076 8.000 1 4.000 12.8524 1.528E-11 2.080E+09 7.345E-21 7.568E-25
1452 8.000 1 4.000 12.7867 5.125E-12 6.082E+08 8.426E-21 2.512E-25
1300 8.000 1 4.000 12.8079 5.030E-12 3.723E+05 1.351E-17 2.474E-25
1376 8.000 1 4.000 12.8045 3.783E-12 4.141E+06 9.134E-19 1.860E-25
1357 8.000 1 4.000 12.8045 2.761E-12 2.653E+09 1.041E-21 1.358E-25
1216 8.000 1 4.000 12.8257 1.921E-12 1.621E+09 1.185E-21 9.472E-26
1225 8.000 1 4.000 12.8257 1.716E-12 2.959E+06 5.800E-19 8.463E-26
418 8.000 1 4.000 12.9835 1.402E-12 4.132E+01 3.394E-14 7.090E-26
1360 8.000 1 4.000 12.8045 1.112E-12 1.766E+09 6.296E-22 5.467E-26
1217 8.000 1 4.000 12.8257 9.604E-13 2.436E+09 3.942E-22 4.737E-26
923 8.000 1 4.000 12.8608 2.359E-13 7.774E+08 3.034E-22 1.170E-26
307 8.000 1 4.000 13.0054 4.468E-14 2.655E+01 1.683E-15 2.266E-27
423 8.000 1 4.000 12.9835 1.680E-14 5.703E-04 2.946E-11 8.493E-28
410 8.000 1 4.000 12.9835 9.563E-15 6.928E+00 1.380E-15 4.833E-28
299 8.000 1 4.000 13.0054 2.310E-15 5.260E+00 4.391E-16 1.172E-28
1068 8.000 1 4.000 12.8553 5.306E-16 3.791E+06 1.400E-22 2.630E-29
1153 8.000 1 4.000 12.8340 1.763E-16 4.067E+06 4.333E-23 8.708E-30
1537 8.000 1 4.000 12.7313 1.525E-16 1.671E+10 9.128E-27 7.410E-30
1504 8.000 1 4.000 12.7523 8.679E-17 1.985E+10 4.373E-27 4.232E-30
