j g(j) i g(i) wl A A^a A/A^a f
8 4.000 1 2.000 29.4063 1.274E+12 7.797E+12 1.634E-01 3.303E-01
7 2.000 1 2.000 29.4077 1.268E+12 8.186E+12 1.548E-01 1.643E-01
16 4.000 1 2.000 26.0090 3.140E+11 7.261E+12 4.324E-02 6.370E-02
10 4.000 1 2.000 29.0602 1.363E+11 7.614E+13 1.790E-03 3.451E-02
17 2.000 1 2.000 26.0088 3.142E+11 7.278E+12 4.317E-02 3.186E-02
34 4.000 1 2.000 25.0758 1.512E+11 2.963E+12 5.101E-02 2.850E-02
26 4.000 1 2.000 25.6916 1.213E+11 1.609E+13 7.536E-03 2.400E-02
9 2.000 1 2.000 29.0612 1.424E+11 7.595E+13 1.874E-03 1.802E-02
60 4.000 1 2.000 24.6741 9.348E+10 1.408E+12 6.641E-02 1.707E-02
35 2.000 1 2.000 25.0757 1.512E+11 2.968E+12 5.096E-02 1.426E-02
25 2.000 1 2.000 25.6923 1.211E+11 1.569E+13 7.719E-03 1.199E-02
125 4.000 1 2.000 24.3385 6.238E+10 4.282E+11 1.457E-01 1.108E-02
85 4.000 1 2.000 24.4638 5.685E+10 1.139E+12 4.991E-02 1.020E-02
61 2.000 1 2.000 24.6740 9.350E+10 1.374E+12 6.807E-02 8.535E-03
50 4.000 1 2.000 24.7519 4.543E+10 7.528E+12 6.034E-03 8.345E-03
126 2.000 1 2.000 24.3384 6.225E+10 3.982E+11 1.563E-01 5.530E-03
86 2.000 1 2.000 24.4638 5.690E+10 1.116E+12 5.098E-02 5.105E-03
49 2.000 1 2.000 24.7521 4.536E+10 7.489E+12 6.057E-03 4.167E-03
159 4.000 1 2.000 24.1422 1.919E+10 2.453E+12 7.822E-03 3.354E-03
114 4.000 1 2.000 24.3515 1.760E+10 4.199E+12 4.192E-03 3.130E-03
170 4.000 1 2.000 24.0191 1.360E+10 1.784E+12 7.621E-03 2.353E-03
158 2.000 1 2.000 24.1422 1.916E+10 2.466E+12 7.768E-03 1.674E-03
113 2.000 1 2.000 24.3516 1.768E+10 4.218E+12 4.193E-03 1.572E-03
169 2.000 1 2.000 24.0191 1.358E+10 1.794E+12 7.569E-03 1.174E-03
22 6.000 1 2.000 25.9171 1.678E+07 2.418E+11 6.941E-05 5.070E-06
23 4.000 1 2.000 25.9170 1.680E+07 2.425E+11 6.925E-05 3.383E-06
40 6.000 1 2.000 25.0446 9.037E+06 7.306E+10 1.237E-04 2.549E-06
41 4.000 1 2.000 25.0445 9.045E+06 7.282E+10 1.242E-04 1.701E-06
4 4.000 1 2.000 30.0076 5.711E+06 1.515E+08 3.770E-02 1.542E-06
28 6.000 1 2.000 25.5838 4.338E+06 1.076E+12 4.033E-06 1.277E-06
70 6.000 1 2.000 24.6597 4.288E+06 1.563E+10 2.744E-04 1.173E-06
53 6.000 1 2.000 24.7161 4.000E+06 6.334E+11 6.315E-06 1.099E-06
124 6.000 1 2.000 24.3388 3.972E+06 1.897E+11 2.094E-05 1.058E-06
91 6.000 1 2.000 24.4574 3.620E+06 2.803E+10 1.292E-04 9.740E-07
14 4.000 1 2.000 26.0926 4.389E+06 1.553E+08 2.825E-02 8.964E-07
27 4.000 1 2.000 25.5840 4.325E+06 1.076E+12 4.020E-06 8.490E-07
71 4.000 1 2.000 24.6597 4.295E+06 1.563E+10 2.747E-04 7.830E-07
52 4.000 1 2.000 24.7161 3.990E+06 6.317E+11 6.316E-06 7.310E-07
123 4.000 1 2.000 24.3388 3.970E+06 1.911E+11 2.078E-05 7.050E-07
92 4.000 1 2.000 24.4574 3.623E+06 2.862E+10 1.266E-04 6.500E-07
32 4.000 1 2.000 25.1077 1.938E+06 2.141E+09 9.051E-04 3.664E-07
3 2.000 1 2.000 30.0089 2.266E+06 1.578E+07 1.436E-01 3.059E-07
161 6.000 1 2.000 24.1330 9.490E+05 2.091E+11 4.539E-06 2.486E-07
58 4.000 1 2.000 24.6908 1.011E+06 1.806E+09 5.599E-04 1.849E-07
13 2.000 1 2.000 26.0928 1.734E+06 6.011E+07 2.884E-02 1.770E-07
172 6.000 1 2.000 24.0138 6.755E+05 1.422E+11 4.750E-06 1.752E-07
160 4.000 1 2.000 24.1331 9.463E+05 2.085E+11 4.538E-06 1.653E-07
171 4.000 1 2.000 24.0139 6.738E+05 1.424E+11 4.730E-06 1.165E-07
83 4.000 1 2.000 24.4739 4.824E+05 1.349E+09 3.577E-04 8.667E-08
116 4.000 1 2.000 24.3464 4.087E+05 1.067E+09 3.829E-04 7.263E-08
31 2.000 1 2.000 25.1078 7.655E+05 3.100E+09 2.469E-04 7.235E-08
57 2.000 1 2.000 24.6908 3.998E+05 2.954E+09 1.353E-04 3.655E-08
5 6.000 1 2.000 30.0055 6.920E+04 6.920E+04 1.000E+00 2.802E-08
82 2.000 1 2.000 24.4740 1.910E+05 1.668E+09 1.145E-04 1.715E-08
115 2.000 1 2.000 24.3465 1.608E+05 1.221E+09 1.318E-04 1.429E-08
15 6.000 1 2.000 26.0922 2.523E+04 5.886E+07 4.287E-04 7.725E-09
33 6.000 1 2.000 25.1076 1.160E+04 2.100E+09 5.520E-06 3.288E-09
59 6.000 1 2.000 24.6907 6.307E+03 1.783E+09 3.537E-06 1.729E-09
84 6.000 1 2.000 24.4739 3.880E+03 1.336E+09 2.904E-06 1.045E-09
117 6.000 1 2.000 24.3464 2.695E+03 1.062E+09 2.537E-06 7.185E-10
6 2.000 1 2.000 30.0023 2.999E+02 6.720E+13 4.462E-12 4.047E-11
11 4.000 1 2.000 26.2667 7.055E+01 1.441E+10 4.897E-09 1.459E-11
121 6.000 1 2.000 24.3401 5.013E+01 9.399E+09 5.334E-09 1.336E-11
152 6.000 1 2.000 24.3313 2.373E+01 1.624E+11 1.462E-10 6.320E-12
29 4.000 1 2.000 25.1693 3.057E+01 9.706E+09 3.150E-09 5.805E-12
120 4.000 1 2.000 24.3401 3.243E+01 9.406E+09 3.448E-09 5.760E-12
24 2.000 1 2.000 25.8376 5.715E+01 1.151E+13 4.964E-12 5.725E-12
20 6.000 1 2.000 25.9782 1.345E+01 6.658E+10 2.020E-10 4.082E-12
51 4.000 1 2.000 24.7201 1.592E+01 6.952E+09 2.290E-09 2.917E-12
38 6.000 1 2.000 25.0671 8.615E+00 2.809E+10 3.066E-10 2.435E-12
48 2.000 1 2.000 24.8057 2.491E+01 4.222E+12 5.899E-12 2.297E-12
12 2.000 1 2.000 26.1080 2.235E+01 2.099E+13 1.065E-12 2.284E-12
19 4.000 1 2.000 25.9783 8.798E+00 6.659E+10 1.321E-10 1.781E-12
80 4.000 1 2.000 24.4904 9.325E+00 5.928E+09 1.573E-09 1.677E-12
30 2.000 1 2.000 25.1137 1.325E+01 1.036E+13 1.279E-12 1.253E-12
111 2.000 1 2.000 24.3774 1.358E+01 2.231E+12 6.087E-12 1.210E-12
89 6.000 1 2.000 24.4634 4.430E+00 1.004E+10 4.414E-10 1.193E-12
112 4.000 1 2.000 24.3567 5.963E+00 7.447E+09 8.006E-10 1.060E-12
37 4.000 1 2.000 25.0671 5.627E+00 2.810E+10 2.002E-10 1.060E-12
56 2.000 1 2.000 24.6928 8.165E+00 5.898E+12 1.384E-12 7.465E-13
157 2.000 1 2.000 24.1571 8.385E+00 1.317E+12 6.366E-12 7.340E-13
64 6.000 1 2.000 24.6716 2.337E+00 1.524E+10 1.533E-10 6.400E-13
151 4.000 1 2.000 24.3313 3.470E+00 1.616E+11 2.148E-11 6.160E-13
88 4.000 1 2.000 24.4634 2.876E+00 1.004E+10 2.864E-10 5.164E-13
168 2.000 1 2.000 24.0285 5.720E+00 9.022E+11 6.340E-12 4.950E-13
81 2.000 1 2.000 24.4742 5.165E+00 3.773E+12 1.369E-12 4.637E-13
118 2.000 1 2.000 24.3453 4.668E+00 3.233E+12 1.444E-12 4.148E-13
63 4.000 1 2.000 24.6716 1.568E+00 1.525E+10 1.028E-10 2.861E-13
18 2.000 1 2.000 25.9783 4.014E-01 6.660E+10 6.027E-12 4.061E-14
36 2.000 1 2.000 25.0672 2.379E-01 2.810E+10 8.464E-12 2.241E-14
62 2.000 1 2.000 24.6716 1.399E-01 1.525E+10 9.175E-12 1.277E-14
87 2.000 1 2.000 24.4634 8.735E-02 1.004E+10 8.698E-12 7.835E-15
119 2.000 1 2.000 24.3401 5.795E-02 9.413E+09 6.156E-12 5.145E-15
42 4.000 1 2.000 25.0417 1.067E-06 9.415E+09 1.134E-16 2.007E-19
66 4.000 1 2.000 24.6597 9.463E-07 5.018E+09 1.886E-16 1.725E-19
43 6.000 1 2.000 25.0417 4.770E-07 9.417E+09 5.065E-17 1.345E-19
54 6.000 1 2.000 24.6970 4.583E-07 1.306E+10 3.509E-17 1.257E-19
93 4.000 1 2.000 24.4569 6.980E-07 2.980E+09 2.342E-16 1.252E-19
153 6.000 1 2.000 24.3255 4.477E-07 7.817E+09 5.727E-17 1.192E-19
67 6.000 1 2.000 24.6597 4.223E-07 5.018E+09 8.417E-17 1.155E-19
127 4.000 1 2.000 24.3362 5.027E-07 1.922E+09 2.615E-16 8.925E-20
94 6.000 1 2.000 24.4569 3.113E-07 2.980E+09 1.045E-16 8.375E-20
162 6.000 1 2.000 24.1284 3.150E-07 5.154E+09 6.111E-17 8.245E-20
128 6.000 1 2.000 24.3362 2.242E-07 1.922E+09 1.166E-16 5.970E-20
173 6.000 1 2.000 24.0110 2.280E-07 3.545E+09 6.432E-17 5.910E-20
47 6.000 1 2.000 25.0391 1.397E-07 9.859E+09 1.417E-17 3.939E-20
77 6.000 1 2.000 24.6579 1.427E-07 5.401E+09 2.642E-17 3.902E-20
98 6.000 1 2.000 24.4558 9.523E-08 3.458E+09 2.754E-17 2.562E-20
132 6.000 1 2.000 24.3355 4.995E-08 2.695E+09 1.854E-17 1.331E-20
