j g(j) i g(i) wl A A+A^a A/(A+A^a) f
4 4.000 1 2.000 33.7326 8.115E+11 8.115E+11 1.000E+00 2.769E-01
2 2.000 1 2.000 33.7380 8.105E+11 8.105E+11 1.000E+00 1.383E-01
8 4.000 1 2.000 28.4639 2.168E+11 2.459E+11 8.818E-01 5.270E-02
5 2.000 1 2.000 28.4650 2.162E+11 2.454E+11 8.814E-01 2.627E-02
13 4.000 1 2.000 26.9884 8.843E+10 1.054E+11 8.392E-01 1.931E-02
10 2.000 1 2.000 26.9888 8.815E+10 1.051E+11 8.386E-01 9.625E-03
20 4.000 1 2.000 26.3560 4.458E+10 5.450E+10 8.179E-01 9.285E-03
29 4.000 1 2.000 26.0248 2.558E+10 3.176E+10 8.053E-01 5.195E-03
17 2.000 1 2.000 26.3562 4.444E+10 5.437E+10 8.173E-01 4.627E-03
40 4.000 1 2.000 25.8290 1.603E+10 2.011E+10 7.974E-01 3.207E-03
26 2.000 1 2.000 26.0249 2.550E+10 3.169E+10 8.048E-01 2.589E-03
37 2.000 1 2.000 25.8291 1.598E+10 2.005E+10 7.967E-01 1.598E-03
9 6.000 1 2.000 28.4635 2.767E+07 8.381E+10 3.301E-04 1.008E-05
7 4.000 1 2.000 28.4639 2.763E+07 8.383E+10 3.295E-04 6.710E-06
15 6.000 1 2.000 26.9882 1.524E+07 3.587E+10 4.248E-04 4.991E-06
12 4.000 1 2.000 26.9884 1.520E+07 3.589E+10 4.236E-04 3.321E-06
22 6.000 1 2.000 26.3559 8.603E+06 1.861E+10 4.622E-04 2.688E-06
19 4.000 1 2.000 26.3560 8.585E+06 1.863E+10 4.609E-04 1.788E-06
31 6.000 1 2.000 26.0247 5.225E+06 1.089E+10 4.799E-04 1.591E-06
28 4.000 1 2.000 26.0248 5.213E+06 1.089E+10 4.785E-04 1.059E-06
41 6.000 1 2.000 25.8290 3.383E+06 6.914E+09 4.893E-04 1.015E-06
39 4.000 1 2.000 25.8290 3.375E+06 6.918E+09 4.879E-04 6.750E-07
3 2.000 1 2.000 33.7377 1.512E+02 1.512E+02 9.999E-01 2.580E-11
6 2.000 1 2.000 28.4649 6.720E+01 8.209E+09 8.186E-09 8.160E-12
11 2.000 1 2.000 26.9888 3.213E+01 5.737E+09 5.601E-09 3.508E-12
18 2.000 1 2.000 26.3562 1.739E+01 3.688E+09 4.715E-09 1.811E-12
27 2.000 1 2.000 26.0249 1.037E+01 2.428E+09 4.269E-09 1.053E-12
38 2.000 1 2.000 25.8291 6.645E+00 1.659E+09 4.005E-09 6.645E-13
14 6.000 1 2.000 26.9882 3.558E-06 1.788E+10 1.990E-16 1.166E-18
21 6.000 1 2.000 26.3559 3.122E-06 9.239E+09 3.379E-16 9.750E-19
30 6.000 1 2.000 26.0247 2.285E-06 5.403E+09 4.229E-16 6.960E-19
42 6.000 1 2.000 25.8290 1.637E-06 3.435E+09 4.766E-16 4.912E-19
