j g(j) i g(i) wl A A^a A/A^a f
13 2.000 1 2.000 22.7293 2.155E+12 2.567E+13 8.395E-02 1.669E-01
11 4.000 1 2.000 22.7765 9.128E+11 1.537E+14 5.939E-03 1.420E-01
14 4.000 1 2.000 22.7273 4.968E+11 2.537E+13 1.958E-02 7.695E-02
33 4.000 1 2.000 20.7272 3.250E+11 1.712E+13 1.898E-02 4.186E-02
15 2.000 1 2.000 22.5707 3.294E+11 9.559E+13 3.446E-03 2.516E-02
79 4.000 1 2.000 20.2752 1.242E+11 1.168E+13 1.063E-02 1.531E-02
25 2.000 1 2.000 20.7921 1.912E+11 3.212E+12 5.954E-02 1.239E-02
53 2.000 1 2.000 20.5858 1.628E+11 5.499E+12 2.961E-02 1.035E-02
35 2.000 1 2.000 20.6921 1.337E+11 5.500E+12 2.431E-02 8.585E-03
74 2.000 1 2.000 20.2971 1.131E+11 7.461E+11 1.516E-01 6.985E-03
139 4.000 1 2.000 20.0867 5.533E+10 8.442E+12 6.553E-03 6.695E-03
26 4.000 1 2.000 20.7918 4.520E+10 3.549E+12 1.273E-02 5.860E-03
319 4.000 1 2.000 19.9317 4.718E+10 4.524E+12 1.043E-02 5.620E-03
222 4.000 1 2.000 19.9904 4.655E+10 4.376E+12 1.064E-02 5.580E-03
54 4.000 1 2.000 20.5852 4.150E+10 5.486E+12 7.564E-03 5.275E-03
136 2.000 1 2.000 20.0950 8.630E+10 3.615E+11 2.387E-01 5.225E-03
318 2.000 1 2.000 19.9317 7.355E+10 5.542E+11 1.327E-01 4.381E-03
75 4.000 1 2.000 20.2962 3.090E+10 7.224E+11 4.277E-02 3.817E-03
119 4.000 1 2.000 20.1366 2.993E+10 5.051E+12 5.924E-03 3.639E-03
138 4.000 1 2.000 20.0941 2.583E+10 4.804E+11 5.376E-02 3.126E-03
81 2.000 1 2.000 20.2568 5.060E+10 5.707E+12 8.866E-03 3.112E-03
47 4.000 1 2.000 20.6071 2.204E+10 2.226E+13 9.898E-04 2.806E-03
217 2.000 1 2.000 19.9974 3.636E+10 3.275E+11 1.110E-01 2.180E-03
305 4.000 1 2.000 19.9416 1.661E+10 1.142E+12 1.455E-02 1.981E-03
121 2.000 1 2.000 20.1321 2.598E+10 2.681E+12 9.690E-03 1.579E-03
218 4.000 1 2.000 19.9963 1.307E+10 3.820E+11 3.421E-02 1.567E-03
432 2.000 1 2.000 19.8381 2.608E+10 8.175E+11 3.190E-02 1.539E-03
233 2.000 1 2.000 19.9826 2.191E+10 2.577E+12 8.502E-03 1.311E-03
153 2.000 1 2.000 20.0743 2.088E+10 5.271E+12 3.962E-03 1.262E-03
409 2.000 1 2.000 19.9188 1.944E+10 7.600E+12 2.558E-03 1.156E-03
463 2.000 1 2.000 19.7807 1.837E+10 6.505E+11 2.824E-02 1.077E-03
123 2.000 1 2.000 20.1276 1.523E+10 3.257E+12 4.676E-03 9.250E-04
122 4.000 1 2.000 20.1317 7.263E+09 2.801E+12 2.593E-03 8.825E-04
304 4.000 1 2.000 19.9420 7.313E+09 8.633E+11 8.470E-03 8.720E-04
312 2.000 1 2.000 19.9383 1.402E+10 7.847E+11 1.787E-02 8.360E-04
433 4.000 1 2.000 19.8380 6.640E+09 8.215E+11 8.083E-03 7.835E-04
134 2.000 1 2.000 20.0957 1.011E+10 1.738E+12 5.818E-03 6.120E-04
27 4.000 1 2.000 20.7889 4.668E+09 7.143E+12 6.534E-04 6.050E-04
431 4.000 1 2.000 19.8405 4.663E+09 2.051E+12 2.273E-03 5.505E-04
464 4.000 1 2.000 19.7807 4.673E+09 6.458E+11 7.236E-03 5.480E-04
135 4.000 1 2.000 20.0950 4.465E+09 1.776E+12 2.514E-03 5.405E-04
462 4.000 1 2.000 19.7824 3.858E+09 1.234E+12 3.127E-03 4.526E-04
57 2.000 1 2.000 20.5738 4.722E+09 1.482E+13 3.186E-04 2.996E-04
216 4.000 1 2.000 19.9984 1.301E+09 7.987E+11 1.629E-03 1.560E-04
308 4.000 1 2.000 19.9407 1.126E+09 6.120E+11 1.839E-03 1.342E-04
323 4.000 1 2.000 19.9308 1.074E+09 3.918E+12 2.741E-04 1.279E-04
73 4.000 1 2.000 20.3002 8.175E+08 2.802E+12 2.918E-04 1.010E-04
313 2.000 1 2.000 19.9370 1.470E+09 7.848E+11 1.872E-03 8.760E-05
465 2.000 1 2.000 19.7798 1.234E+09 1.507E+12 8.186E-04 7.235E-05
219 2.000 1 2.000 19.9956 1.162E+09 9.831E+11 1.182E-03 6.960E-05
434 2.000 1 2.000 19.8367 9.490E+08 2.454E+12 3.867E-04 5.600E-05
408 4.000 1 2.000 19.9247 3.753E+08 2.921E+10 1.285E-02 4.469E-05
212 2.000 1 2.000 20.0013 7.400E+08 7.656E+11 9.665E-04 4.439E-05
133 4.000 1 2.000 20.1003 2.763E+08 1.422E+12 1.943E-04 3.346E-05
220 4.000 1 2.000 19.9947 1.943E+08 9.895E+11 1.964E-04 2.330E-05
21 2.000 1 2.000 20.8121 3.498E+08 7.714E+12 4.534E-05 2.271E-05
69 2.000 1 2.000 20.3087 3.504E+08 2.864E+12 1.224E-04 2.167E-05
129 2.000 1 2.000 20.1049 3.374E+08 1.368E+12 2.467E-04 2.045E-05
76 2.000 1 2.000 20.2899 2.634E+08 3.783E+12 6.963E-05 1.625E-05
295 4.000 1 2.000 19.9760 1.294E+08 2.590E+09 4.996E-02 1.548E-05
310 4.000 1 2.000 19.9389 9.175E+07 5.622E+11 1.632E-04 1.094E-05
116 4.000 1 2.000 20.2208 8.698E+07 4.893E+09 1.778E-02 1.067E-05
343 4.000 1 2.000 19.9275 8.740E+07 6.934E+09 1.260E-02 1.041E-05
206 4.000 1 2.000 20.0615 6.758E+07 3.988E+09 1.695E-02 8.155E-06
390 4.000 1 2.000 19.9250 6.795E+07 3.244E+09 2.095E-02 8.090E-06
77 4.000 1 2.000 20.2892 4.036E+07 3.778E+12 1.068E-05 4.982E-06
199 4.000 1 2.000 20.0623 4.043E+07 3.378E+09 1.197E-02 4.878E-06
22 4.000 1 2.000 20.8115 3.683E+07 7.738E+12 4.760E-06 4.784E-06
314 4.000 1 2.000 19.9361 3.788E+07 7.219E+11 5.247E-05 4.513E-06
302 2.000 1 2.000 19.9425 6.860E+07 7.576E+11 9.054E-05 4.091E-06
307 2.000 1 2.000 19.9411 6.845E+07 5.236E+11 1.307E-04 4.082E-06
285 4.000 1 2.000 19.9764 3.093E+07 1.431E+09 2.162E-02 3.700E-06
28 2.000 1 2.000 20.7552 3.738E+07 9.226E+12 4.052E-06 2.414E-06
113 4.000 1 2.000 20.2215 1.884E+07 3.956E+09 4.761E-03 2.310E-06
497 4.000 1 2.000 19.7705 1.540E+07 4.215E+11 3.652E-05 1.805E-06
8 2.000 1 2.000 23.0167 2.218E+07 8.758E+13 2.533E-07 1.763E-06
246 4.000 1 2.000 19.9794 1.462E+07 1.348E+09 1.085E-02 1.751E-06
51 6.000 1 2.000 20.5970 8.822E+06 3.835E+11 2.300E-05 1.684E-06
457 4.000 1 2.000 19.8211 1.120E+07 1.819E+09 6.157E-03 1.320E-06
213 4.000 1 2.000 20.0008 9.176E+06 7.765E+11 1.182E-05 1.101E-06
70 4.000 1 2.000 20.3081 6.939E+06 2.874E+12 2.414E-06 8.582E-07
95 6.000 1 2.000 20.2301 4.220E+06 3.131E+11 1.348E-05 7.765E-07
55 4.000 1 2.000 20.5844 4.778E+06 3.378E+11 1.414E-05 6.070E-07
166 4.000 1 2.000 20.0661 4.693E+06 2.189E+09 2.143E-03 5.665E-07
39 4.000 1 2.000 20.6387 4.370E+06 2.717E+11 1.608E-05 5.580E-07
140 6.000 1 2.000 20.0860 2.850E+06 7.089E+11 4.020E-06 5.170E-07
40 6.000 1 2.000 20.6384 2.185E+06 2.876E+11 7.596E-06 4.185E-07
148 4.000 1 2.000 20.0760 3.463E+06 1.954E+11 1.772E-05 4.185E-07
86 4.000 1 2.000 20.2486 3.013E+06 1.600E+11 1.883E-05 3.703E-07
61 6.000 1 2.000 20.4522 1.878E+06 1.883E+12 9.978E-07 3.534E-07
103 4.000 1 2.000 20.2275 2.593E+06 1.869E+11 1.387E-05 3.181E-07
87 6.000 1 2.000 20.2482 1.504E+06 1.675E+11 8.976E-06 2.773E-07
244 6.000 1 2.000 19.9795 1.506E+06 1.309E+11 1.151E-05 2.704E-07
58 4.000 1 2.000 20.4587 1.855E+06 2.089E+11 8.880E-06 2.329E-07
152 6.000 1 2.000 20.0749 9.900E+05 1.225E+11 8.083E-06 1.795E-07
183 6.000 1 2.000 20.0633 9.902E+05 5.107E+11 1.939E-06 1.792E-07
63 4.000 1 2.000 20.4322 1.427E+06 2.563E+11 5.567E-06 1.786E-07
100 4.000 1 2.000 20.2281 1.435E+06 4.029E+09 3.563E-04 1.761E-07
59 6.000 1 2.000 20.4586 7.798E+05 2.197E+11 3.550E-06 1.468E-07
332 6.000 1 2.000 19.9283 7.815E+05 5.004E+10 1.562E-05 1.396E-07
227 4.000 1 2.000 19.9850 1.128E+06 5.237E+10 2.154E-05 1.351E-07
151 4.000 1 2.000 20.0751 1.001E+06 1.306E+11 7.663E-06 1.209E-07
228 6.000 1 2.000 19.9848 6.533E+05 5.383E+10 1.214E-05 1.174E-07
426 4.000 1 2.000 19.9054 9.135E+05 2.697E+09 3.387E-04 1.086E-07
261 4.000 1 2.000 19.9784 8.860E+05 7.996E+10 1.108E-05 1.061E-07
321 6.000 1 2.000 19.9310 5.557E+05 3.587E+10 1.549E-05 9.930E-08
367 4.000 1 2.000 19.9264 8.140E+05 7.054E+10 1.154E-05 9.690E-08
410 4.000 1 2.000 19.9159 7.518E+05 6.462E+10 1.163E-05 8.940E-08
36 4.000 1 2.000 20.6406 6.595E+05 1.274E+11 5.175E-06 8.425E-08
322 4.000 1 2.000 19.9309 6.680E+05 3.461E+10 1.930E-05 7.955E-08
327 6.000 1 2.000 19.9297 4.408E+05 3.141E+10 1.404E-05 7.875E-08
182 4.000 1 2.000 20.0634 5.698E+05 8.292E+10 6.871E-06 6.875E-08
9 4.000 1 2.000 23.0157 4.191E+05 8.739E+13 4.796E-09 6.657E-08
411 6.000 1 2.000 19.9158 3.293E+05 6.751E+10 4.878E-06 5.875E-08
438 6.000 1 2.000 19.8267 3.308E+05 3.630E+11 9.114E-07 5.850E-08
435 4.000 1 2.000 19.8272 3.983E+05 3.784E+10 1.052E-05 4.695E-08
339 6.000 1 2.000 19.9280 2.612E+05 3.447E+10 7.578E-06 4.666E-08
144 6.000 1 2.000 20.0843 2.483E+05 8.254E+10 3.009E-06 4.504E-08
472 6.000 1 2.000 19.7741 2.532E+05 1.367E+13 1.852E-08 4.451E-08
200 4.000 1 2.000 20.0621 3.195E+05 2.865E+09 1.115E-04 3.856E-08
440 4.000 1 2.000 19.8245 3.045E+05 5.819E+10 5.233E-06 3.589E-08
37 6.000 1 2.000 20.6399 1.644E+05 1.169E+11 1.406E-06 3.151E-08
29 4.000 1 2.000 20.7546 2.360E+05 8.789E+12 2.685E-08 3.048E-08
469 4.000 1 2.000 19.7743 2.580E+05 4.091E+12 6.307E-08 3.025E-08
415 4.000 1 2.000 19.9109 2.540E+05 9.402E+10 2.701E-06 3.020E-08
143 4.000 1 2.000 20.0844 2.477E+05 7.275E+10 3.404E-06 2.996E-08
436 6.000 1 2.000 19.8271 1.638E+05 3.955E+10 4.141E-06 2.896E-08
12 6.000 1 2.000 22.7763 1.232E+05 1.527E+14 8.067E-10 2.875E-08
474 4.000 1 2.000 19.7726 2.389E+05 3.697E+12 6.461E-08 2.801E-08
232 6.000 1 2.000 19.9832 1.477E+05 3.184E+10 4.638E-06 2.653E-08
82 4.000 1 2.000 20.2513 1.580E+05 5.874E+10 2.689E-06 1.943E-08
470 6.000 1 2.000 19.7743 1.032E+05 2.298E+12 4.492E-08 1.815E-08
324 4.000 1 2.000 19.9300 1.461E+05 2.665E+10 5.481E-06 1.740E-08
224 4.000 1 2.000 19.9867 1.310E+05 2.261E+10 5.794E-06 1.569E-08
145 4.000 1 2.000 20.0782 1.225E+05 3.428E+10 3.574E-06 1.481E-08
10 6.000 1 2.000 23.0139 6.127E+04 8.699E+13 7.043E-10 1.459E-08
412 6.000 1 2.000 19.9136 8.102E+04 7.005E+11 1.156E-07 1.445E-08
316 4.000 1 2.000 19.9324 1.186E+05 1.628E+10 7.282E-06 1.413E-08
156 6.000 1 2.000 20.0729 7.575E+04 4.833E+10 1.567E-06 1.373E-08
130 4.000 1 2.000 20.1044 9.194E+04 1.391E+12 6.610E-08 1.115E-08
230 4.000 1 2.000 19.9834 8.673E+04 2.999E+10 2.892E-06 1.039E-08
32 4.000 1 2.000 20.7413 5.090E+04 9.679E+12 5.259E-09 6.566E-09
317 6.000 1 2.000 19.9319 2.183E+04 1.473E+10 1.482E-06 3.900E-09
235 6.000 1 2.000 19.9814 2.142E+04 2.883E+10 7.428E-07 3.845E-09
83 6.000 1 2.000 20.2507 1.837E+04 5.628E+10 3.263E-07 3.388E-09
46 6.000 1 2.000 20.6073 1.768E+04 2.194E+13 8.060E-10 3.377E-09
146 6.000 1 2.000 20.0777 1.748E+04 3.418E+10 5.115E-07 3.169E-09
23 6.000 1 2.000 20.8105 1.548E+04 7.872E+12 1.966E-09 3.015E-09
89 4.000 1 2.000 20.2417 1.404E+04 8.078E+10 1.737E-07 1.724E-09
30 6.000 1 2.000 20.7536 8.233E+03 9.096E+12 9.052E-10 1.595E-09
158 6.000 1 2.000 20.0708 8.448E+03 4.653E+10 1.815E-07 1.531E-09
92 6.000 1 2.000 20.2380 6.970E+03 7.931E+10 8.789E-08 1.284E-09
71 6.000 1 2.000 20.3072 6.467E+03 2.925E+12 2.211E-09 1.200E-09
120 6.000 1 2.000 20.1366 5.578E+03 5.096E+12 1.095E-09 1.017E-09
155 4.000 1 2.000 20.0730 8.400E+03 4.973E+10 1.689E-07 1.015E-09
297 4.000 1 2.000 19.9626 7.088E+03 1.617E+12 4.382E-09 8.467E-10
34 6.000 1 2.000 20.7250 3.622E+03 1.724E+13 2.101E-10 6.995E-10
78 6.000 1 2.000 20.2884 3.640E+03 4.012E+12 9.074E-10 6.740E-10
131 6.000 1 2.000 20.1035 3.637E+03 1.432E+12 2.540E-09 6.610E-10
80 6.000 1 2.000 20.2734 3.562E+03 1.172E+13 3.039E-10 6.585E-10
90 6.000 1 2.000 20.2415 3.523E+03 7.886E+10 4.468E-08 6.495E-10
340 4.000 1 2.000 19.9279 5.253E+03 2.318E+10 2.266E-07 6.255E-10
93 4.000 1 2.000 20.2373 4.915E+03 7.731E+10 6.357E-08 6.035E-10
236 4.000 1 2.000 19.9811 4.643E+03 2.766E+10 1.679E-07 5.555E-10
142 6.000 1 2.000 20.0851 2.990E+03 8.412E+12 3.554E-10 5.425E-10
326 6.000 1 2.000 19.9298 3.002E+03 7.138E+12 4.205E-10 5.365E-10
407 2.000 1 2.000 19.9248 8.490E+03 9.857E+08 8.614E-06 5.055E-10
20 4.000 1 2.000 20.8774 3.500E+03 1.698E+13 2.061E-10 4.573E-10
118 4.000 1 2.000 20.1825 3.723E+03 3.546E+12 1.050E-09 4.547E-10
309 6.000 1 2.000 19.9399 2.407E+03 5.773E+11 4.169E-09 4.304E-10
214 6.000 1 2.000 20.0000 2.335E+03 7.717E+11 3.026E-09 4.202E-10
430 6.000 1 2.000 19.8405 2.355E+03 1.982E+12 1.188E-09 4.169E-10
48 6.000 1 2.000 20.6071 2.150E+03 1.476E+11 1.457E-08 4.107E-10
137 6.000 1 2.000 20.0942 1.895E+03 2.019E+12 9.387E-10 3.441E-10
43 4.000 1 2.000 20.6196 2.538E+03 1.548E+11 1.639E-08 3.235E-10
128 4.000 1 2.000 20.1146 2.607E+03 3.230E+12 8.074E-10 3.163E-10
49 4.000 1 2.000 20.6063 2.456E+03 1.525E+11 1.610E-08 3.127E-10
461 6.000 1 2.000 19.7824 1.586E+03 1.159E+12 1.368E-09 2.791E-10
306 6.000 1 2.000 19.9414 1.516E+03 1.462E+12 1.037E-09 2.711E-10
294 2.000 1 2.000 19.9762 4.175E+03 1.351E+09 3.089E-06 2.497E-10
223 6.000 1 2.000 19.9888 1.221E+03 4.654E+12 2.623E-10 2.193E-10
221 6.000 1 2.000 19.9942 1.082E+03 1.163E+12 9.300E-10 1.945E-10
159 4.000 1 2.000 20.0703 1.425E+03 4.312E+10 3.306E-08 1.722E-10
429 4.000 1 2.000 19.8529 1.402E+03 9.112E+11 1.538E-09 1.657E-10
315 6.000 1 2.000 19.9357 8.265E+02 7.893E+11 1.047E-09 1.478E-10
202 6.000 1 2.000 20.0620 5.938E+02 1.169E+09 5.079E-07 1.075E-10
460 4.000 1 2.000 19.7900 7.838E+02 5.752E+11 1.363E-09 9.205E-11
194 6.000 1 2.000 20.0623 3.913E+02 1.114E+09 3.513E-07 7.085E-11
68 4.000 1 2.000 20.3318 5.518E+02 6.619E+12 8.336E-11 6.839E-11
205 2.000 1 2.000 20.0619 7.815E+02 2.162E+09 3.615E-07 4.717E-11
303 4.000 1 2.000 19.9425 2.172E+02 1.403E+12 1.548E-10 2.590E-11
115 2.000 1 2.000 20.2211 4.046E+02 3.872E+09 1.045E-07 2.480E-11
211 4.000 1 2.000 20.0054 1.976E+02 2.001E+12 9.877E-11 2.371E-11
225 6.000 1 2.000 19.9861 1.075E+02 2.051E+10 5.239E-09 1.931E-11
347 6.000 1 2.000 19.9272 9.672E+01 4.118E+08 2.348E-07 1.727E-11
495 6.000 1 2.000 19.7706 9.462E+01 6.560E+10 1.442E-09 1.663E-11
44 6.000 1 2.000 20.6193 8.462E+01 1.483E+11 5.705E-10 1.618E-11
455 6.000 1 2.000 19.8212 8.757E+01 6.547E+08 1.337E-07 1.548E-11
424 6.000 1 2.000 19.9057 8.315E+01 1.079E+09 7.704E-08 1.482E-11
17 4.000 1 2.000 20.9308 8.973E+01 1.069E+13 8.395E-12 1.179E-11
330 6.000 1 2.000 19.9283 6.143E+01 5.979E+10 1.028E-09 1.097E-11
16 2.000 1 2.000 20.9319 1.405E+02 1.068E+13 1.315E-11 9.230E-12
359 6.000 1 2.000 19.9270 4.935E+01 4.771E+10 1.034E-09 8.815E-12
391 6.000 1 2.000 19.9250 3.423E+01 2.121E+10 1.614E-09 6.110E-12
171 6.000 1 2.000 20.0650 2.753E+01 1.108E+09 2.485E-08 4.987E-12
65 4.000 1 2.000 20.3510 3.661E+01 3.828E+12 9.563E-12 4.546E-12
249 6.000 1 2.000 19.9788 2.143E+01 6.453E+08 3.321E-08 3.847E-12
64 2.000 1 2.000 20.3520 5.400E+01 3.824E+12 1.412E-11 3.353E-12
372 6.000 1 2.000 19.9253 1.782E+01 2.012E+10 8.857E-10 3.182E-12
125 4.000 1 2.000 20.1244 2.136E+01 1.805E+12 1.184E-11 2.595E-12
395 6.000 1 2.000 19.9250 1.271E+01 4.120E+08 3.084E-08 2.268E-12
208 4.000 1 2.000 20.0117 1.674E+01 9.953E+11 1.682E-11 2.010E-12
204 6.000 1 2.000 20.0620 1.021E+01 1.218E+10 8.379E-10 1.848E-12
342 6.000 1 2.000 19.9276 1.003E+01 5.331E+09 1.882E-09 1.791E-12
124 2.000 1 2.000 20.1254 2.661E+01 1.800E+12 1.478E-11 1.616E-12
293 6.000 1 2.000 19.9762 6.415E+00 6.339E+08 1.012E-08 1.152E-12
427 6.000 1 2.000 19.9054 5.565E+00 2.414E+09 2.306E-09 9.915E-13
207 2.000 1 2.000 20.0126 1.520E+01 9.909E+11 1.533E-11 9.125E-13
406 6.000 1 2.000 19.9248 4.830E+00 4.138E+08 1.167E-08 8.625E-13
31 2.000 1 2.000 20.7414 1.249E+01 9.873E+12 1.266E-12 8.060E-13
299 4.000 1 2.000 19.9473 6.627E+00 6.093E+11 1.088E-11 7.909E-13
498 6.000 1 2.000 19.7705 3.618E+00 3.656E+11 9.896E-12 6.360E-13
282 6.000 1 2.000 19.9764 3.373E+00 3.118E+09 1.082E-09 6.055E-13
298 2.000 1 2.000 19.9482 9.520E+00 6.055E+11 1.572E-11 5.680E-13
300 6.000 1 2.000 19.9455 3.113E+00 5.984E+11 5.202E-12 5.570E-13
458 6.000 1 2.000 19.8211 3.008E+00 1.931E+09 1.558E-09 5.315E-13
114 6.000 1 2.000 20.2215 2.170E+00 4.099E+09 5.294E-10 3.992E-13
117 2.000 1 2.000 20.1825 5.180E+00 3.519E+12 1.472E-12 3.164E-13
19 2.000 1 2.000 20.8794 3.863E+00 1.707E+13 2.263E-13 2.525E-13
209 6.000 1 2.000 20.0099 1.270E+00 9.843E+11 1.290E-12 2.286E-13
126 6.000 1 2.000 20.1227 1.030E+00 1.794E+12 5.739E-13 1.875E-13
296 2.000 1 2.000 19.9627 2.604E+00 1.647E+12 1.581E-12 1.556E-13
245 6.000 1 2.000 19.9794 5.503E-01 1.461E+09 3.766E-10 9.880E-14
195 6.000 1 2.000 20.0623 5.215E-01 2.935E+09 1.777E-10 9.440E-14
428 2.000 1 2.000 19.8529 1.473E+00 9.183E+11 1.604E-12 8.705E-14
67 2.000 1 2.000 20.3338 1.274E+00 6.697E+12 1.902E-13 7.895E-14
111 6.000 1 2.000 20.2223 3.835E-01 1.029E+10 3.725E-11 7.055E-14
165 6.000 1 2.000 20.0662 3.320E-01 2.379E+09 1.395E-10 6.015E-14
459 2.000 1 2.000 19.7900 9.620E-01 5.872E+11 1.638E-12 5.650E-14
257 6.000 1 2.000 19.9786 2.865E-01 2.502E+09 1.145E-10 5.145E-14
163 6.000 1 2.000 20.0666 2.687E-01 2.416E+09 1.112E-10 4.867E-14
238 6.000 1 2.000 19.9801 2.695E-01 2.158E+09 1.249E-10 4.838E-14
175 6.000 1 2.000 20.0647 1.631E-01 2.344E+09 6.956E-11 2.952E-14
283 6.000 1 2.000 19.9764 1.302E-01 6.372E+08 2.043E-10 2.337E-14
127 2.000 1 2.000 20.1167 3.816E-01 3.137E+12 1.217E-13 2.316E-14
269 6.000 1 2.000 19.9769 1.172E-01 2.507E+09 4.675E-11 2.103E-14
186 6.000 1 2.000 20.0628 1.126E-01 3.956E+09 2.848E-11 2.040E-14
50 2.000 1 2.000 20.6058 3.118E-01 1.478E+11 2.109E-12 1.984E-14
42 2.000 1 2.000 20.6198 1.983E-01 1.559E+11 1.272E-12 1.264E-14
292 4.000 1 2.000 19.9762 9.003E-02 6.341E+08 1.420E-10 1.078E-14
210 2.000 1 2.000 20.0074 1.784E-01 1.902E+12 9.382E-14 1.071E-14
94 2.000 1 2.000 20.2369 1.691E-01 7.720E+10 2.190E-12 1.038E-14
99 6.000 1 2.000 20.2281 5.342E-02 4.068E+09 1.313E-11 9.830E-15
88 2.000 1 2.000 20.2418 1.453E-01 8.284E+10 1.754E-12 8.925E-15
154 2.000 1 2.000 20.0730 1.216E-01 4.912E+10 2.477E-12 7.350E-15
160 2.000 1 2.000 20.0701 1.047E-01 4.288E+10 2.442E-12 6.320E-15
341 2.000 1 2.000 19.9277 1.061E-01 2.238E+10 4.739E-12 6.315E-15
66 6.000 1 2.000 20.3492 3.002E-02 3.817E+12 7.865E-15 5.590E-15
231 2.000 1 2.000 19.9834 7.960E-02 3.009E+10 2.645E-12 4.766E-15
325 2.000 1 2.000 19.9300 7.980E-02 2.698E+10 2.958E-12 4.751E-15
56 2.000 1 2.000 20.5832 7.425E-02 3.275E+11 2.267E-13 4.717E-15
237 2.000 1 2.000 19.9809 7.825E-02 2.693E+10 2.906E-12 4.682E-15
414 2.000 1 2.000 19.9110 5.295E-02 9.738E+10 5.438E-13 3.147E-15
97 6.000 1 2.000 20.2283 1.677E-02 4.503E+09 3.723E-12 3.085E-15
192 2.000 1 2.000 20.0626 4.722E-02 8.438E+10 5.596E-13 2.849E-15
62 2.000 1 2.000 20.4324 4.285E-02 2.547E+11 1.683E-13 2.683E-15
301 2.000 1 2.000 19.9446 2.806E-02 1.312E+12 2.139E-14 1.674E-15
439 2.000 1 2.000 19.8245 2.052E-02 6.005E+10 3.417E-13 1.209E-15
18 6.000 1 2.000 20.9290 4.905E-03 1.067E+13 4.596E-16 9.665E-16
149 2.000 1 2.000 20.0758 1.445E-02 2.167E+11 6.668E-14 8.730E-16
405 4.000 1 2.000 19.9248 4.973E-03 4.135E+08 1.203E-11 5.922E-16
473 2.000 1 2.000 19.7726 8.585E-03 5.308E+12 1.617E-15 5.030E-16
368 2.000 1 2.000 19.9256 6.355E-03 7.947E+10 7.997E-14 3.783E-16
161 6.000 1 2.000 20.0677 1.858E-03 4.155E+09 4.473E-13 3.366E-16
201 4.000 1 2.000 20.0620 1.660E-03 1.080E+09 1.537E-12 2.003E-16
105 6.000 1 2.000 20.2250 9.003E-04 4.146E+09 2.172E-13 1.656E-16
265 2.000 1 2.000 19.9775 6.885E-04 8.564E+10 8.039E-15 4.121E-17
416 6.000 1 2.000 19.9082 1.987E-04 2.297E+09 8.651E-14 3.540E-17
403 6.000 1 2.000 19.9249 1.923E-04 2.661E+08 7.228E-13 3.435E-17
104 2.000 1 2.000 20.2264 5.450E-05 1.858E+11 2.933E-16 3.343E-18
441 6.000 1 2.000 19.8227 1.109E-05 1.391E+09 7.976E-15 1.961E-18
475 6.000 1 2.000 19.7715 9.145E-06 2.399E+11 3.811E-17 1.608E-18
290 6.000 1 2.000 19.9764 3.257E-06 4.188E+08 7.776E-15 5.845E-19
