!@# 6 2.00 4.00 10.0 30.0 100. 300.
i j E(eV) a0 a1 a2
1 50 490.019801 3.663E-11 6.735E+01 -3.030E+00
3 50 122.522515 3.261E-13 3.701E+01 -2.679E+00
6 50 54.448385 2.599E-14 1.444E+01 -2.488E+00
11 50 30.624597 6.405E-15 7.294E+00 -2.405E+00
18 50 19.598558 2.474E-15 4.279E+00 -2.360E+00
27 50 13.609522 1.224E-15 2.817E+00 -2.334E+00
38 50 9.998526 7.057E-16 2.015E+00 -2.320E+00
2 50 122.525699 2.673E-11 2.409E+01 -3.625E+00
5 50 54.449328 1.970E-12 2.426E+01 -3.396E+00
10 50 30.624995 2.477E-13 1.672E+01 -3.202E+00
17 50 19.598761 5.640E-14 1.179E+01 -3.070E+00
26 50 13.609640 1.859E-14 8.708E+00 -2.976E+00
37 50 9.998600 8.076E-15 6.806E+00 -2.913E+00
4 50 122.466806 2.687E-11 2.409E+01 -3.626E+00
8 50 54.431875 1.979E-12 2.426E+01 -3.397E+00
13 50 30.617629 2.487E-13 1.672E+01 -3.204E+00
20 50 19.594986 5.660E-14 1.179E+01 -3.071E+00
29 50 13.607450 1.863E-14 8.706E+00 -2.977E+00
40 50 9.997215 8.086E-15 6.793E+00 -2.914E+00
7 50 54.431904 6.998E-11 1.738E+01 -4.390E+00
12 50 30.617641 1.359E-11 1.892E+01 -4.217E+00
19 50 19.594992 2.850E-12 1.632E+01 -4.054E+00
28 50 13.607453 7.334E-13 1.351E+01 -3.911E+00
39 50 9.997216 2.507E-13 1.138E+01 -3.802E+00
9 50 54.426092 7.026E-11 1.739E+01 -4.391E+00
15 50 30.615187 1.363E-11 1.892E+01 -4.217E+00
22 50 19.593731 2.857E-12 1.632E+01 -4.055E+00
31 50 13.606717 7.337E-13 1.351E+01 -3.911E+00
41 50 9.996744 2.491E-13 1.136E+01 -3.801E+00
14 50 30.615192 1.853E-10 1.391E+01 -5.190E+00
21 50 19.593733 6.974E-11 1.537E+01 -5.059E+00
30 50 13.606717 2.206E-11 1.454E+01 -4.924E+00
42 50 9.996744 7.089E-12 1.312E+01 -4.789E+00
16 50 30.613966 1.858E-10 1.392E+01 -5.190E+00
24 50 19.593103 7.035E-11 1.539E+01 -5.061E+00
32 50 13.606347 2.228E-11 1.456E+01 -4.926E+00
43 50 9.996502 6.927E-12 1.309E+01 -4.784E+00
23 50 19.593103 4.821E-10 1.173E+01 -6.032E+00
33 50 13.606347 3.705E-10 1.333E+01 -5.979E+00
44 50 9.996501 1.790E-10 1.327E+01 -5.887E+00
25 50 19.592728 4.896E-10 1.176E+01 -6.035E+00
34 50 13.606127 3.842E-10 1.339E+01 -5.987E+00
45 50 9.996356 1.840E-10 1.334E+01 -5.891E+00
35 50 13.606126 1.804E-09 1.077E+01 -6.994E+00
46 50 9.996356 5.123E-09 1.319E+01 -7.159E+00
36 50 13.605981 1.765E-09 1.073E+01 -6.991E+00
47 50 9.996262 8.429E-09 1.383E+01 -7.260E+00
48 50 9.996261 4.587E-10 7.162E+00 -7.456E+00
49 50 9.996196 6.779E-10 7.467E+00 -7.548E+00
