j g(j) i g(i) wl A A^a A/A^a f
19 5.000 1 5.000 9.81596 8.632E+12 3.567E+14 2.420E-02 1.247E-01
20 3.000 1 5.000 9.81382 4.817E+12 3.539E+14 1.361E-02 4.172E-02
43 7.000 1 5.000 9.07338 1.369E+12 2.166E+13 6.319E-02 2.366E-02
50 5.000 1 5.000 9.06607 7.134E+11 1.031E+13 6.918E-02 8.790E-03
57 5.000 1 5.000 9.03511 6.012E+11 5.544E+12 1.084E-01 7.358E-03
49 3.000 1 5.000 9.06903 9.907E+11 2.213E+13 4.477E-02 7.330E-03
67 7.000 1 5.000 9.02579 4.031E+11 1.504E+13 2.680E-02 6.894E-03
147 7.000 1 5.000 8.91435 3.697E+11 5.514E+12 6.706E-02 6.166E-03
45 5.000 1 5.000 9.07200 4.692E+11 2.091E+13 2.244E-02 5.790E-03
61 7.000 1 5.000 9.02903 2.289E+11 1.560E+13 1.467E-02 3.916E-03
225 7.000 1 5.000 8.86427 1.731E+11 4.010E+12 4.317E-02 2.856E-03
72 3.000 1 5.000 9.01721 3.900E+11 9.377E+12 4.159E-02 2.852E-03
63 7.000 1 5.000 9.02754 1.266E+11 1.618E+13 7.823E-03 2.166E-03
150 3.000 1 5.000 8.91262 2.888E+11 6.241E+12 4.627E-02 2.064E-03
156 5.000 1 5.000 8.90651 1.610E+11 5.140E+12 3.133E-02 1.915E-03
243 7.000 1 5.000 8.85140 1.050E+11 2.157E+12 4.869E-02 1.727E-03
60 3.000 1 5.000 9.03438 2.215E+11 5.239E+12 4.228E-02 1.626E-03
227 5.000 1 5.000 8.86319 1.370E+11 3.327E+12 4.118E-02 1.614E-03
149 5.000 1 5.000 8.91316 1.246E+11 5.612E+12 2.220E-02 1.484E-03
54 3.000 1 5.000 9.03614 1.894E+11 5.863E+12 3.230E-02 1.391E-03
547 7.000 1 5.000 8.80027 8.290E+10 6.771E+11 1.224E-01 1.348E-03
539 5.000 1 5.000 8.80070 1.083E+11 6.102E+11 1.775E-01 1.258E-03
246 7.000 1 5.000 8.85031 7.550E+10 1.891E+12 3.992E-02 1.241E-03
404 7.000 1 5.000 8.81898 7.023E+10 1.350E+12 5.201E-02 1.146E-03
66 5.000 1 5.000 9.02595 8.810E+10 1.500E+13 5.875E-03 1.076E-03
52 3.000 1 5.000 9.06550 1.116E+11 1.218E+13 9.160E-03 8.252E-04
231 3.000 1 5.000 8.86182 1.154E+11 1.856E+12 6.217E-02 8.152E-04
251 3.000 1 5.000 8.84961 1.083E+11 2.392E+12 4.529E-02 7.632E-04
226 5.000 1 5.000 8.86417 6.284E+10 5.049E+12 1.245E-02 7.404E-04
62 5.000 1 5.000 9.02758 5.880E+10 1.715E+13 3.430E-03 7.186E-04
89 5.000 1 5.000 9.00133 5.652E+10 9.620E+12 5.875E-03 6.866E-04
545 3.000 1 5.000 8.80033 9.817E+10 4.117E+11 2.384E-01 6.838E-04
47 3.000 1 5.000 9.07102 9.103E+10 2.123E+13 4.288E-03 6.740E-04
143 7.000 1 5.000 8.91616 3.980E+10 3.964E+12 1.004E-02 6.642E-04
99 5.000 1 5.000 8.98081 5.082E+10 1.296E+13 3.922E-03 6.146E-04
806 7.000 1 5.000 8.76818 3.660E+10 8.858E+11 4.132E-02 5.906E-04
544 7.000 1 5.000 8.80043 3.261E+10 1.825E+12 1.787E-02 5.302E-04
232 3.000 1 5.000 8.86149 6.623E+10 2.931E+12 2.260E-02 4.678E-04
805 5.000 1 5.000 8.76823 3.632E+10 8.059E+11 4.507E-02 4.186E-04
261 5.000 1 5.000 8.84551 3.562E+10 3.515E+12 1.013E-02 4.178E-04
406 5.000 1 5.000 8.81821 3.562E+10 1.321E+12 2.697E-02 4.152E-04
157 3.000 1 5.000 8.90571 5.670E+10 5.215E+12 1.087E-02 4.044E-04
217 5.000 1 5.000 8.86863 3.380E+10 3.412E+12 9.905E-03 3.984E-04
55 5.000 1 5.000 9.03544 2.780E+10 2.027E+13 1.371E-03 3.402E-04
1025 7.000 1 5.000 8.74960 1.901E+10 7.988E+11 2.380E-02 3.056E-04
249 5.000 1 5.000 8.84965 2.576E+10 1.791E+12 1.439E-02 3.026E-04
407 7.000 1 5.000 8.81766 1.803E+10 8.257E+11 2.183E-02 2.942E-04
408 3.000 1 5.000 8.81759 4.003E+10 1.116E+12 3.588E-02 2.800E-04
56 7.000 1 5.000 9.03518 1.586E+10 2.073E+13 7.651E-04 2.718E-04
90 3.000 1 5.000 9.00114 3.730E+10 1.049E+13 3.555E-03 2.718E-04
808 3.000 1 5.000 8.76776 3.840E+10 8.797E+11 4.365E-02 2.656E-04
405 3.000 1 5.000 8.81857 3.793E+10 1.137E+12 3.335E-02 2.654E-04
252 5.000 1 5.000 8.84932 2.014E+10 1.601E+12 1.258E-02 2.364E-04
100 3.000 1 5.000 8.97989 3.076E+10 1.236E+13 2.488E-03 2.232E-04
229 5.000 1 5.000 8.86203 1.890E+10 4.872E+12 3.880E-03 2.226E-04
1022 5.000 1 5.000 8.74964 1.898E+10 3.593E+12 5.284E-03 2.178E-04
409 5.000 1 5.000 8.81735 1.646E+10 9.797E+11 1.680E-02 1.919E-04
219 7.000 1 5.000 8.86850 1.035E+10 4.003E+12 2.586E-03 1.709E-04
414 5.000 1 5.000 8.81601 1.419E+10 1.500E+12 9.462E-03 1.654E-04
220 3.000 1 5.000 8.86815 2.268E+10 1.631E+12 1.390E-02 1.604E-04
223 5.000 1 5.000 8.86750 1.343E+10 3.223E+12 4.168E-03 1.584E-04
1065 3.000 1 5.000 8.74938 2.287E+10 1.006E+13 2.273E-03 1.575E-04
245 5.000 1 5.000 8.85052 1.292E+10 1.985E+12 6.510E-03 1.517E-04
214 7.000 1 5.000 8.87020 8.619E+09 5.258E+12 1.639E-03 1.423E-04
216 3.000 1 5.000 8.86955 1.915E+10 2.043E+12 9.373E-03 1.355E-04
412 5.000 1 5.000 8.81692 1.160E+10 1.079E+12 1.075E-02 1.352E-04
228 3.000 1 5.000 8.86318 1.861E+10 3.997E+12 4.656E-03 1.315E-04
554 7.000 1 5.000 8.79880 7.956E+09 4.814E+11 1.653E-02 1.293E-04
558 3.000 1 5.000 8.79858 1.787E+10 8.137E+11 2.197E-02 1.245E-04
520 7.000 1 5.000 8.80573 5.339E+09 2.173E+12 2.457E-03 8.688E-05
68 3.000 1 5.000 9.02556 1.093E+10 1.473E+13 7.417E-04 8.006E-05
35 7.000 1 5.000 9.08279 4.536E+09 1.549E+13 2.928E-04 7.854E-05
247 3.000 1 5.000 8.84984 1.091E+10 2.260E+12 4.825E-03 7.684E-05
244 3.000 1 5.000 8.85131 1.005E+10 9.905E+11 1.015E-02 7.082E-05
523 5.000 1 5.000 8.80500 5.936E+09 1.951E+12 3.043E-03 6.900E-05
144 5.000 1 5.000 8.91541 5.144E+09 3.960E+12 1.299E-03 6.130E-05
265 3.000 1 5.000 8.84469 8.393E+09 3.518E+12 2.386E-03 5.906E-05
552 3.000 1 5.000 8.79920 8.303E+09 1.911E+12 4.346E-03 5.784E-05
788 7.000 1 5.000 8.77331 3.229E+09 1.113E+12 2.900E-03 5.216E-05
44 5.000 1 5.000 9.07273 4.154E+09 9.055E+12 4.588E-04 5.128E-05
71 5.000 1 5.000 9.01921 4.158E+09 1.358E+13 3.062E-04 5.070E-05
148 5.000 1 5.000 8.91340 4.220E+09 2.710E+12 1.557E-03 5.028E-05
557 5.000 1 5.000 8.79861 4.310E+09 8.146E+11 5.291E-03 5.002E-05
391 5.000 1 5.000 8.82503 4.134E+09 4.174E+12 9.905E-04 4.828E-05
69 5.000 1 5.000 9.02392 3.154E+09 2.325E+13 1.356E-04 3.850E-05
524 7.000 1 5.000 8.80492 2.113E+09 1.771E+12 1.193E-03 3.438E-05
522 3.000 1 5.000 8.80535 4.907E+09 1.480E+12 3.315E-03 3.422E-05
527 3.000 1 5.000 8.80429 4.870E+09 1.352E+12 3.603E-03 3.396E-05
791 5.000 1 5.000 8.77294 2.754E+09 1.113E+12 2.474E-03 3.178E-05
950 7.000 1 5.000 8.75466 1.806E+09 6.548E+11 2.758E-03 2.904E-05
550 3.000 1 5.000 8.79950 3.613E+09 1.331E+12 2.714E-03 2.518E-05
22 3.000 1 5.000 9.77025 2.836E+09 3.352E+14 8.459E-06 2.434E-05
807 5.000 1 5.000 8.76812 2.048E+09 1.339E+12 1.530E-03 2.360E-05
64 3.000 1 5.000 9.02733 3.178E+09 1.678E+13 1.894E-04 2.330E-05
565 5.000 1 5.000 8.79688 1.933E+09 2.001E+12 9.660E-04 2.242E-05
528 5.000 1 5.000 8.80410 1.868E+09 1.454E+12 1.285E-03 2.170E-05
952 5.000 1 5.000 8.75445 1.810E+09 6.764E+11 2.675E-03 2.080E-05
416 3.000 1 5.000 8.81520 2.969E+09 1.882E+12 1.578E-03 2.076E-05
797 3.000 1 5.000 8.77241 2.954E+09 8.289E+11 3.563E-03 2.044E-05
141 3.000 1 5.000 8.91728 2.761E+09 1.526E+12 1.809E-03 1.975E-05
392 3.000 1 5.000 8.82493 2.778E+09 4.372E+12 6.354E-04 1.946E-05
222 3.000 1 5.000 8.86780 2.605E+09 3.916E+12 6.652E-04 1.843E-05
224 5.000 1 5.000 8.86624 1.548E+09 3.129E+12 4.949E-04 1.825E-05
1026 5.000 1 5.000 8.74957 1.360E+09 2.924E+12 4.650E-04 1.560E-05
213 5.000 1 5.000 8.87038 1.321E+09 5.312E+12 2.487E-04 1.558E-05
530 5.000 1 5.000 8.80372 1.337E+09 9.499E+11 1.407E-03 1.553E-05
551 5.000 1 5.000 8.79937 1.272E+09 1.400E+12 9.083E-04 1.477E-05
561 5.000 1 5.000 8.79793 1.218E+09 6.019E+11 2.023E-03 1.413E-05
221 7.000 1 5.000 8.86793 7.689E+08 4.670E+12 1.646E-04 1.269E-05
789 3.000 1 5.000 8.77315 1.794E+09 9.559E+11 1.876E-03 1.242E-05
559 3.000 1 5.000 8.79821 1.712E+09 8.199E+11 2.088E-03 1.192E-05
812 3.000 1 5.000 8.76726 1.723E+09 1.116E+12 1.543E-03 1.191E-05
410 3.000 1 5.000 8.81715 1.523E+09 1.060E+12 1.437E-03 1.065E-05
543 5.000 1 5.000 8.80050 9.066E+08 2.819E+11 3.216E-03 1.053E-05
556 5.000 1 5.000 8.79873 7.786E+08 1.591E+12 4.895E-04 9.038E-06
897 5.000 1 5.000 8.76195 7.746E+08 1.928E+12 4.018E-04 8.916E-06
98 3.000 1 5.000 8.98542 1.098E+09 1.101E+13 9.976E-05 7.976E-06
253 3.000 1 5.000 8.84873 1.132E+09 2.617E+12 4.326E-04 7.974E-06
959 5.000 1 5.000 8.75374 6.626E+08 3.839E+11 1.726E-03 7.612E-06
30 5.000 1 5.000 9.08962 5.664E+08 5.844E+12 9.691E-05 7.018E-06
793 7.000 1 5.000 8.77275 4.276E+08 9.423E+11 4.537E-04 6.908E-06
519 5.000 1 5.000 8.80587 5.838E+08 2.361E+12 2.473E-04 6.788E-06
1030 5.000 1 5.000 8.74954 5.846E+08 4.769E+11 1.226E-03 6.710E-06
798 5.000 1 5.000 8.77232 5.122E+08 8.811E+11 5.813E-04 5.910E-06
37 5.000 1 5.000 9.08210 4.544E+08 1.514E+13 3.001E-05 5.618E-06
951 3.000 1 5.000 8.75458 8.020E+08 6.299E+11 1.273E-03 5.528E-06
139 7.000 1 5.000 8.91863 2.723E+08 1.647E+12 1.653E-04 4.544E-06
956 3.000 1 5.000 8.75415 5.703E+08 4.880E+11 1.169E-03 3.932E-06
240 7.000 1 5.000 8.85265 2.328E+08 7.849E+11 2.966E-04 3.829E-06
1150 5.000 1 5.000 8.73017 3.304E+08 5.194E+12 6.361E-05 3.776E-06
31 3.000 1 5.000 9.08902 4.968E+08 5.655E+12 8.784E-05 3.693E-06
529 3.000 1 5.000 8.80408 5.247E+08 9.325E+11 5.626E-04 3.658E-06
402 5.000 1 5.000 8.81940 3.136E+08 4.694E+11 6.681E-04 3.656E-06
140 5.000 1 5.000 8.91812 2.980E+08 1.675E+12 1.779E-04 3.554E-06
899 3.000 1 5.000 8.76191 5.007E+08 2.274E+12 2.202E-04 3.458E-06
787 5.000 1 5.000 8.77341 2.822E+08 1.328E+12 2.125E-04 3.258E-06
648 3.000 1 5.000 8.79401 3.467E+08 3.523E+12 9.841E-05 2.412E-06
890 3.000 1 5.000 8.76483 3.480E+08 1.737E+12 2.003E-04 2.404E-06
553 3.000 1 5.000 8.79886 3.397E+08 8.245E+11 4.120E-04 2.366E-06
401 7.000 1 5.000 8.81961 1.212E+08 4.425E+11 2.739E-04 1.979E-06
413 3.000 1 5.000 8.81647 2.665E+08 1.294E+12 2.060E-04 1.863E-06
1172 5.000 1 5.000 8.71180 1.586E+08 2.948E+12 5.381E-05 1.805E-06
153 3.000 1 5.000 8.91228 2.360E+08 5.949E+12 3.967E-05 1.686E-06
241 5.000 1 5.000 8.85230 1.407E+08 8.019E+11 1.755E-04 1.653E-06
949 5.000 1 5.000 8.75472 1.379E+08 7.959E+11 1.732E-04 1.584E-06
800 5.000 1 5.000 8.77191 1.318E+08 6.376E+11 2.068E-04 1.521E-06
958 5.000 1 5.000 8.75394 1.313E+08 5.449E+11 2.409E-04 1.508E-06
546 5.000 1 5.000 8.80032 1.286E+08 2.441E+12 5.268E-05 1.493E-06
83 9.000 1 5.000 9.00361 6.714E+07 2.338E+11 2.871E-04 1.469E-06
960 3.000 1 5.000 8.75361 2.020E+08 3.690E+11 5.473E-04 1.392E-06
1151 3.000 1 5.000 8.73016 1.991E+08 8.598E+12 2.316E-05 1.365E-06
525 7.000 1 5.000 8.80461 8.091E+07 1.987E+12 4.072E-05 1.317E-06
955 7.000 1 5.000 8.75417 7.110E+07 5.355E+11 1.328E-04 1.144E-06
1033 7.000 1 5.000 8.74947 6.806E+07 1.395E+11 4.879E-04 1.094E-06
29 7.000 1 5.000 9.09021 5.095E+07 5.900E+12 8.636E-06 8.838E-07
1023 3.000 1 5.000 8.74963 1.220E+08 3.519E+11 3.467E-04 8.404E-07
1087 3.000 1 5.000 8.74698 1.216E+08 4.640E+12 2.620E-05 8.366E-07
389 7.000 1 5.000 8.83239 5.033E+07 2.092E+09 2.406E-02 8.240E-07
574 3.000 1 5.000 8.79605 1.003E+08 1.881E+12 5.331E-05 6.978E-07
1174 3.000 1 5.000 8.71180 9.633E+07 4.731E+12 2.036E-05 6.578E-07
93 5.000 1 5.000 8.99833 5.416E+07 1.168E+11 4.639E-04 6.576E-07
284 9.000 1 5.000 8.84062 2.956E+07 9.479E+10 3.118E-04 6.234E-07
86 7.000 1 5.000 9.00257 3.624E+07 2.200E+11 1.647E-04 6.166E-07
94 7.000 1 5.000 8.99807 3.519E+07 1.127E+11 3.122E-04 5.980E-07
1075 3.000 1 5.000 8.74887 8.612E+07 3.093E+12 2.784E-05 5.929E-07
777 7.000 1 5.000 8.78457 3.346E+07 1.813E+09 1.845E-02 5.418E-07
168 9.000 1 5.000 8.89067 2.260E+07 1.378E+11 1.640E-04 4.820E-07
821 3.000 1 5.000 8.76652 6.867E+07 7.980E+11 8.604E-05 4.746E-07
208 7.000 1 5.000 8.88308 2.766E+07 3.859E+08 7.167E-02 4.580E-07
796 7.000 1 5.000 8.77257 2.700E+07 1.025E+12 2.633E-05 4.360E-07
1029 3.000 1 5.000 8.74955 6.290E+07 2.553E+11 2.464E-04 4.332E-07
92 3.000 1 5.000 8.99836 5.637E+07 1.195E+11 4.716E-04 4.104E-07
122 9.000 1 5.000 8.95285 1.809E+07 3.593E+11 5.034E-05 3.912E-07
540 7.000 1 5.000 8.80062 2.287E+07 2.897E+11 7.894E-05 3.718E-07
298 7.000 1 5.000 8.83938 2.091E+07 7.684E+08 2.722E-02 3.430E-07
110 7.000 1 5.000 8.95907 1.871E+07 2.927E+11 6.394E-05 3.152E-07
117 9.000 1 5.000 8.95480 1.394E+07 4.995E+11 2.792E-05 3.018E-07
364 7.000 1 5.000 8.83560 1.830E+07 7.157E+08 2.557E-02 2.998E-07
936 7.000 1 5.000 8.75877 1.790E+07 1.305E+09 1.372E-02 2.884E-07
276 7.000 1 5.000 8.84175 1.716E+07 1.615E+11 1.063E-04 2.816E-07
102 3.000 1 5.000 8.96738 3.844E+07 9.639E+12 3.988E-06 2.780E-07
172 7.000 1 5.000 8.88984 1.580E+07 1.311E+11 1.205E-04 2.622E-07
1085 5.000 1 5.000 8.74795 2.066E+07 2.301E+12 8.977E-06 2.372E-07
165 9.000 1 5.000 8.89166 1.112E+07 1.634E+11 6.807E-05 2.372E-07
277 5.000 1 5.000 8.84154 1.930E+07 1.659E+11 1.163E-04 2.262E-07
372 7.000 1 5.000 8.83470 1.369E+07 5.877E+08 2.329E-02 2.242E-07
673 7.000 1 5.000 8.79390 1.324E+07 3.452E+08 3.834E-02 2.148E-07
1135 7.000 1 5.000 8.74327 1.231E+07 8.506E+10 1.447E-04 1.975E-07
204 7.000 1 5.000 8.88394 1.176E+07 9.252E+08 1.271E-02 1.948E-07
386 5.000 1 5.000 8.83371 1.656E+07 2.451E+09 6.756E-03 1.937E-07
108 5.000 1 5.000 8.95976 1.606E+07 2.623E+11 6.122E-05 1.933E-07
180 5.000 1 5.000 8.88727 1.562E+07 1.046E+12 1.494E-05 1.850E-07
507 7.000 1 5.000 8.80861 1.113E+07 3.004E+08 3.704E-02 1.812E-07
181 7.000 1 5.000 8.88655 1.073E+07 8.280E+11 1.296E-05 1.779E-07
760 7.000 1 5.000 8.78631 1.097E+07 1.953E+09 5.620E-03 1.778E-07
425 9.000 1 5.000 8.81294 8.197E+06 4.500E+10 1.821E-04 1.718E-07
692 7.000 1 5.000 8.79294 1.046E+07 2.179E+08 4.802E-02 1.698E-07
380 7.000 1 5.000 8.83443 1.019E+07 2.388E+09 4.265E-03 1.669E-07
718 7.000 1 5.000 8.79128 1.018E+07 6.922E+08 1.470E-02 1.651E-07
175 3.000 1 5.000 8.88799 2.290E+07 9.833E+11 2.328E-05 1.627E-07
498 7.000 1 5.000 8.80955 9.920E+06 4.883E+08 2.032E-02 1.616E-07
95 1.000 1 5.000 8.99787 6.365E+07 1.471E+11 4.326E-04 1.545E-07
121 7.000 1 5.000 8.95295 9.124E+06 3.969E+11 2.299E-05 1.535E-07
88 5.000 1 5.000 9.00166 1.256E+07 2.268E+11 5.536E-05 1.525E-07
748 9.000 1 5.000 8.78936 7.306E+06 1.099E+11 6.646E-05 1.523E-07
145 3.000 1 5.000 8.91493 2.024E+07 3.780E+12 5.353E-06 1.447E-07
773 5.000 1 5.000 8.78600 1.234E+07 2.094E+09 5.894E-03 1.429E-07
910 7.000 1 5.000 8.76044 8.854E+06 1.388E+09 6.380E-03 1.426E-07
930 5.000 1 5.000 8.76027 1.237E+07 1.871E+09 6.611E-03 1.423E-07
378 7.000 1 5.000 8.83463 8.417E+06 1.800E+09 4.677E-03 1.379E-07
833 5.000 1 5.000 8.76565 1.191E+07 3.172E+09 3.756E-03 1.373E-07
799 3.000 1 5.000 8.77203 1.919E+07 5.277E+11 3.638E-05 1.328E-07
428 7.000 1 5.000 8.81251 8.096E+06 4.475E+10 1.809E-04 1.320E-07
328 7.000 1 5.000 8.83753 7.707E+06 1.851E+08 4.163E-02 1.263E-07
1099 7.000 1 5.000 8.74491 7.859E+06 5.351E+10 1.469E-04 1.261E-07
822 5.000 1 5.000 8.76650 1.067E+07 1.219E+12 8.754E-06 1.230E-07
585 7.000 1 5.000 8.79567 6.883E+06 1.794E+08 3.837E-02 1.118E-07
174 5.000 1 5.000 8.88909 9.324E+06 1.426E+11 6.538E-05 1.105E-07
569 9.000 1 5.000 8.79664 5.178E+06 2.717E+10 1.905E-04 1.081E-07
572 7.000 1 5.000 8.79641 6.533E+06 2.398E+10 2.724E-04 1.061E-07
129 3.000 1 5.000 8.94747 1.462E+07 5.458E+11 2.678E-05 1.053E-07
305 3.000 1 5.000 8.83915 1.364E+07 1.247E+11 1.093E-04 9.586E-08
1125 5.000 1 5.000 8.74481 7.656E+06 1.148E+11 6.667E-05 8.778E-08
957 7.000 1 5.000 8.75406 5.453E+06 6.180E+11 8.824E-06 8.770E-08
895 9.000 1 5.000 8.76217 4.230E+06 6.506E+10 6.502E-05 8.764E-08
268 7.000 1 5.000 8.84440 5.327E+06 1.674E+11 3.183E-05 8.746E-08
430 5.000 1 5.000 8.81231 7.440E+06 3.446E+10 2.159E-04 8.662E-08
128 5.000 1 5.000 8.94784 7.176E+06 5.415E+11 1.325E-05 8.614E-08
832 3.000 1 5.000 8.76566 1.244E+07 1.296E+10 9.598E-04 8.596E-08
177 5.000 1 5.000 8.88780 7.222E+06 1.948E+12 3.707E-06 8.554E-08
279 3.000 1 5.000 8.84126 1.205E+07 1.888E+11 6.383E-05 8.476E-08
860 3.000 1 5.000 8.76513 1.196E+07 2.863E+10 4.176E-04 8.262E-08
176 1.000 1 5.000 8.88799 3.366E+07 1.235E+11 2.726E-04 7.972E-08
202 5.000 1 5.000 8.88404 6.550E+06 4.104E+08 1.596E-02 7.750E-08
747 7.000 1 5.000 8.78967 4.727E+06 1.392E+11 3.396E-05 7.666E-08
360 5.000 1 5.000 8.83568 6.454E+06 4.083E+08 1.581E-02 7.554E-08
178 3.000 1 5.000 8.88765 1.035E+07 1.927E+12 5.371E-06 7.354E-08
573 5.000 1 5.000 8.79635 6.286E+06 1.870E+10 3.361E-04 7.292E-08
1034 5.000 1 5.000 8.74947 6.298E+06 1.541E+11 4.086E-05 7.228E-08
166 7.000 1 5.000 8.89093 4.351E+06 1.700E+11 2.559E-05 7.220E-08
96 3.000 1 5.000 8.99677 9.773E+06 1.417E+11 6.899E-05 7.118E-08
775 7.000 1 5.000 8.78464 4.381E+06 1.527E+09 2.870E-03 7.096E-08
307 9.000 1 5.000 8.83913 3.272E+06 8.600E+10 3.805E-05 6.900E-08
933 7.000 1 5.000 8.75881 4.283E+06 1.121E+09 3.821E-03 6.896E-08
187 7.000 1 5.000 8.88619 3.976E+06 2.033E+08 1.956E-02 6.590E-08
439 7.000 1 5.000 8.81137 3.950E+06 1.316E+08 3.002E-02 6.438E-08
1132 7.000 1 5.000 8.74330 3.833E+06 7.811E+10 4.907E-05 6.150E-08
893 7.000 1 5.000 8.76237 3.443E+06 6.818E+10 5.050E-05 5.548E-08
338 5.000 1 5.000 8.83737 4.704E+06 1.398E+08 3.365E-02 5.508E-08
390 5.000 1 5.000 8.83235 4.452E+06 2.244E+09 1.984E-03 5.208E-08
861 5.000 1 5.000 8.76512 4.438E+06 1.203E+09 3.688E-03 5.112E-08
313 5.000 1 5.000 8.83860 4.316E+06 1.527E+11 2.827E-05 5.054E-08
1090 9.000 1 5.000 8.74596 2.437E+06 3.917E+11 6.220E-06 5.030E-08
714 3.000 1 5.000 8.79134 7.187E+06 8.947E+09 8.033E-04 4.998E-08
288 7.000 1 5.000 8.84004 2.961E+06 2.088E+11 1.418E-05 4.856E-08
311 7.000 1 5.000 8.83862 2.929E+06 7.585E+10 3.861E-05 4.802E-08
301 1.000 1 5.000 8.83937 2.018E+07 1.351E+12 1.493E-05 4.728E-08
843 7.000 1 5.000 8.76543 2.899E+06 4.844E+08 5.983E-03 4.674E-08
758 7.000 1 5.000 8.78645 2.877E+06 1.644E+09 1.750E-03 4.662E-08
130 1.000 1 5.000 8.94731 1.936E+07 5.445E+11 3.556E-05 4.646E-08
612 5.000 1 5.000 8.79562 3.896E+06 1.053E+08 3.700E-02 4.520E-08
749 5.000 1 5.000 8.78930 3.896E+06 1.630E+11 2.390E-05 4.512E-08
350 7.000 1 5.000 8.83628 2.721E+06 1.691E+11 1.609E-05 4.462E-08
907 7.000 1 5.000 8.76052 2.681E+06 1.178E+09 2.275E-03 4.320E-08
370 7.000 1 5.000 8.83478 2.627E+06 6.710E+08 3.915E-03 4.304E-08
179 7.000 1 5.000 8.88751 2.580E+06 2.307E+12 1.118E-06 4.278E-08
429 3.000 1 5.000 8.81238 5.877E+06 2.560E+10 2.295E-04 4.104E-08
778 5.000 1 5.000 8.78456 3.536E+06 1.894E+09 1.867E-03 4.092E-08
894 5.000 1 5.000 8.76219 3.394E+06 8.112E+10 4.184E-05 3.908E-08
438 3.000 1 5.000 8.81139 5.527E+06 2.034E+10 2.717E-04 3.860E-08
654 5.000 1 5.000 8.79393 3.260E+06 2.324E+08 1.403E-02 3.778E-08
264 5.000 1 5.000 8.84484 3.162E+06 1.469E+11 2.153E-05 3.708E-08
431 9.000 1 5.000 8.81157 1.752E+06 4.237E+10 4.135E-05 3.672E-08
348 5.000 1 5.000 8.83674 3.124E+06 1.869E+11 1.671E-05 3.658E-08
571 3.000 1 5.000 8.79642 5.167E+06 1.480E+10 3.492E-04 3.596E-08
1097 7.000 1 5.000 8.74496 2.209E+06 8.396E+10 2.631E-05 3.544E-08
97 5.000 1 5.000 8.99572 2.894E+06 1.542E+11 1.877E-05 3.512E-08
454 5.000 1 5.000 8.81131 2.942E+06 2.161E+10 1.362E-04 3.426E-08
295 3.000 1 5.000 8.83968 4.793E+06 5.394E+10 8.886E-05 3.370E-08
114 3.000 1 5.000 8.95651 4.560E+06 7.189E+10 6.343E-05 3.290E-08
79 9.000 1 5.000 9.00627 1.488E+06 3.836E+11 3.879E-06 3.256E-08
1088 7.000 1 5.000 8.74607 2.016E+06 3.090E+12 6.523E-07 3.236E-08
123 5.000 1 5.000 8.95235 2.562E+06 4.535E+11 5.649E-06 3.078E-08
485 5.000 1 5.000 8.80960 2.618E+06 3.165E+08 8.272E-03 3.046E-08
113 3.000 1 5.000 8.95713 4.203E+06 8.960E+10 4.691E-05 3.034E-08
116 5.000 1 5.000 8.95593 2.508E+06 5.451E+10 4.601E-05 3.016E-08
708 5.000 1 5.000 8.79168 2.546E+06 7.819E+08 3.256E-03 2.952E-08
296 7.000 1 5.000 8.83943 1.797E+06 1.117E+11 1.609E-05 2.948E-08
109 3.000 1 5.000 8.95925 4.057E+06 2.373E+11 1.710E-05 2.930E-08
119 7.000 1 5.000 8.95427 1.739E+06 4.406E+11 3.946E-06 2.926E-08
325 7.000 1 5.000 8.83768 1.769E+06 1.565E+08 1.130E-02 2.900E-08
285 1.000 1 5.000 8.84035 1.228E+07 7.603E+11 1.615E-05 2.878E-08
103 9.000 1 5.000 8.96126 1.316E+06 3.906E+11 3.368E-06 2.850E-08
689 7.000 1 5.000 8.79298 1.741E+06 3.129E+08 5.565E-03 2.826E-08
459 5.000 1 5.000 8.81128 2.412E+06 9.620E+07 2.507E-02 2.808E-08
990 5.000 1 5.000 8.75004 2.378E+06 1.893E+11 1.256E-05 2.730E-08
190 5.000 1 5.000 8.88588 2.290E+06 1.516E+08 1.511E-02 2.710E-08
314 5.000 1 5.000 8.83848 2.314E+06 8.457E+10 2.736E-05 2.710E-08
107 3.000 1 5.000 8.96085 3.737E+06 2.902E+11 1.288E-05 2.700E-08
32 9.000 1 5.000 9.08378 1.188E+06 1.590E+13 7.471E-08 2.646E-08
201 7.000 1 5.000 8.88409 1.569E+06 2.612E+08 6.006E-03 2.598E-08
112 1.000 1 5.000 8.95767 1.045E+07 1.834E+11 5.696E-05 2.516E-08
935 5.000 1 5.000 8.75877 2.156E+06 1.364E+09 1.581E-03 2.478E-08
255 9.000 1 5.000 8.84625 1.156E+06 1.820E+11 6.350E-06 2.440E-08
1089 5.000 1 5.000 8.74597 2.082E+06 5.629E+12 3.699E-07 2.388E-08
688 5.000 1 5.000 8.79300 2.056E+06 6.151E+10 3.343E-05 2.384E-08
453 7.000 1 5.000 8.81131 1.459E+06 3.356E+10 4.347E-05 2.378E-08
909 5.000 1 5.000 8.76046 2.038E+06 1.345E+09 1.516E-03 2.344E-08
184 7.000 1 5.000 8.88642 1.356E+06 1.686E+08 8.046E-03 2.248E-08
898 3.000 1 5.000 8.76194 3.220E+06 8.864E+10 3.632E-05 2.224E-08
751 3.000 1 5.000 8.78890 3.104E+06 1.695E+11 1.831E-05 2.156E-08
759 5.000 1 5.000 8.78636 1.836E+06 1.890E+09 9.715E-04 2.126E-08
206 7.000 1 5.000 8.88322 1.248E+06 8.676E+08 1.439E-03 2.068E-08
504 7.000 1 5.000 8.80866 1.256E+06 4.570E+08 2.749E-03 2.046E-08
385 3.000 1 5.000 8.83374 2.826E+06 2.376E+09 1.189E-03 1.984E-08
1098 5.000 1 5.000 8.74492 1.726E+06 4.965E+10 3.477E-05 1.979E-08
686 3.000 1 5.000 8.79316 2.817E+06 3.769E+10 7.474E-05 1.960E-08
287 5.000 1 5.000 8.84016 1.639E+06 1.134E+10 1.445E-04 1.921E-08
327 5.000 1 5.000 8.83758 1.537E+06 9.541E+07 1.611E-02 1.800E-08
125 5.000 1 5.000 8.95104 1.472E+06 5.126E+11 2.872E-06 1.769E-08
630 9.000 1 5.000 8.79513 8.438E+05 2.478E+10 3.405E-05 1.761E-08
1134 5.000 1 5.000 8.74328 1.531E+06 5.457E+10 2.806E-05 1.755E-08
387 7.000 1 5.000 8.83254 1.060E+06 1.760E+09 6.025E-04 1.736E-08
632 7.000 1 5.000 8.79499 1.058E+06 2.582E+10 4.097E-05 1.717E-08
379 5.000 1 5.000 8.83452 1.429E+06 2.296E+09 6.223E-04 1.672E-08
1084 3.000 1 5.000 8.74797 2.409E+06 1.820E+12 1.324E-06 1.658E-08
357 7.000 1 5.000 8.83572 9.796E+05 2.756E+08 3.554E-03 1.605E-08
347 3.000 1 5.000 8.83678 2.262E+06 2.343E+11 9.655E-06 1.589E-08
705 7.000 1 5.000 8.79279 9.596E+05 8.486E+10 1.131E-05 1.557E-08
927 3.000 1 5.000 8.76029 2.244E+06 4.837E+09 4.638E-04 1.549E-08
297 5.000 1 5.000 8.83942 1.321E+06 7.762E+08 1.702E-03 1.548E-08
582 7.000 1 5.000 8.79573 9.527E+05 1.376E+08 6.921E-03 1.547E-08
434 1.000 1 5.000 8.81148 6.597E+06 2.368E+10 2.785E-04 1.536E-08
1015 7.000 1 5.000 8.74986 9.541E+05 1.324E+11 7.206E-06 1.533E-08
772 3.000 1 5.000 8.78603 2.194E+06 2.008E+09 1.093E-03 1.524E-08
1092 3.000 1 5.000 8.74582 2.183E+06 6.433E+12 3.393E-07 1.502E-08
169 5.000 1 5.000 8.89052 1.153E+06 1.242E+11 9.284E-06 1.366E-08
435 7.000 1 5.000 8.81147 7.953E+05 1.180E+08 6.742E-03 1.296E-08
473 7.000 1 5.000 8.81101 7.821E+05 3.244E+10 2.411E-05 1.274E-08
636 9.000 1 5.000 8.79475 6.072E+05 9.178E+10 6.616E-06 1.267E-08
631 5.000 1 5.000 8.79503 1.065E+06 1.681E+10 6.335E-05 1.235E-08
186 5.000 1 5.000 8.88626 1.016E+06 1.082E+08 9.392E-03 1.203E-08
21 1.000 1 5.000 9.81266 4.115E+06 3.579E+14 1.150E-08 1.188E-08
484 7.000 1 5.000 8.80963 7.169E+05 2.269E+08 3.159E-03 1.168E-08
427 1.000 1 5.000 8.81252 4.987E+06 2.066E+10 2.413E-04 1.161E-08
584 5.000 1 5.000 8.79569 9.818E+05 6.847E+07 1.434E-02 1.139E-08
198 5.000 1 5.000 8.88451 9.548E+05 7.934E+07 1.203E-02 1.130E-08
752 1.000 1 5.000 8.78839 4.868E+06 1.726E+11 2.821E-05 1.127E-08
111 5.000 1 5.000 8.95782 9.080E+05 3.008E+11 3.019E-06 1.092E-08
304 5.000 1 5.000 8.83924 9.232E+05 2.878E+08 3.207E-03 1.082E-08
570 1.000 1 5.000 8.79649 4.612E+06 1.143E+10 4.034E-04 1.070E-08
80 7.000 1 5.000 9.00555 6.149E+05 3.760E+11 1.635E-06 1.047E-08
205 5.000 1 5.000 8.88324 8.688E+05 1.050E+09 8.274E-04 1.028E-08
649 3.000 1 5.000 8.79401 1.428E+06 2.739E+10 5.213E-05 9.934E-09
754 3.000 1 5.000 8.78823 1.425E+06 1.735E+11 8.215E-06 9.902E-09
322 5.000 1 5.000 8.83791 8.430E+05 1.069E+11 7.883E-06 9.872E-09
856 3.000 1 5.000 8.76527 1.420E+06 3.170E+10 4.479E-05 9.812E-09
267 5.000 1 5.000 8.84457 8.340E+05 4.891E+10 1.705E-05 9.782E-09
115 1.000 1 5.000 8.95626 3.997E+06 2.846E+11 1.404E-05 9.614E-09
1124 3.000 1 5.000 8.74482 1.382E+06 5.645E+10 2.448E-05 9.504E-09
472 5.000 1 5.000 8.81103 8.150E+05 5.104E+10 1.597E-05 9.486E-09
126 3.000 1 5.000 8.95056 1.296E+06 5.333E+11 2.431E-06 9.344E-09
260 3.000 1 5.000 8.84554 1.262E+06 1.193E+11 1.058E-05 8.884E-09
901 1.000 1 5.000 8.76170 3.842E+06 9.779E+10 3.929E-05 8.844E-09
369 5.000 1 5.000 8.83479 7.392E+05 8.807E+08 8.394E-04 8.650E-09
278 9.000 1 5.000 8.84133 4.024E+05 2.938E+10 1.370E-05 8.488E-09
271 7.000 1 5.000 8.84391 5.130E+05 1.034E+11 4.960E-06 8.422E-09
275 3.000 1 5.000 8.84196 1.149E+06 1.760E+12 6.527E-07 8.082E-09
810 9.000 1 5.000 8.76736 3.888E+05 5.521E+10 7.041E-06 8.064E-09
437 5.000 1 5.000 8.81140 6.574E+05 6.725E+07 9.775E-03 7.652E-09
476 7.000 1 5.000 8.81027 4.539E+05 2.483E+10 1.828E-05 7.396E-09
904 3.000 1 5.000 8.76107 1.066E+06 1.824E+12 5.843E-07 7.359E-09
346 3.000 1 5.000 8.83721 1.038E+06 1.444E+08 7.193E-03 7.294E-09
717 5.000 1 5.000 8.79131 6.212E+05 6.999E+08 8.875E-04 7.198E-09
321 7.000 1 5.000 8.83813 4.343E+05 1.286E+11 3.378E-06 7.120E-09
685 1.000 1 5.000 8.79326 3.039E+06 3.235E+10 9.394E-05 7.046E-09
302 5.000 1 5.000 8.83928 5.826E+05 1.402E+11 4.155E-06 6.824E-09
142 9.000 1 5.000 8.91723 3.126E+05 4.042E+12 7.732E-08 6.708E-09
651 7.000 1 5.000 8.79395 4.073E+05 1.780E+08 2.289E-03 6.610E-09
248 3.000 1 5.000 8.84976 9.378E+05 5.891E+12 1.592E-07 6.608E-09
642 1.000 1 5.000 8.79406 2.820E+06 3.027E+10 9.316E-05 6.540E-09
996 7.000 1 5.000 8.74992 4.016E+05 9.099E+10 4.413E-06 6.452E-09
989 3.000 1 5.000 8.75005 9.294E+05 1.506E+11 6.169E-06 6.400E-09
750 7.000 1 5.000 8.78911 3.687E+05 1.459E+11 2.527E-06 5.978E-09
690 5.000 1 5.000 8.79297 5.150E+05 3.962E+08 1.300E-03 5.968E-09
173 7.000 1 5.000 8.88951 3.560E+05 3.471E+10 1.026E-05 5.906E-09
627 3.000 1 5.000 8.79557 8.373E+05 9.457E+07 8.854E-03 5.828E-09
629 3.000 1 5.000 8.79515 8.133E+05 8.385E+09 9.700E-05 5.658E-09
1093 1.000 1 5.000 8.74571 2.419E+06 5.337E+12 4.532E-07 5.548E-09
193 5.000 1 5.000 8.88554 4.684E+05 2.543E+11 1.842E-06 5.544E-09
684 5.000 1 5.000 8.79331 4.606E+05 7.312E+10 6.299E-06 5.340E-09
505 5.000 1 5.000 8.80866 4.506E+05 5.703E+08 7.901E-04 5.242E-09
735 7.000 1 5.000 8.79073 3.141E+05 5.574E+08 5.635E-04 5.096E-09
964 9.000 1 5.000 8.75107 2.301E+05 6.571E+10 3.502E-06 4.756E-09
352 5.000 1 5.000 8.83595 4.048E+05 6.973E+07 5.806E-03 4.738E-09
195 3.000 1 5.000 8.88545 6.530E+05 1.286E+08 5.077E-03 4.636E-09
682 9.000 1 5.000 8.79339 2.177E+05 1.201E+11 1.812E-06 4.542E-09
755 5.000 1 5.000 8.78767 3.798E+05 1.432E+11 2.652E-06 4.398E-09
290 1.000 1 5.000 8.83993 1.823E+06 3.668E+12 4.969E-07 4.270E-09
312 7.000 1 5.000 8.83862 2.473E+05 6.081E+08 4.066E-04 4.056E-09
159 9.000 1 5.000 8.89400 1.794E+05 3.481E+10 5.155E-06 3.830E-09
818 7.000 1 5.000 8.76688 2.364E+05 5.689E+10 4.156E-06 3.814E-09
471 3.000 1 5.000 8.81120 5.290E+05 1.024E+08 5.164E-03 3.694E-09
124 7.000 1 5.000 8.95191 2.120E+05 4.890E+11 4.335E-07 3.564E-09
197 3.000 1 5.000 8.88455 4.640E+05 9.396E+07 4.938E-03 3.294E-09
104 7.000 1 5.000 8.96124 1.827E+05 5.292E+11 3.453E-07 3.080E-09
838 5.000 1 5.000 8.76545 2.636E+05 4.981E+08 5.292E-04 3.036E-09
902 3.000 1 5.000 8.76150 4.270E+05 1.054E+11 4.053E-06 2.950E-09
349 1.000 1 5.000 8.83665 1.257E+06 2.601E+11 4.832E-06 2.944E-09
151 7.000 1 5.000 8.91238 1.747E+05 3.782E+11 4.620E-07 2.914E-09
286 3.000 1 5.000 8.84017 4.137E+05 3.635E+09 1.138E-04 2.908E-09
579 7.000 1 5.000 8.79578 1.777E+05 8.505E+08 2.090E-04 2.886E-09
38 3.000 1 5.000 9.08168 3.867E+05 1.521E+13 2.543E-08 2.869E-09
420 9.000 1 5.000 8.81346 1.347E+05 2.136E+10 6.306E-06 2.824E-09
463 7.000 1 5.000 8.81127 1.723E+05 3.627E+09 4.751E-05 2.808E-09
242 9.000 1 5.000 8.85214 1.291E+05 1.643E+12 7.857E-08 2.730E-09
896 7.000 1 5.000 8.76203 1.687E+05 8.656E+10 1.949E-06 2.718E-09
479 5.000 1 5.000 8.80976 2.314E+05 5.818E+07 3.977E-03 2.692E-09
272 9.000 1 5.000 8.84376 1.213E+05 2.301E+11 5.274E-07 2.562E-09
993 5.000 1 5.000 8.74993 2.230E+05 6.725E+10 3.316E-06 2.560E-09
317 7.000 1 5.000 8.83829 1.544E+05 2.056E+11 7.512E-07 2.532E-09
815 5.000 1 5.000 8.76697 2.182E+05 5.769E+10 3.782E-06 2.514E-09
973 7.000 1 5.000 8.75080 1.529E+05 7.371E+11 2.074E-07 2.458E-09
447 7.000 1 5.000 8.81132 1.504E+05 4.582E+09 3.283E-05 2.452E-09
820 5.000 1 5.000 8.76670 2.110E+05 4.551E+10 4.636E-06 2.432E-09
819 3.000 1 5.000 8.76688 3.460E+05 2.667E+10 1.297E-05 2.392E-09
756 7.000 1 5.000 8.78753 1.457E+05 1.556E+11 9.365E-07 2.362E-09
681 7.000 1 5.000 8.79379 1.443E+05 9.109E+10 1.584E-06 2.344E-09
351 3.000 1 5.000 8.83600 3.329E+05 5.888E+07 5.654E-03 2.338E-09
256 7.000 1 5.000 8.84623 1.391E+05 2.578E+11 5.393E-07 2.284E-09
127 7.000 1 5.000 8.94902 1.342E+05 5.524E+11 2.430E-07 2.256E-09
813 3.000 1 5.000 8.76702 3.172E+05 3.229E+10 9.823E-06 2.194E-09
753 5.000 1 5.000 8.78833 1.752E+05 1.390E+11 1.260E-06 2.028E-09
1076 7.000 1 5.000 8.74814 1.215E+05 9.001E+11 1.350E-07 1.951E-09
663 5.000 1 5.000 8.79392 1.680E+05 7.328E+10 2.293E-06 1.948E-09
814 1.000 1 5.000 8.76701 8.396E+05 8.188E+10 1.025E-05 1.935E-09
1052 7.000 1 5.000 8.74940 1.201E+05 2.148E+11 5.592E-07 1.930E-09
563 9.000 1 5.000 8.79692 8.948E+04 1.428E+10 6.266E-06 1.869E-09
634 7.000 1 5.000 8.79488 1.111E+05 2.324E+10 4.779E-06 1.803E-09
336 3.000 1 5.000 8.83743 2.542E+05 5.141E+07 4.945E-03 1.786E-09
167 3.000 1 5.000 8.89091 2.476E+05 2.838E+10 8.725E-06 1.761E-09
81 5.000 1 5.000 9.00503 1.389E+05 3.847E+11 3.611E-07 1.689E-09
189 3.000 1 5.000 8.88595 2.226E+05 2.536E+11 8.780E-07 1.581E-09
645 5.000 1 5.000 8.79404 1.349E+05 5.286E+10 2.553E-06 1.564E-09
152 5.000 1 5.000 8.91229 1.297E+05 3.684E+11 3.521E-07 1.545E-09
269 3.000 1 5.000 8.84423 2.150E+05 8.262E+10 2.602E-06 1.513E-09
396 3.000 1 5.000 8.82326 2.142E+05 3.311E+12 6.470E-08 1.500E-09
628 1.000 1 5.000 8.79524 6.436E+05 4.118E+09 1.563E-04 1.493E-09
475 5.000 1 5.000 8.81038 1.271E+05 3.968E+10 3.204E-06 1.479E-09
640 3.000 1 5.000 8.79422 2.104E+05 4.907E+10 4.287E-06 1.464E-09
70 1.000 1 5.000 9.01950 5.881E+05 2.962E+13 1.985E-08 1.435E-09
306 5.000 1 5.000 8.83914 1.223E+05 1.134E+11 1.078E-06 1.432E-09
162 3.000 1 5.000 8.89322 1.983E+05 2.085E+10 9.511E-06 1.411E-09
73 9.000 1 5.000 9.01295 6.392E+04 4.317E+10 1.481E-06 1.401E-09
308 7.000 1 5.000 8.83885 8.270E+04 1.519E+09 5.445E-05 1.356E-09
637 7.000 1 5.000 8.79473 8.319E+04 1.351E+11 6.158E-07 1.350E-09
188 3.000 1 5.000 8.88600 1.887E+05 5.188E+07 3.636E-03 1.340E-09
403 9.000 1 5.000 8.81938 6.311E+04 8.655E+11 7.292E-08 1.325E-09
259 1.000 1 5.000 8.84576 5.383E+05 7.864E+11 6.845E-07 1.263E-09
678 3.000 1 5.000 8.79388 1.706E+05 2.199E+10 7.757E-06 1.187E-09
1091 7.000 1 5.000 8.74588 7.253E+04 2.022E+12 3.587E-08 1.164E-09
646 5.000 1 5.000 8.79403 9.938E+04 4.370E+07 2.274E-03 1.152E-09
568 3.000 1 5.000 8.79672 1.629E+05 5.090E+09 3.200E-05 1.134E-09
85 5.000 1 5.000 9.00278 9.148E+04 4.785E+10 1.912E-06 1.112E-09
274 7.000 1 5.000 8.84368 6.736E+04 1.448E+11 4.653E-07 1.106E-09
726 5.000 1 5.000 8.79107 9.534E+04 2.448E+08 3.895E-04 1.105E-09
424 3.000 1 5.000 8.81311 1.557E+05 7.957E+09 1.957E-05 1.088E-09
316 7.000 1 5.000 8.83833 6.284E+04 1.026E+09 6.127E-05 1.030E-09
576 7.000 1 5.000 8.79579 5.691E+04 9.688E+08 5.875E-05 9.242E-10
536 7.000 1 5.000 8.80122 5.630E+04 1.811E+11 3.109E-07 9.154E-10
905 5.000 1 5.000 8.76056 7.876E+04 7.645E+10 1.030E-06 9.062E-10
422 5.000 1 5.000 8.81328 7.662E+04 9.436E+09 8.120E-06 8.922E-10
975 5.000 1 5.000 8.75075 7.760E+04 5.548E+11 1.399E-07 8.910E-10
566 5.000 1 5.000 8.79681 7.466E+04 5.851E+09 1.276E-05 8.664E-10
727 7.000 1 5.000 8.79106 5.341E+04 1.246E+09 4.286E-05 8.664E-10
118 7.000 1 5.000 8.95448 5.139E+04 1.655E+11 3.104E-07 8.648E-10
292 3.000 1 5.000 8.83988 1.222E+05 1.058E+10 1.155E-05 8.594E-10
163 1.000 1 5.000 8.89293 3.583E+05 1.849E+10 1.938E-05 8.498E-10
161 5.000 1 5.000 8.89357 7.100E+04 2.454E+10 2.893E-06 8.418E-10
746 7.000 1 5.000 8.79055 5.070E+04 8.647E+08 5.863E-05 8.224E-10
970 1.000 1 5.000 8.75091 3.568E+05 2.575E+12 1.386E-07 8.194E-10
967 3.000 1 5.000 8.75105 1.182E+05 1.123E+12 1.053E-07 8.142E-10
965 5.000 1 5.000 8.75107 7.004E+04 1.121E+12 6.248E-08 8.042E-10
706 5.000 1 5.000 8.79273 6.922E+04 5.428E+10 1.275E-06 8.024E-10
470 5.000 1 5.000 8.81122 6.762E+04 4.708E+08 1.436E-04 7.870E-10
303 3.000 1 5.000 8.83925 1.104E+05 2.547E+08 4.334E-04 7.760E-10
811 7.000 1 5.000 8.76735 4.779E+04 8.128E+10 5.879E-07 7.708E-10
58 1.000 1 5.000 9.03509 3.022E+05 4.685E+12 6.451E-08 7.398E-10
977 3.000 1 5.000 8.75071 1.060E+05 3.026E+12 3.502E-08 7.302E-10
903 5.000 1 5.000 8.76148 6.342E+04 9.422E+10 6.731E-07 7.298E-10
419 7.000 1 5.000 8.81364 4.260E+04 1.220E+12 3.491E-08 6.946E-10
27 3.000 1 5.000 9.11658 9.229E+04 2.386E+13 3.868E-09 6.901E-10
542 9.000 1 5.000 8.80051 3.274E+04 4.948E+11 6.618E-08 6.846E-10
978 5.000 1 5.000 8.75063 5.880E+04 3.313E+12 1.775E-08 6.752E-10
368 5.000 1 5.000 8.83529 5.746E+04 1.605E+11 3.579E-07 6.724E-10
683 7.000 1 5.000 8.79338 4.070E+04 7.715E+10 5.276E-07 6.604E-10
971 3.000 1 5.000 8.75083 9.583E+04 3.561E+11 2.692E-07 6.602E-10
687 3.000 1 5.000 8.79307 9.440E+04 4.511E+10 2.093E-06 6.566E-10
767 3.000 1 5.000 8.78612 9.193E+04 2.063E+11 4.456E-07 6.384E-10
273 5.000 1 5.000 8.84372 5.326E+04 1.792E+11 2.972E-07 6.246E-10
824 9.000 1 5.000 8.76646 2.923E+04 7.121E+10 4.105E-07 6.064E-10
1094 3.000 1 5.000 8.74552 8.730E+04 2.126E+12 4.106E-08 6.006E-10
908 7.000 1 5.000 8.76048 3.647E+04 8.695E+10 4.194E-07 5.874E-10
828 5.000 1 5.000 8.76638 5.076E+04 2.779E+10 1.826E-06 5.850E-10
281 5.000 1 5.000 8.84103 4.894E+04 1.697E+10 2.884E-06 5.734E-10
537 5.000 1 5.000 8.80112 4.906E+04 1.777E+11 2.760E-07 5.698E-10
592 3.000 1 5.000 8.79564 7.980E+04 2.589E+07 3.083E-03 5.554E-10
450 3.000 1 5.000 8.81131 7.803E+04 3.343E+07 2.334E-03 5.450E-10
26 5.000 1 5.000 9.11835 4.369E+04 2.425E+13 1.802E-09 5.446E-10
254 3.000 1 5.000 8.84635 7.497E+04 1.179E+12 6.357E-08 5.278E-10
478 3.000 1 5.000 8.80979 7.417E+04 3.159E+07 2.348E-03 5.178E-10
76 3.000 1 5.000 9.01215 6.377E+04 3.786E+10 1.684E-06 4.660E-10
966 7.000 1 5.000 8.75106 2.874E+04 5.138E+11 5.594E-08 4.620E-10
75 5.000 1 5.000 9.01241 3.612E+04 4.003E+10 9.023E-07 4.398E-10
154 3.000 1 5.000 8.91216 6.090E+04 3.925E+11 1.552E-07 4.352E-10
931 3.000 1 5.000 8.75991 6.240E+04 1.193E+11 5.230E-07 4.308E-10
887 7.000 1 5.000 8.76484 2.587E+04 6.210E+08 4.166E-05 4.172E-10
460 5.000 1 5.000 8.81127 3.574E+04 2.787E+08 1.282E-04 4.160E-10
830 5.000 1 5.000 8.76632 3.566E+04 4.174E+10 8.544E-07 4.108E-10
774 5.000 1 5.000 8.78578 3.406E+04 2.128E+11 1.600E-07 3.942E-10
829 3.000 1 5.000 8.76633 5.587E+04 3.140E+10 1.779E-06 3.860E-10
381 3.000 1 5.000 8.83420 5.387E+04 3.511E+11 1.534E-07 3.782E-10
1175 3.000 1 5.000 8.71161 5.456E+04 2.314E+12 2.358E-08 3.724E-10
230 1.000 1 5.000 8.86202 1.535E+05 7.491E+12 2.049E-08 3.616E-10
1038 7.000 1 5.000 8.74945 2.244E+04 6.847E+09 3.278E-06 3.606E-10
969 5.000 1 5.000 8.75101 3.052E+04 2.787E+12 1.095E-08 3.504E-10
635 3.000 1 5.000 8.79482 4.880E+04 3.194E+10 1.528E-06 3.396E-10
643 7.000 1 5.000 8.79406 2.034E+04 1.652E+10 1.232E-06 3.302E-10
318 3.000 1 5.000 8.83827 4.697E+04 1.010E+11 4.649E-07 3.300E-10
831 7.000 1 5.000 8.76630 2.030E+04 5.012E+10 4.050E-07 3.274E-10
131 5.000 1 5.000 8.93859 2.686E+04 5.559E+11 4.832E-08 3.218E-10
932 5.000 1 5.000 8.75972 2.792E+04 1.222E+11 2.285E-07 3.212E-10
171 3.000 1 5.000 8.88999 4.350E+04 1.938E+11 2.244E-07 3.094E-10
28 1.000 1 5.000 9.11572 1.226E+05 2.384E+13 5.142E-09 3.056E-10
1128 5.000 1 5.000 8.74436 2.586E+04 1.632E+12 1.585E-08 2.966E-10
474 3.000 1 5.000 8.81087 4.023E+04 4.891E+10 8.227E-07 2.810E-10
826 3.000 1 5.000 8.76645 3.923E+04 2.680E+10 1.464E-06 2.712E-10
562 3.000 1 5.000 8.79771 3.889E+04 6.536E+11 5.950E-08 2.706E-10
418 5.000 1 5.000 8.81397 2.285E+04 1.340E+12 1.706E-08 2.660E-10
384 5.000 1 5.000 8.83394 2.128E+04 3.641E+11 5.845E-08 2.490E-10
218 1.000 1 5.000 8.86859 9.646E+04 1.925E+12 5.011E-08 2.274E-10
985 5.000 1 5.000 8.75029 1.938E+04 5.606E+12 3.456E-09 2.224E-10
51 1.000 1 5.000 9.06584 8.573E+04 1.042E+13 8.224E-09 2.112E-10
852 7.000 1 5.000 8.76532 1.293E+04 9.065E+08 1.426E-05 2.086E-10
1129 7.000 1 5.000 8.74431 1.296E+04 1.657E+12 7.820E-09 2.080E-10
155 5.000 1 5.000 8.91172 1.730E+04 1.439E+11 1.203E-07 2.060E-10
538 3.000 1 5.000 8.80108 2.929E+04 1.960E+11 1.494E-07 2.042E-10
1095 5.000 1 5.000 8.74547 1.668E+04 1.740E+12 9.587E-09 1.913E-10
1130 3.000 1 5.000 8.74403 2.781E+04 2.601E+12 1.069E-08 1.913E-10
77 1.000 1 5.000 9.01199 7.534E+04 3.670E+10 2.053E-06 1.835E-10
170 5.000 1 5.000 8.89010 1.435E+04 9.137E+10 1.571E-07 1.701E-10
270 5.000 1 5.000 8.84423 1.428E+04 9.125E+10 1.565E-07 1.675E-10
132 3.000 1 5.000 8.93786 2.326E+04 5.673E+11 4.101E-08 1.672E-10
827 1.000 1 5.000 8.76639 6.793E+04 1.120E+11 6.063E-07 1.565E-10
367 3.000 1 5.000 8.83549 2.216E+04 1.813E+11 1.223E-07 1.556E-10
982 9.000 1 5.000 8.75037 6.870E+03 1.276E+12 5.384E-09 1.420E-10
23 7.000 1 5.000 9.13654 8.082E+03 1.008E+13 8.020E-10 1.416E-10
1131 5.000 1 5.000 8.74388 1.232E+04 1.454E+12 8.472E-09 1.412E-10
41 3.000 1 5.000 9.07573 1.794E+04 1.201E+13 1.494E-09 1.330E-10
490 5.000 1 5.000 8.80959 1.137E+04 4.355E+10 2.611E-07 1.323E-10
40 5.000 1 5.000 9.07711 1.022E+04 1.217E+13 8.399E-10 1.262E-10
968 7.000 1 5.000 8.75102 7.740E+03 5.560E+12 1.392E-09 1.244E-10
633 5.000 1 5.000 8.79495 1.070E+04 2.012E+10 5.316E-07 1.241E-10
82 3.000 1 5.000 9.00470 1.691E+04 3.920E+11 4.314E-08 1.233E-10
535 5.000 1 5.000 8.80128 1.058E+04 8.991E+10 1.177E-07 1.229E-10
578 5.000 1 5.000 8.79578 1.038E+04 1.095E+09 9.484E-06 1.204E-10
137 3.000 1 5.000 8.92952 1.669E+04 7.096E+12 2.352E-09 1.197E-10
280 7.000 1 5.000 8.84125 7.185E+03 2.004E+10 3.585E-07 1.179E-10
421 7.000 1 5.000 8.81342 7.161E+03 1.540E+10 4.651E-07 1.167E-10
871 5.000 1 5.000 8.76495 9.847E+03 4.093E+08 2.406E-05 1.134E-10
549 1.000 1 5.000 8.79981 4.871E+04 1.366E+12 3.565E-08 1.131E-10
981 3.000 1 5.000 8.75038 1.552E+04 3.653E+12 4.250E-09 1.069E-10
809 1.000 1 5.000 8.76770 4.521E+04 1.342E+12 3.368E-08 1.042E-10
36 7.000 1 5.000 9.08271 5.963E+03 1.146E+13 5.203E-10 1.032E-10
1159 7.000 1 5.000 8.72257 6.396E+03 5.438E+11 1.176E-08 1.021E-10
564 7.000 1 5.000 8.79689 6.249E+03 8.735E+09 7.154E-07 1.015E-10
825 7.000 1 5.000 8.76645 5.716E+03 4.444E+10 1.286E-07 9.218E-11
84 3.000 1 5.000 9.00337 1.260E+04 5.035E+10 2.504E-07 9.190E-11
283 3.000 1 5.000 8.84072 1.224E+04 1.673E+10 7.314E-07 8.605E-11
39 1.000 1 5.000 9.08147 3.474E+04 1.565E+13 2.220E-09 8.590E-11
344 5.000 1 5.000 8.83728 6.754E+03 8.277E+07 8.160E-05 7.908E-11
136 5.000 1 5.000 8.93121 6.326E+03 6.919E+12 9.143E-10 7.565E-11
120 5.000 1 5.000 8.95413 6.038E+03 4.017E+11 1.503E-08 7.258E-11
1161 7.000 1 5.000 8.72257 4.110E+03 6.431E+11 6.391E-09 6.564E-11
1077 5.000 1 5.000 8.74814 5.696E+03 7.499E+11 7.596E-09 6.536E-11
526 1.000 1 5.000 8.80446 2.763E+04 8.107E+11 3.408E-08 6.422E-11
448 9.000 1 5.000 8.81131 2.873E+03 4.645E+07 6.186E-05 6.020E-11
138 1.000 1 5.000 8.92870 2.429E+04 7.037E+12 3.452E-09 5.806E-11
1074 1.000 1 5.000 8.74935 2.455E+04 5.543E+12 4.429E-09 5.634E-11
417 3.000 1 5.000 8.81408 7.962E+03 1.281E+12 6.213E-09 5.563E-11
984 1.000 1 5.000 8.75036 2.295E+04 1.988E+12 1.154E-08 5.270E-11
555 1.000 1 5.000 8.79876 2.269E+04 2.636E+12 8.608E-09 5.266E-11
42 1.000 1 5.000 9.07498 2.024E+04 1.211E+13 1.671E-09 4.998E-11
1182 7.000 1 5.000 8.70719 3.057E+03 9.180E+11 3.330E-09 4.864E-11
1154 7.000 1 5.000 8.72416 2.946E+03 6.047E+12 4.872E-10 4.706E-11
158 1.000 1 5.000 8.90558 1.956E+04 5.122E+12 3.819E-09 4.652E-11
652 5.000 1 5.000 8.79395 3.908E+03 1.399E+09 2.794E-06 4.532E-11
1184 7.000 1 5.000 8.70719 2.759E+03 6.133E+11 4.498E-09 4.390E-11
986 3.000 1 5.000 8.75025 6.027E+03 6.460E+12 9.331E-10 4.150E-11
210 3.000 1 5.000 8.88165 5.602E+03 3.298E+12 1.699E-09 3.974E-11
426 5.000 1 5.000 8.81266 3.376E+03 2.856E+12 1.182E-09 3.930E-11
972 1.000 1 5.000 8.75081 1.708E+04 4.686E+11 3.645E-08 3.922E-11
289 9.000 1 5.000 8.84003 1.842E+03 1.736E+11 1.061E-08 3.886E-11
707 3.000 1 5.000 8.79168 5.517E+03 1.902E+10 2.901E-07 3.837E-11
74 7.000 1 5.000 9.01270 2.220E+03 4.260E+10 5.211E-08 3.785E-11
133 7.000 1 5.000 8.93588 2.204E+03 2.569E+12 8.578E-10 3.693E-11
91 1.000 1 5.000 9.00109 1.475E+04 1.051E+13 1.403E-09 3.584E-11
106 9.000 1 5.000 8.96092 1.623E+03 2.905E+11 5.589E-09 3.518E-11
266 1.000 1 5.000 8.84458 1.462E+04 3.582E+12 4.082E-09 3.428E-11
340 7.000 1 5.000 8.83737 2.060E+03 8.204E+04 2.511E-02 3.376E-11
1037 5.000 1 5.000 8.74945 2.926E+03 6.929E+09 4.223E-07 3.358E-11
34 5.000 1 5.000 9.08296 2.699E+03 1.127E+13 2.395E-10 3.337E-11
212 3.000 1 5.000 8.87980 4.549E+03 3.746E+12 1.214E-09 3.228E-11
532 5.000 1 5.000 8.80302 2.689E+03 9.122E+11 2.948E-09 3.126E-11
211 1.000 1 5.000 8.88061 1.322E+04 3.002E+12 4.403E-09 3.126E-11
575 1.000 1 5.000 8.79594 1.335E+04 2.354E+12 5.672E-09 3.096E-11
1153 3.000 1 5.000 8.72980 4.357E+03 4.365E+12 9.982E-10 2.987E-11
258 9.000 1 5.000 8.84585 1.370E+03 1.479E+11 9.266E-09 2.894E-11
24 5.000 1 5.000 9.13492 2.275E+03 9.961E+12 2.283E-10 2.846E-11
1155 5.000 1 5.000 8.72415 2.454E+03 4.078E+12 6.017E-10 2.800E-11
262 1.000 1 5.000 8.84497 1.192E+04 3.681E+11 3.239E-08 2.796E-11
841 7.000 1 5.000 8.76543 1.660E+03 3.298E+05 5.033E-03 2.678E-11
48 3.000 1 5.000 9.06904 3.599E+03 1.359E+13 2.647E-10 2.664E-11
87 7.000 1 5.000 9.00199 1.549E+03 4.546E+10 3.406E-08 2.635E-11
46 5.000 1 5.000 9.07199 2.035E+03 2.320E+13 8.773E-11 2.512E-11
1176 7.000 1 5.000 8.70816 1.550E+03 3.505E+12 4.422E-10 2.466E-11
196 5.000 1 5.000 8.88478 1.993E+03 6.132E+12 3.250E-10 2.358E-11
146 1.000 1 5.000 8.91475 9.851E+03 4.002E+12 2.462E-09 2.348E-11
785 7.000 1 5.000 8.77749 1.394E+03 6.538E+11 2.131E-09 2.254E-11
720 9.000 1 5.000 8.79118 1.065E+03 3.152E+06 3.378E-04 2.222E-11
795 1.000 1 5.000 8.77259 9.431E+03 6.310E+11 1.495E-08 2.176E-11
160 7.000 1 5.000 8.89386 1.308E+03 2.948E+10 4.437E-08 2.172E-11
1160 5.000 1 5.000 8.72257 1.764E+03 4.356E+11 4.049E-09 2.012E-11
339 5.000 1 5.000 8.83737 1.695E+03 2.395E+06 7.076E-04 1.985E-11
334 7.000 1 5.000 8.83744 1.087E+03 2.990E+05 3.634E-03 1.781E-11
441 9.000 1 5.000 8.81134 7.942E+02 1.027E+06 7.732E-04 1.664E-11
983 7.000 1 5.000 8.75037 1.018E+03 6.677E+12 1.524E-10 1.636E-11
234 7.000 1 5.000 8.86086 9.148E+02 1.046E+12 8.743E-10 1.508E-11
622 5.000 1 5.000 8.79560 1.274E+03 2.042E+04 6.242E-02 1.478E-11
209 5.000 1 5.000 8.88215 1.246E+03 3.472E+12 3.587E-10 1.473E-11
595 7.000 1 5.000 8.79564 8.857E+02 2.933E+05 3.020E-03 1.438E-11
415 1.000 1 5.000 8.81533 5.709E+03 1.789E+12 3.191E-09 1.330E-11
134 5.000 1 5.000 8.93439 1.100E+03 2.706E+12 4.065E-10 1.316E-11
1177 5.000 1 5.000 8.70816 1.125E+03 2.339E+12 4.811E-10 1.279E-11
250 1.000 1 5.000 8.84964 4.861E+03 1.853E+12 2.623E-09 1.142E-11
1183 5.000 1 5.000 8.70719 9.986E+02 7.583E+11 1.317E-09 1.135E-11
395 5.000 1 5.000 8.82345 9.662E+02 1.411E+12 6.850E-10 1.128E-11
1156 3.000 1 5.000 8.72413 1.636E+03 9.012E+12 1.815E-10 1.120E-11
987 7.000 1 5.000 8.75024 6.680E+02 3.176E+12 2.103E-10 1.074E-11
804 1.000 1 5.000 8.76966 4.476E+03 2.668E+12 1.678E-09 1.032E-11
503 5.000 1 5.000 8.80882 8.658E+02 1.389E+12 6.232E-10 1.007E-11
1157 5.000 1 5.000 8.72412 8.498E+02 4.608E+12 1.844E-10 9.698E-12
953 1.000 1 5.000 8.75429 4.158E+03 4.842E+11 8.587E-09 9.554E-12
588 9.000 1 5.000 8.79565 4.474E+02 9.090E+05 4.922E-04 9.342E-12
623 7.000 1 5.000 8.79560 5.536E+02 1.614E+04 3.430E-02 8.990E-12
516 3.000 1 5.000 8.80854 1.276E+03 1.499E+12 8.515E-10 8.908E-12
534 3.000 1 5.000 8.80136 1.273E+03 7.948E+11 1.601E-09 8.868E-12
657 7.000 1 5.000 8.79393 5.296E+02 6.255E+02 8.466E-01 8.596E-12
101 1.000 1 5.000 8.97941 3.526E+03 1.198E+13 2.944E-10 8.524E-12
411 1.000 1 5.000 8.81692 3.587E+03 1.023E+12 3.507E-09 8.360E-12
235 5.000 1 5.000 8.85966 6.982E+02 1.799E+12 3.882E-10 8.216E-12
696 9.000 1 5.000 8.79291 3.923E+02 1.569E+06 2.501E-04 8.186E-12
394 7.000 1 5.000 8.82416 4.491E+02 5.381E+11 8.346E-10 7.339E-12
518 3.000 1 5.000 8.80698 9.644E+02 1.521E+12 6.339E-10 6.728E-12
803 3.000 1 5.000 8.77076 9.207E+02 1.219E+12 7.551E-10 6.372E-12
929 7.000 1 5.000 8.76028 3.947E+02 8.198E+08 4.815E-07 6.358E-12
1179 5.000 1 5.000 8.70814 5.498E+02 2.721E+12 2.021E-10 6.250E-12
233 1.000 1 5.000 8.86142 2.522E+03 1.906E+12 1.324E-09 5.940E-12
335 9.000 1 5.000 8.83744 2.737E+02 2.761E+05 9.910E-04 5.768E-12
330 9.000 1 5.000 8.83749 2.699E+02 8.667E+05 3.114E-04 5.690E-12
33 3.000 1 5.000 9.08300 7.534E+02 1.137E+13 6.628E-11 5.592E-12
1178 3.000 1 5.000 8.70815 8.150E+02 5.124E+12 1.590E-10 5.558E-12
560 1.000 1 5.000 8.79799 2.330E+03 6.099E+11 3.820E-09 5.408E-12
674 7.000 1 5.000 8.79390 3.146E+02 5.014E+07 6.273E-06 5.106E-12
502 9.000 1 5.000 8.80952 2.322E+02 3.035E+06 7.653E-05 4.864E-12
639 9.000 1 5.000 8.79432 1.989E+02 7.864E+10 2.529E-09 4.150E-12
849 9.000 1 5.000 8.76536 1.997E+02 3.465E+06 5.763E-05 4.140E-12
469 3.000 1 5.000 8.81123 5.693E+02 2.869E+07 1.984E-05 3.976E-12
531 7.000 1 5.000 8.80342 2.411E+02 3.046E+11 7.914E-10 3.921E-12
641 5.000 1 5.000 8.79417 3.376E+02 2.714E+10 1.244E-08 3.916E-12
1079 7.000 1 5.000 8.74813 2.369E+02 9.527E+11 2.486E-10 3.806E-12
517 1.000 1 5.000 8.80721 1.633E+03 1.386E+12 1.178E-09 3.798E-12
65 1.000 1 5.000 9.02728 1.484E+03 2.359E+13 6.292E-11 3.626E-12
617 5.000 1 5.000 8.79561 3.056E+02 4.395E+04 6.953E-03 3.544E-12
263 3.000 1 5.000 8.84490 4.900E+02 6.180E+10 7.929E-09 3.450E-12
794 3.000 1 5.000 8.77267 4.867E+02 8.747E+11 5.564E-10 3.369E-12
784 5.000 1 5.000 8.77784 2.905E+02 7.763E+11 3.742E-10 3.356E-12
393 1.000 1 5.000 8.82489 1.400E+03 4.322E+12 3.239E-10 3.268E-12
365 9.000 1 5.000 8.83559 1.536E+02 2.870E+06 5.350E-05 3.234E-12
736 5.000 1 5.000 8.79073 2.605E+02 6.312E+08 4.126E-07 3.019E-12
947 7.000 1 5.000 8.75704 1.803E+02 3.828E+11 4.710E-10 2.902E-12
135 3.000 1 5.000 8.93331 3.872E+02 2.553E+12 1.517E-10 2.779E-12
792 5.000 1 5.000 8.77282 2.377E+02 7.419E+11 3.205E-10 2.742E-12
988 5.000 1 5.000 8.75024 2.354E+02 1.113E+13 2.116E-11 2.702E-12
963 3.000 1 5.000 8.75235 3.764E+02 7.037E+11 5.349E-10 2.594E-12
511 9.000 1 5.000 8.80857 1.158E+02 1.787E+06 6.480E-05 2.424E-12
533 5.000 1 5.000 8.80164 2.070E+02 4.352E+11 4.758E-10 2.404E-12
653 7.000 1 5.000 8.79394 1.436E+02 8.533E+06 1.682E-05 2.330E-12
946 5.000 1 5.000 8.75743 1.998E+02 4.909E+11 4.070E-10 2.297E-12
25 3.000 1 5.000 9.13384 2.911E+02 9.851E+12 2.955E-11 2.184E-12
945 3.000 1 5.000 8.75750 3.159E+02 4.311E+11 7.330E-10 2.179E-12
675 9.000 1 5.000 8.79390 1.033E+02 1.499E+06 6.891E-05 2.156E-12
719 7.000 1 5.000 8.79118 1.205E+02 3.096E+06 3.893E-05 1.955E-12
680 9.000 1 5.000 8.79388 9.180E+01 2.604E+06 3.525E-05 1.916E-12
497 9.000 1 5.000 8.80955 8.922E+01 1.665E+06 5.357E-05 1.869E-12
837 7.000 1 5.000 8.76548 1.143E+02 7.698E+04 1.485E-03 1.843E-12
619 7.000 1 5.000 8.79561 1.072E+02 8.122E+04 1.319E-03 1.740E-12
377 9.000 1 5.000 8.83466 7.976E+01 1.454E+06 5.484E-05 1.680E-12
870 7.000 1 5.000 8.76496 1.032E+02 3.671E+08 2.811E-07 1.664E-12
1047 7.000 1 5.000 8.74942 1.028E+02 2.976E+09 3.453E-08 1.652E-12
488 7.000 1 5.000 8.80960 9.906E+01 1.288E+02 7.692E-01 1.614E-12
786 5.000 1 5.000 8.77704 1.302E+02 1.497E+12 8.694E-11 1.504E-12
1012 9.000 1 5.000 8.74986 7.201E+01 9.254E+09 7.782E-09 1.488E-12
398 3.000 1 5.000 8.82189 1.938E+02 1.060E+12 1.828E-10 1.357E-12
482 5.000 1 5.000 8.80963 1.161E+02 3.418E+08 3.396E-07 1.351E-12
928 5.000 1 5.000 8.76028 1.161E+02 1.334E+08 8.700E-07 1.336E-12
961 5.000 1 5.000 8.75243 1.123E+02 4.340E+11 2.587E-10 1.290E-12
823 1.000 1 5.000 8.76649 5.577E+02 1.045E+12 5.335E-10 1.285E-12
236 5.000 1 5.000 8.85856 9.892E+01 2.538E+12 3.897E-11 1.164E-12
948 5.000 1 5.000 8.75682 9.806E+01 8.280E+11 1.184E-10 1.127E-12
725 3.000 1 5.000 8.79107 1.580E+02 8.724E+08 1.812E-07 1.099E-12
207 9.000 1 5.000 8.88318 4.980E+01 2.459E+08 2.026E-07 1.061E-12
644 3.000 1 5.000 8.79406 1.301E+02 2.818E+07 4.617E-06 9.050E-13
239 1.000 1 5.000 8.85636 3.654E+02 3.348E+12 1.091E-10 8.594E-13
915 7.000 1 5.000 8.76036 5.334E+01 2.273E+08 2.346E-07 8.592E-13
974 3.000 1 5.000 8.75077 1.215E+02 1.086E+12 1.119E-10 8.372E-13
238 3.000 1 5.000 8.85708 1.171E+02 3.214E+12 3.642E-11 8.262E-13
693 7.000 1 5.000 8.79291 4.983E+01 2.897E+06 1.720E-05 8.086E-13
397 5.000 1 5.000 8.82229 6.857E+01 8.712E+11 7.870E-11 8.001E-13
802 3.000 1 5.000 8.77111 1.136E+02 7.675E+11 1.481E-10 7.866E-13
771 7.000 1 5.000 8.78604 4.821E+01 1.638E+07 2.944E-06 7.812E-13
916 9.000 1 5.000 8.76036 3.714E+01 9.155E+06 4.057E-06 7.692E-13
1105 9.000 1 5.000 8.74486 3.696E+01 1.044E+10 3.540E-09 7.626E-13
999 7.000 1 5.000 8.74991 4.744E+01 4.189E+09 1.133E-08 7.624E-13
237 3.000 1 5.000 8.85840 1.055E+02 1.300E+12 8.120E-11 7.448E-13
1086 1.000 1 5.000 8.74795 3.155E+02 6.907E+12 4.568E-11 7.240E-13
356 7.000 1 5.000 8.83576 4.277E+01 8.923E+04 4.793E-04 7.010E-13
541 3.000 1 5.000 8.80058 9.724E+01 6.047E+11 1.608E-10 6.774E-13
1024 1.000 1 5.000 8.74963 2.903E+02 2.368E+11 1.226E-09 6.664E-13
712 7.000 1 5.000 8.79139 3.946E+01 5.549E+07 7.111E-07 6.402E-13
310 5.000 1 5.000 8.83862 5.289E+01 6.382E+08 8.288E-08 6.194E-13
477 3.000 1 5.000 8.81003 8.611E+01 3.638E+10 2.367E-09 6.011E-13
764 9.000 1 5.000 8.78620 2.839E+01 8.319E+06 3.413E-06 5.914E-13
371 9.000 1 5.000 8.83478 2.787E+01 3.564E+08 7.819E-08 5.870E-13
734 7.000 1 5.000 8.79083 3.489E+01 1.068E+06 3.267E-05 5.660E-13
362 9.000 1 5.000 8.83563 2.517E+01 1.399E+06 1.799E-05 5.304E-13
596 9.000 1 5.000 8.79564 2.528E+01 2.771E+05 9.123E-05 5.278E-13
694 9.000 1 5.000 8.79291 2.496E+01 2.243E+06 1.113E-05 5.206E-13
363 9.000 1 5.000 8.83563 2.461E+01 6.297E+08 3.908E-08 5.184E-13
203 9.000 1 5.000 8.88397 2.373E+01 8.338E+08 2.846E-08 5.054E-13
866 5.000 1 5.000 8.76498 4.221E+01 2.643E+06 1.597E-05 4.861E-13
625 3.000 1 5.000 8.79558 6.247E+01 2.686E+04 2.325E-03 4.346E-13
493 9.000 1 5.000 8.80957 1.896E+01 4.293E+08 4.416E-08 3.970E-13
506 9.000 1 5.000 8.80866 1.862E+01 2.090E+08 8.911E-08 3.900E-13
770 5.000 1 5.000 8.78604 3.348E+01 8.988E+06 3.725E-06 3.874E-13
361 7.000 1 5.000 8.83563 2.239E+01 1.547E+06 1.447E-05 3.668E-13
783 3.000 1 5.000 8.77794 5.083E+01 7.397E+11 6.872E-11 3.523E-13
848 7.000 1 5.000 8.76536 2.107E+01 3.436E+06 6.132E-06 3.398E-13
738 9.000 1 5.000 8.79069 1.621E+01 2.451E+06 6.613E-06 3.382E-13
666 9.000 1 5.000 8.79391 1.544E+01 2.938E+08 5.257E-08 3.224E-13
836 5.000 1 5.000 8.76548 2.720E+01 1.029E+05 2.643E-04 3.134E-13
691 9.000 1 5.000 8.79297 1.411E+01 1.489E+08 9.479E-08 2.944E-13
1152 1.000 1 5.000 8.73016 1.218E+02 1.356E+13 8.984E-12 2.784E-13
509 9.000 1 5.000 8.80857 1.294E+01 2.710E+06 4.776E-06 2.710E-13
483 7.000 1 5.000 8.80963 1.584E+01 9.847E+04 1.609E-04 2.580E-13
1082 9.000 1 5.000 8.74807 1.184E+01 2.703E+11 4.382E-11 2.446E-13
375 9.000 1 5.000 8.83466 1.108E+01 2.708E+06 4.094E-06 2.334E-13
399 3.000 1 5.000 8.82112 2.892E+01 1.368E+12 2.115E-11 2.024E-13
548 1.000 1 5.000 8.80025 8.603E+01 1.031E+12 8.347E-11 1.998E-13
782 9.000 1 5.000 8.78450 9.552E+00 8.177E+06 1.168E-06 1.989E-13
1040 7.000 1 5.000 8.74944 1.180E+01 3.014E+10 3.916E-10 1.896E-13
400 1.000 1 5.000 8.82058 7.871E+01 1.768E+12 4.452E-11 1.836E-13
467 7.000 1 5.000 8.81126 1.116E+01 1.025E+02 1.089E-01 1.819E-13
324 9.000 1 5.000 8.83774 8.452E+00 2.127E+08 3.974E-08 1.782E-13
457 7.000 1 5.000 8.81128 1.079E+01 7.269E+01 1.484E-01 1.758E-13
1122 7.000 1 5.000 8.74483 1.078E+01 2.631E+09 4.097E-09 1.730E-13
1173 1.000 1 5.000 8.71180 7.594E+01 7.282E+12 1.043E-11 1.728E-13
183 9.000 1 5.000 8.88651 7.448E+00 1.930E+08 3.858E-08 1.587E-13
900 1.000 1 5.000 8.76190 6.758E+01 2.106E+12 3.208E-11 1.556E-13
432 9.000 1 5.000 8.81150 7.353E+00 1.697E+08 4.333E-08 1.541E-13
496 7.000 1 5.000 8.80955 9.341E+00 1.844E+06 5.067E-06 1.522E-13
867 7.000 1 5.000 8.76498 8.558E+00 2.641E+06 3.241E-06 1.380E-13
581 9.000 1 5.000 8.79576 6.491E+00 1.342E+08 4.839E-08 1.355E-13
343 3.000 1 5.000 8.83728 1.908E+01 2.802E+04 6.811E-04 1.341E-13
941 9.000 1 5.000 8.75871 6.002E+00 9.157E+06 6.555E-07 1.243E-13
1104 7.000 1 5.000 8.74486 7.699E+00 1.049E+10 7.338E-10 1.236E-13
1011 7.000 1 5.000 8.74987 7.280E+00 9.547E+09 7.626E-10 1.170E-13
817 9.000 1 5.000 8.76692 5.611E+00 4.483E+10 1.252E-10 1.164E-13
925 7.000 1 5.000 8.76030 6.696E+00 2.688E+04 2.491E-04 1.078E-13
980 9.000 1 5.000 8.75062 4.924E+00 4.786E+11 1.029E-11 1.018E-13
874 7.000 1 5.000 8.76493 5.944E+00 7.370E+04 8.066E-05 9.586E-14
626 5.000 1 5.000 8.79558 7.588E+00 8.807E+04 8.616E-05 8.800E-14
1139 9.000 1 5.000 8.74323 3.776E+00 1.378E+10 2.741E-10 7.790E-14
1148 3.000 1 5.000 8.73492 1.086E+01 2.260E+12 4.807E-12 7.456E-14
508 7.000 1 5.000 8.80857 3.426E+00 3.471E+06 9.870E-07 5.580E-14
711 5.000 1 5.000 8.79139 4.722E+00 2.904E+07 1.626E-07 5.472E-14
185 9.000 1 5.000 8.88631 2.454E+00 3.671E+08 6.687E-09 5.230E-14
326 9.000 1 5.000 8.83760 2.456E+00 3.983E+08 6.166E-09 5.176E-14
723 9.000 1 5.000 8.79110 2.216E+00 5.573E+06 3.975E-07 4.620E-14
1039 5.000 1 5.000 8.74944 4.016E+00 2.655E+10 1.513E-10 4.610E-14
733 5.000 1 5.000 8.79083 3.924E+00 1.188E+06 3.303E-06 4.548E-14
436 9.000 1 5.000 8.81142 2.127E+00 2.965E+08 7.173E-09 4.456E-14
373 9.000 1 5.000 8.83470 2.012E+00 1.705E+09 1.180E-09 4.238E-14
609 7.000 1 5.000 8.79562 2.603E+00 6.332E+03 4.110E-04 4.226E-14
879 9.000 1 5.000 8.76488 1.639E+00 2.756E+06 5.947E-07 3.398E-14
583 9.000 1 5.000 8.79570 1.509E+00 3.225E+08 4.679E-09 3.150E-14
1080 7.000 1 5.000 8.74807 1.917E+00 2.697E+11 7.108E-12 3.078E-14
995 7.000 1 5.000 8.74993 1.879E+00 7.369E+10 2.549E-11 3.018E-14
374 7.000 1 5.000 8.83466 1.589E+00 3.229E+06 4.919E-07 2.602E-14
1149 1.000 1 5.000 8.73436 1.073E+01 3.554E+12 3.019E-12 2.456E-14
59 9.000 1 5.000 9.03481 1.095E+00 2.110E+13 5.189E-14 2.412E-14
912 9.000 1 5.000 8.76039 1.050E+00 8.052E+06 1.304E-07 2.176E-14
854 9.000 1 5.000 8.76531 9.033E-01 6.145E+06 1.470E-07 1.873E-14
762 9.000 1 5.000 8.78624 8.428E-01 7.336E+06 1.149E-07 1.756E-14
1126 5.000 1 5.000 8.74481 1.493E+00 1.672E+10 8.928E-11 1.712E-14
1102 9.000 1 5.000 8.74488 6.462E-01 6.646E+09 9.723E-11 1.334E-14
863 5.000 1 5.000 8.76505 1.119E+00 7.870E+04 1.422E-05 1.289E-14
862 3.000 1 5.000 8.76505 1.832E+00 2.704E+04 6.775E-05 1.266E-14
355 5.000 1 5.000 8.83577 9.817E-01 2.826E+04 3.473E-05 1.149E-14
466 5.000 1 5.000 8.81126 8.922E-01 9.028E+01 9.883E-03 1.038E-14
1019 9.000 1 5.000 8.74984 4.996E-01 2.300E+10 2.172E-11 1.032E-14
869 7.000 1 5.000 8.76496 6.243E-01 1.210E+06 5.160E-07 1.007E-14
215 9.000 1 5.000 8.86989 4.109E-01 5.367E+12 7.656E-14 8.724E-15
994 5.000 1 5.000 8.74993 7.006E-01 6.278E+10 1.116E-11 8.042E-15
737 7.000 1 5.000 8.79069 4.763E-01 2.600E+06 1.832E-07 7.724E-15
937 9.000 1 5.000 8.75872 3.579E-01 7.693E+06 4.652E-08 7.410E-15
624 1.000 1 5.000 8.79560 3.076E+00 9.486E+06 3.243E-07 7.134E-15
781 7.000 1 5.000 8.78451 4.247E-01 8.330E+06 5.099E-08 6.880E-15
291 1.000 1 5.000 8.83989 2.814E+00 2.009E+10 1.401E-10 6.594E-15
868 5.000 1 5.000 8.76497 5.510E-01 1.350E+06 4.082E-07 6.346E-15
1081 9.000 1 5.000 8.74807 2.896E-01 1.891E+11 1.531E-12 5.980E-15
1058 9.000 1 5.000 8.74939 2.853E-01 1.417E+10 2.013E-11 5.896E-15
1136 9.000 1 5.000 8.74323 2.567E-01 1.276E+10 2.012E-11 5.296E-15
194 1.000 1 5.000 8.88552 1.929E+00 2.136E+07 9.032E-08 4.568E-15
345 1.000 1 5.000 8.83727 1.942E+00 1.833E+07 1.059E-07 4.548E-15
53 3.000 1 5.000 9.03767 6.088E-01 1.142E+13 5.331E-14 4.473E-15
315 9.000 1 5.000 8.83833 2.053E-01 9.387E+08 2.187E-10 4.328E-15
939 7.000 1 5.000 8.75871 2.612E-01 9.311E+06 2.805E-08 4.204E-15
779 9.000 1 5.000 8.78451 1.832E-01 6.930E+06 2.644E-08 3.816E-15
468 1.000 1 5.000 8.81124 1.548E+00 1.331E+07 1.163E-07 3.602E-15
713 1.000 1 5.000 8.79134 1.529E+00 3.046E+09 5.020E-10 3.542E-15
1138 7.000 1 5.000 8.74323 2.050E-01 1.387E+10 1.478E-11 3.290E-15
801 1.000 1 5.000 8.77120 1.413E+00 7.590E+11 1.862E-12 3.260E-15
521 9.000 1 5.000 8.80540 1.524E-01 2.189E+12 6.964E-14 3.190E-15
1170 3.000 1 5.000 8.71468 4.544E-01 1.271E+12 3.577E-13 3.105E-15
730 5.000 1 5.000 8.79099 2.032E-01 5.688E+07 3.572E-09 2.354E-15
1031 3.000 1 5.000 8.74949 3.121E-01 8.271E+10 3.773E-12 2.149E-15
309 9.000 1 5.000 8.83884 9.712E-02 1.418E+09 6.852E-11 2.048E-15
650 9.000 1 5.000 8.79398 7.690E-02 3.193E+08 2.408E-10 1.605E-15
745 9.000 1 5.000 8.79055 7.644E-02 9.013E+08 8.481E-11 1.594E-15
1032 5.000 1 5.000 8.74949 1.388E-01 6.142E+10 2.259E-12 1.592E-15
790 9.000 1 5.000 8.77295 6.583E-02 1.099E+12 5.989E-14 1.367E-15
481 9.000 1 5.000 8.80968 6.442E-02 4.681E+08 1.376E-10 1.349E-15
1072 9.000 1 5.000 8.74936 4.871E-02 2.875E+10 1.694E-12 1.006E-15
354 9.000 1 5.000 8.83583 4.546E-02 6.836E+08 6.649E-11 9.578E-16
577 9.000 1 5.000 8.79578 4.332E-02 9.473E+08 4.573E-11 9.046E-16
885 9.000 1 5.000 8.76484 4.252E-02 6.070E+08 7.005E-11 8.814E-16
891 9.000 1 5.000 8.76483 3.697E-02 4.301E+06 8.595E-09 7.662E-16
954 9.000 1 5.000 8.75426 3.468E-02 6.021E+11 5.760E-14 7.172E-16
728 9.000 1 5.000 8.79106 3.178E-02 1.133E+09 2.804E-11 6.626E-16
1051 9.000 1 5.000 8.74941 2.754E-02 2.822E+11 9.760E-14 5.692E-16
878 7.000 1 5.000 8.76488 2.523E-02 2.878E+06 8.768E-09 4.069E-16
853 9.000 1 5.000 8.76532 1.954E-02 8.231E+08 2.375E-11 4.052E-16
1127 7.000 1 5.000 8.74481 2.177E-02 1.793E+10 1.214E-12 3.494E-16
1018 9.000 1 5.000 8.74985 1.387E-02 1.323E+11 1.048E-13 2.864E-16
1171 1.000 1 5.000 8.71438 8.474E-02 1.962E+12 4.320E-14 1.930E-16
763 7.000 1 5.000 8.78620 1.141E-02 8.331E+06 1.370E-09 1.849E-16
200 9.000 1 5.000 8.88436 8.521E-03 9.063E+08 9.402E-12 1.815E-16
1042 9.000 1 5.000 8.74944 6.608E-03 3.456E+08 1.912E-11 1.365E-16
1185 9.000 1 5.000 8.70714 6.406E-03 1.540E+11 4.160E-14 1.310E-16
729 3.000 1 5.000 8.79099 1.829E-02 1.211E+08 1.511E-10 1.272E-16
1162 9.000 1 5.000 8.72249 5.577E-03 1.337E+11 4.171E-14 1.145E-16
494 9.000 1 5.000 8.80956 4.552E-03 2.182E+04 2.086E-07 9.534E-17
658 9.000 1 5.000 8.79393 3.514E-03 1.025E+04 3.427E-07 7.334E-17
388 9.000 1 5.000 8.83252 2.217E-03 1.854E+09 1.195E-12 4.666E-17
741 9.000 1 5.000 8.79061 2.187E-03 3.886E+06 5.627E-10 4.560E-17
669 9.000 1 5.000 8.79390 2.037E-03 7.171E+03 2.840E-07 4.252E-17
1158 9.000 1 5.000 8.72257 1.868E-03 7.274E+11 2.568E-15 3.834E-17
1041 7.000 1 5.000 8.74944 1.939E-03 3.210E+08 6.039E-12 3.116E-17
1181 9.000 1 5.000 8.70719 1.287E-03 6.985E+11 1.842E-15 2.634E-17
1186 7.000 1 5.000 8.70714 1.641E-03 2.020E+11 8.124E-15 2.612E-17
776 9.000 1 5.000 8.78462 1.006E-03 1.586E+09 6.343E-13 2.094E-17
1188 9.000 1 5.000 8.70714 9.541E-04 2.040E+11 4.677E-15 1.952E-17
489 9.000 1 5.000 8.80960 7.727E-04 7.019E+01 1.101E-05 1.618E-17
934 9.000 1 5.000 8.75880 6.269E-04 1.147E+09 5.466E-13 1.298E-17
1133 9.000 1 5.000 8.74329 4.078E-04 6.474E+10 6.299E-15 8.412E-18
1163 7.000 1 5.000 8.72249 4.984E-04 1.605E+11 3.106E-15 7.958E-18
1057 7.000 1 5.000 8.74939 4.853E-04 1.653E+10 2.936E-14 7.797E-18
757 9.000 1 5.000 8.78650 3.546E-04 1.523E+09 2.328E-13 7.386E-18
857 1.000 1 5.000 8.76527 3.071E-03 6.362E+09 4.827E-13 7.076E-18
1001 9.000 1 5.000 8.74990 3.349E-04 1.661E+08 2.017E-12 6.918E-18
383 9.000 1 5.000 8.83404 2.992E-04 1.711E+09 1.749E-13 6.302E-18
1165 9.000 1 5.000 8.72249 2.923E-04 1.619E+11 1.806E-15 6.002E-18
1078 9.000 1 5.000 8.74813 2.059E-04 1.045E+12 1.970E-16 4.252E-18
906 9.000 1 5.000 8.76055 1.660E-04 1.103E+09 1.505E-13 3.438E-18
1096 9.000 1 5.000 8.74498 1.153E-04 6.542E+10 1.763E-15 2.380E-18
1049 9.000 1 5.000 8.74941 7.166E-05 6.227E+08 1.151E-13 1.480E-18
610 9.000 1 5.000 8.79562 4.592E-05 1.170E+02 3.925E-07 9.588E-19
1048 9.000 1 5.000 8.74942 2.218E-05 3.080E+09 7.201E-15 4.582E-19
888 9.000 1 5.000 8.76484 1.947E-05 7.095E+08 2.744E-14 4.036E-19
320 9.000 1 5.000 8.83826 1.636E-05 1.144E+09 1.430E-14 3.448E-19
618 9.000 1 5.000 8.79561 1.474E-05 1.598E-01 9.229E-05 3.078E-19
601 9.000 1 5.000 8.79563 1.391E-05 1.167E+03 1.192E-08 2.906E-19
458 9.000 1 5.000 8.81128 1.303E-05 9.306E+01 1.401E-07 2.732E-19
875 9.000 1 5.000 8.76493 1.290E-05 5.432E+04 2.375E-10 2.674E-19
842 9.000 1 5.000 8.76543 8.880E-06 1.206E+02 7.364E-08 1.841E-19
455 9.000 1 5.000 8.81131 7.168E-06 8.497E+02 8.435E-09 1.502E-19
697 9.000 1 5.000 8.79291 5.144E-06 1.184E+04 4.344E-10 1.073E-19
512 9.000 1 5.000 8.80857 3.768E-06 8.635E+03 4.363E-10 7.890E-20
616 7.000 1 5.000 8.79561 3.307E-06 1.872E-01 1.767E-05 5.370E-20
1118 9.000 1 5.000 8.74483 2.259E-06 2.691E+08 8.395E-15 4.660E-20
1000 9.000 1 5.000 8.74991 1.513E-06 4.193E+09 3.609E-16 3.128E-20
607 9.000 1 5.000 8.79562 1.176E-06 1.259E-01 9.336E-06 2.454E-20
744 9.000 1 5.000 8.79057 1.035E-06 9.771E+08 1.059E-15 2.158E-20
914 9.000 1 5.000 8.76037 9.256E-07 1.056E+09 8.767E-16 1.917E-20
1103 9.000 1 5.000 8.74487 7.479E-07 8.540E+10 8.757E-18 1.543E-20
766 9.000 1 5.000 8.78617 5.069E-07 1.461E+09 3.469E-16 1.056E-20
660 9.000 1 5.000 8.79392 4.290E-07 5.977E-02 7.178E-06 8.954E-21
1009 9.000 1 5.000 8.74987 1.762E-07 1.701E+09 1.036E-16 3.642E-21
294 9.000 1 5.000 8.83978 1.411E-07 1.690E+09 8.352E-17 2.976E-21
846 9.000 1 5.000 8.76537 2.511E-08 9.761E+03 2.572E-12 5.206E-22
992 9.000 1 5.000 8.75000 2.370E-08 2.374E+10 9.983E-19 4.896E-22
710 9.000 1 5.000 8.79154 1.882E-08 1.432E+09 1.314E-17 3.926E-22
926 9.000 1 5.000 8.76030 1.391E-08 2.702E+04 5.149E-13 2.882E-22
1068 9.000 1 5.000 8.74937 1.267E-08 1.134E+11 1.117E-19 2.616E-22
1123 9.000 1 5.000 8.74483 7.680E-09 2.645E+09 2.904E-18 1.585E-22
835 9.000 1 5.000 8.76558 5.119E-09 1.031E+09 4.964E-18 1.061E-22
1144 9.000 1 5.000 8.74323 3.028E-09 3.413E+09 8.871E-19 6.246E-23
943 9.000 1 5.000 8.75871 2.866E-09 2.461E+04 1.164E-13 5.932E-23
1059 9.000 1 5.000 8.74939 3.791E-10 3.379E+09 1.122E-19 7.832E-24
876 9.000 1 5.000 8.76489 2.993E-11 8.327E+03 3.595E-15 6.206E-25
919 9.000 1 5.000 8.76035 3.378E-12 7.273E+04 4.644E-17 6.994E-26
1110 9.000 1 5.000 8.74485 1.736E-13 2.987E+09 5.810E-23 3.580E-27
1190 9.000 1 5.000 8.70713 3.479E-14 4.815E+10 7.225E-25 7.118E-28
1167 9.000 1 5.000 8.72249 2.872E-14 4.080E+10 7.040E-25 5.898E-28
