!@# 6 2.00 4.00 10.0 30.0 100. 300.
i j E(eV) a0 a1 a2
1 50 871.446798 1.008E-10 1.124E+02 -3.011E+00
3 50 217.916217 5.850E-13 5.817E+01 -2.624E+00
6 50 96.832306 3.961E-14 2.033E+01 -2.419E+00
11 50 54.459836 9.774E-15 9.606E+00 -2.340E+00
18 50 34.850517 3.849E-15 5.331E+00 -2.299E+00
27 50 24.199853 1.918E-15 3.268E+00 -2.275E+00
38 50 17.778467 1.221E-15 2.616E+00 -2.279E+00
2 50 217.925269 8.148E-11 3.727E+01 -3.567E+00
5 50 96.834988 4.035E-12 3.661E+01 -3.293E+00
10 50 54.460967 3.873E-13 2.353E+01 -3.068E+00
17 50 34.851095 7.822E-14 1.567E+01 -2.922E+00
26 50 24.200188 2.457E-14 1.105E+01 -2.823E+00
37 50 17.778678 1.119E-14 8.608E+00 -2.772E+00
4 50 217.738970 8.222E-11 3.726E+01 -3.570E+00
8 50 96.779776 4.064E-12 3.658E+01 -3.295E+00
13 50 54.437671 3.904E-13 2.352E+01 -3.070E+00
20 50 34.839162 7.884E-14 1.568E+01 -2.924E+00
29 50 24.193273 2.469E-14 1.104E+01 -2.825E+00
40 50 17.774312 1.135E-14 8.647E+00 -2.775E+00
7 50 96.779869 2.474E-10 2.593E+01 -4.282E+00
12 50 54.437710 3.533E-11 2.831E+01 -4.070E+00
19 50 34.839181 5.531E-12 2.345E+01 -3.869E+00
28 50 24.193284 1.239E-12 1.887E+01 -3.710E+00
39 50 17.774317 3.649E-13 1.528E+01 -3.581E+00
9 50 96.761496 2.489E-10 2.595E+01 -4.283E+00
15 50 54.429955 3.556E-11 2.832E+01 -4.072E+00
22 50 34.835203 5.558E-12 2.346E+01 -3.870E+00
31 50 24.190970 1.232E-12 1.884E+01 -3.709E+00
42 50 17.772845 3.707E-13 1.534E+01 -3.584E+00
14 50 54.429969 8.427E-10 2.067E+01 -5.042E+00
21 50 34.835209 2.476E-10 2.303E+01 -4.879E+00
30 50 24.190972 6.443E-11 2.151E+01 -4.719E+00
41 50 17.772846 1.435E-11 1.846E+01 -4.527E+00
16 50 54.426094 8.464E-10 2.068E+01 -5.043E+00
24 50 34.833221 2.478E-10 2.302E+01 -4.879E+00
33 50 24.189812 6.401E-11 2.149E+01 -4.718E+00
43 50 17.772100 1.442E-11 1.848E+01 -4.528E+00
23 50 34.833223 2.959E-09 1.744E+01 -5.847E+00
32 50 24.189812 1.485E-09 1.942E+01 -5.722E+00
44 50 17.772099 4.902E-10 1.876E+01 -5.566E+00
25 50 34.832035 2.953E-09 1.743E+01 -5.847E+00
34 50 24.189120 1.551E-09 1.953E+01 -5.730E+00
45 50 17.771652 4.715E-10 1.867E+01 -5.560E+00
35 50 24.189120 9.309E-09 1.496E+01 -6.675E+00
46 50 17.771651 2.053E-08 1.852E+01 -6.783E+00
36 50 24.188661 1.064E-08 1.522E+01 -6.701E+00
47 50 17.771357 1.896E-08 1.834E+01 -6.769E+00
48 50 17.771356 1.751E-07 1.590E+01 -7.887E+00
49 50 17.771150 2.173E-07 1.620E+01 -7.929E+00
