j g(j) i g(i) wl A A+A^a A/(A+A^a) f
20 4.000 1 2.000 11.7700 1.543E+13 1.841E+13 8.381E-01 6.420E-01
32 4.000 1 2.000 11.4270 4.858E+12 4.939E+12 9.834E-01 1.905E-01
129 4.000 1 2.000 8.98244 5.213E+12 7.896E+12 6.601E-01 1.262E-01
29 2.000 1 2.000 11.4900 6.075E+12 6.668E+12 9.110E-01 1.203E-01
28 4.000 1 2.000 11.4900 2.274E+12 3.137E+12 7.250E-01 9.025E-02
141 4.000 1 2.000 8.72039 2.838E+12 3.710E+12 7.648E-01 6.470E-02
226 4.000 1 2.000 8.09759 2.441E+12 4.239E+12 5.758E-01 4.800E-02
34 4.000 1 2.000 11.3801 9.793E+11 3.873E+12 2.529E-01 3.803E-02
140 2.000 1 2.000 8.72821 3.257E+12 4.116E+12 7.914E-01 3.720E-02
136 4.000 1 2.000 8.74385 1.404E+12 2.591E+12 5.416E-01 3.218E-02
37 4.000 1 2.000 11.3557 7.820E+11 3.447E+12 2.269E-01 3.024E-02
44 2.000 1 2.000 11.2576 1.557E+12 9.182E+12 1.696E-01 2.959E-02
25 2.000 1 2.000 11.5918 1.400E+12 1.595E+12 8.776E-01 2.820E-02
252 4.000 1 2.000 7.86944 1.404E+12 2.142E+12 6.556E-01 2.608E-02
279 4.000 1 2.000 7.68754 1.425E+12 2.507E+12 5.683E-01 2.525E-02
26 4.000 1 2.000 11.5546 6.303E+11 1.265E+12 4.983E-01 2.523E-02
16 2.000 1 2.000 12.3331 8.015E+11 2.511E+12 3.191E-01 1.828E-02
61 4.000 1 2.000 10.9859 4.898E+11 2.619E+12 1.870E-01 1.773E-02
251 2.000 1 2.000 7.87173 1.810E+12 2.512E+12 7.206E-01 1.682E-02
57 2.000 1 2.000 11.0287 9.010E+11 3.556E+12 2.533E-01 1.643E-02
111 4.000 1 2.000 10.3460 4.760E+11 1.478E+13 3.222E-02 1.528E-02
339 4.000 1 2.000 7.46017 8.633E+11 1.569E+12 5.502E-01 1.441E-02
66 2.000 1 2.000 10.8066 5.690E+11 3.504E+12 1.624E-01 9.965E-03
246 4.000 1 2.000 7.87917 5.083E+11 1.373E+12 3.702E-01 9.460E-03
389 4.000 1 2.000 7.31995 5.728E+11 1.073E+12 5.338E-01 9.205E-03
134 2.000 1 2.000 8.76908 7.495E+11 1.645E+12 4.556E-01 8.640E-03
72 4.000 1 2.000 10.7591 2.482E+11 3.249E+12 7.641E-02 8.615E-03
63 2.000 1 2.000 10.9285 4.661E+11 1.150E+12 4.051E-01 8.345E-03
319 4.000 1 2.000 7.47597 4.930E+11 1.711E+12 2.881E-01 8.260E-03
318 2.000 1 2.000 7.47694 9.825E+11 1.603E+12 6.130E-01 8.235E-03
171 4.000 1 2.000 8.44428 3.683E+11 2.200E+12 1.674E-01 7.875E-03
245 4.000 1 2.000 7.89197 4.093E+11 1.076E+12 3.802E-01 7.640E-03
416 4.000 1 2.000 7.25857 4.500E+11 8.155E+11 5.518E-01 7.110E-03
304 4.000 1 2.000 7.49597 3.665E+11 9.055E+11 4.048E-01 6.175E-03
430 4.000 1 2.000 7.22691 3.903E+11 7.498E+11 5.205E-01 6.110E-03
322 4.000 1 2.000 7.47410 3.590E+11 1.969E+12 1.823E-01 6.015E-03
415 2.000 1 2.000 7.25912 6.515E+11 1.015E+12 6.416E-01 5.150E-03
31 2.000 1 2.000 11.4573 2.598E+11 4.640E+11 5.599E-01 5.115E-03
172 2.000 1 2.000 8.43913 4.735E+11 1.614E+12 2.933E-01 5.055E-03
243 2.000 1 2.000 7.89843 4.782E+11 1.179E+12 4.057E-01 4.472E-03
455 4.000 1 2.000 7.16188 2.850E+11 5.622E+11 5.070E-01 4.382E-03
168 4.000 1 2.000 8.45500 2.029E+11 1.845E+12 1.100E-01 4.350E-03
396 4.000 1 2.000 7.27638 2.725E+11 6.375E+11 4.274E-01 4.325E-03
135 4.000 1 2.000 8.75340 1.733E+11 1.007E+12 1.721E-01 3.983E-03
169 2.000 1 2.000 8.45412 3.607E+11 2.417E+12 1.492E-01 3.866E-03
126 2.000 1 2.000 9.10447 3.046E+11 1.594E+12 1.911E-01 3.785E-03
565 4.000 1 2.000 7.03546 2.318E+11 4.591E+11 5.049E-01 3.440E-03
495 4.000 1 2.000 7.11455 2.242E+11 4.486E+11 4.999E-01 3.404E-03
476 4.000 1 2.000 7.12484 2.201E+11 6.595E+11 3.337E-01 3.350E-03
286 4.000 1 2.000 7.64092 1.866E+11 1.361E+12 1.371E-01 3.266E-03
213 4.000 1 2.000 8.16979 1.619E+11 7.806E+12 2.074E-02 3.241E-03
310 4.000 1 2.000 7.48598 1.799E+11 1.095E+12 1.643E-01 3.023E-03
408 4.000 1 2.000 7.26150 1.767E+11 6.248E+11 2.828E-01 2.794E-03
477 2.000 1 2.000 7.12479 3.526E+11 7.927E+11 4.448E-01 2.684E-03
520 4.000 1 2.000 7.07900 1.770E+11 3.842E+11 4.607E-01 2.660E-03
85 4.000 1 2.000 10.5935 7.790E+10 1.264E+12 6.163E-02 2.622E-03
610 4.000 1 2.000 6.97336 1.756E+11 3.594E+11 4.886E-01 2.561E-03
463 4.000 1 2.000 7.14111 1.633E+11 4.510E+11 3.620E-01 2.497E-03
473 4.000 1 2.000 7.12681 1.556E+11 5.620E+11 2.769E-01 2.370E-03
564 2.000 1 2.000 7.03571 3.098E+11 5.297E+11 5.848E-01 2.299E-03
137 2.000 1 2.000 8.73089 1.898E+11 1.256E+12 1.511E-01 2.169E-03
117 2.000 1 2.000 10.2467 1.330E+11 1.515E+13 8.781E-03 2.094E-03
302 2.000 1 2.000 7.49841 2.448E+11 8.002E+11 3.060E-01 2.064E-03
156 2.000 1 2.000 8.64032 1.812E+11 4.400E+12 4.117E-02 2.027E-03
666 4.000 1 2.000 6.92813 1.293E+11 4.193E+11 3.084E-01 1.862E-03
284 2.000 1 2.000 7.64485 2.030E+11 1.443E+12 1.407E-01 1.779E-03
283 4.000 1 2.000 7.64522 1.015E+11 1.198E+12 8.471E-02 1.779E-03
287 2.000 1 2.000 7.63755 2.034E+11 1.059E+12 1.921E-01 1.778E-03
395 2.000 1 2.000 7.27820 2.110E+11 5.697E+11 3.704E-01 1.676E-03
549 4.000 1 2.000 7.05172 1.114E+11 3.195E+11 3.486E-01 1.661E-03
104 2.000 1 2.000 10.4188 9.940E+10 8.172E+12 1.216E-02 1.618E-03
716 4.000 1 2.000 6.89415 1.089E+11 3.308E+11 3.292E-01 1.552E-03
398 4.000 1 2.000 7.27117 9.360E+10 9.248E+11 1.012E-01 1.484E-03
403 4.000 1 2.000 7.26861 9.295E+10 8.973E+11 1.036E-01 1.473E-03
592 4.000 1 2.000 6.98919 9.175E+10 2.660E+11 3.450E-01 1.344E-03
216 2.000 1 2.000 8.14542 1.336E+11 9.321E+11 1.433E-01 1.329E-03
187 4.000 1 2.000 8.26923 6.420E+10 2.477E+12 2.592E-02 1.317E-03
107 2.000 1 2.000 10.3993 7.355E+10 6.958E+12 1.057E-02 1.192E-03
212 2.000 1 2.000 8.17522 1.178E+11 6.992E+12 1.685E-02 1.180E-03
561 4.000 1 2.000 7.03675 7.745E+10 3.125E+11 2.478E-01 1.150E-03
539 4.000 1 2.000 7.06229 7.583E+10 6.542E+11 1.159E-01 1.134E-03
624 4.000 1 2.000 6.94385 7.685E+10 2.250E+11 3.415E-01 1.111E-03
92 4.000 1 2.000 10.5136 3.148E+10 4.403E+12 7.148E-03 1.044E-03
323 2.000 1 2.000 7.47375 1.245E+11 1.690E+12 7.365E-02 1.043E-03
407 2.000 1 2.000 7.26609 1.283E+11 8.017E+11 1.600E-01 1.015E-03
276 2.000 1 2.000 7.71349 1.114E+11 7.993E+11 1.394E-01 9.940E-04
715 2.000 1 2.000 6.89425 1.380E+11 3.581E+11 3.853E-01 9.835E-04
203 4.000 1 2.000 8.20961 4.718E+10 5.523E+12 8.541E-03 9.535E-04
97 4.000 1 2.000 10.4703 2.833E+10 5.919E+12 4.786E-03 9.315E-04
607 4.000 1 2.000 6.97429 6.278E+10 2.450E+11 2.563E-01 9.155E-04
548 2.000 1 2.000 7.05250 1.206E+11 3.244E+11 3.719E-01 8.995E-04
154 4.000 1 2.000 8.66060 3.903E+10 2.775E+12 1.406E-02 8.780E-04
400 2.000 1 2.000 7.27043 1.078E+11 8.804E+11 1.224E-01 8.545E-04
695 4.000 1 2.000 6.90959 5.953E+10 2.371E+11 2.510E-01 8.520E-04
297 4.000 1 2.000 7.51371 4.893E+10 1.535E+12 3.187E-02 8.285E-04
478 4.000 1 2.000 7.12405 5.380E+10 1.319E+12 4.080E-02 8.190E-04
752 4.000 1 2.000 6.85055 5.383E+10 3.426E+11 1.571E-01 7.575E-04
480 2.000 1 2.000 7.12364 9.835E+10 1.056E+12 9.313E-02 7.480E-04
461 2.000 1 2.000 7.14408 9.060E+10 5.879E+11 1.541E-01 6.935E-04
608 2.000 1 2.000 6.97367 9.045E+10 2.851E+11 3.172E-01 6.595E-04
350 4.000 1 2.000 7.44099 3.868E+10 4.171E+12 9.272E-03 6.420E-04
664 2.000 1 2.000 6.92833 8.920E+10 3.448E+11 2.587E-01 6.420E-04
636 4.000 1 2.000 6.93502 4.435E+10 4.404E+11 1.007E-01 6.395E-04
536 4.000 1 2.000 7.06406 4.148E+10 5.801E+11 7.150E-02 6.205E-04
632 4.000 1 2.000 6.93593 4.290E+10 4.424E+11 9.696E-02 6.185E-04
540 2.000 1 2.000 7.06130 8.150E+10 5.039E+11 1.617E-01 6.095E-04
230 4.000 1 2.000 8.09268 2.985E+10 7.714E+12 3.870E-03 5.860E-04
668 2.000 1 2.000 6.92771 7.630E+10 4.224E+11 1.806E-01 5.490E-04
49 6.000 1 2.000 11.2020 9.473E+09 1.357E+13 6.980E-04 5.345E-04
462 2.000 1 2.000 7.14116 6.965E+10 5.408E+11 1.288E-01 5.325E-04
299 2.000 1 2.000 7.51178 6.240E+10 1.101E+12 5.668E-02 5.280E-04
612 2.000 1 2.000 6.97209 7.175E+10 3.986E+11 1.800E-01 5.230E-04
125 4.000 1 2.000 10.0325 1.661E+10 1.814E+13 9.152E-04 5.010E-04
606 2.000 1 2.000 6.97452 6.830E+10 3.315E+11 2.060E-01 4.981E-04
537 2.000 1 2.000 7.06360 6.640E+10 6.817E+11 9.740E-02 4.966E-04
623 2.000 1 2.000 6.94437 6.840E+10 2.359E+11 2.899E-01 4.943E-04
150 4.000 1 2.000 8.66902 2.188E+10 1.996E+12 1.096E-02 4.931E-04
457 4.000 1 2.000 7.15881 3.118E+10 1.207E+12 2.582E-02 4.790E-04
492 4.000 1 2.000 7.11706 3.108E+10 6.741E+11 4.610E-02 4.720E-04
633 2.000 1 2.000 6.93556 6.450E+10 4.521E+11 1.427E-01 4.654E-04
712 4.000 1 2.000 6.89468 3.210E+10 2.036E+11 1.577E-01 4.576E-04
59 4.000 1 2.000 11.0205 1.213E+10 1.962E+12 6.181E-03 4.418E-04
693 2.000 1 2.000 6.90992 5.960E+10 2.220E+11 2.685E-01 4.265E-04
320 2.000 1 2.000 7.47444 5.020E+10 5.483E+11 9.156E-02 4.203E-04
509 4.000 1 2.000 7.09614 2.718E+10 2.457E+12 1.106E-02 4.104E-04
657 4.000 1 2.000 6.92924 2.748E+10 3.383E+11 8.121E-02 3.958E-04
232 2.000 1 2.000 8.09026 3.908E+10 5.795E+12 6.744E-03 3.835E-04
589 2.000 1 2.000 6.99011 5.155E+10 3.656E+11 1.410E-01 3.777E-04
122 2.000 1 2.000 10.2032 2.382E+10 1.271E+13 1.875E-03 3.718E-04
813 4.000 1 2.000 6.79100 2.520E+10 3.381E+11 7.453E-02 3.485E-04
746 2.000 1 2.000 6.85124 4.660E+10 3.197E+11 1.457E-01 3.279E-04
386 2.000 1 2.000 7.32955 4.010E+10 3.523E+11 1.138E-01 3.230E-04
298 4.000 1 2.000 7.51272 1.891E+10 1.118E+12 1.691E-02 3.200E-04
47 4.000 1 2.000 11.2214 8.453E+09 8.546E+12 9.891E-04 3.192E-04
638 2.000 1 2.000 6.93377 4.112E+10 4.201E+11 9.790E-02 2.965E-04
349 2.000 1 2.000 7.44147 3.534E+10 3.830E+12 9.225E-03 2.934E-04
591 2.000 1 2.000 6.98940 4.005E+10 4.289E+11 9.338E-02 2.933E-04
846 4.000 1 2.000 6.74858 2.039E+10 2.414E+11 8.447E-02 2.785E-04
508 2.000 1 2.000 7.09622 3.618E+10 2.361E+12 1.533E-02 2.731E-04
54 6.000 1 2.000 11.1082 4.500E+09 1.447E+13 3.111E-04 2.497E-04
196 4.000 1 2.000 8.22383 1.209E+10 3.687E+12 3.278E-03 2.452E-04
812 2.000 1 2.000 6.79127 3.436E+10 2.489E+11 1.381E-01 2.377E-04
266 2.000 1 2.000 7.80889 2.504E+10 2.448E+12 1.023E-02 2.289E-04
240 4.000 1 2.000 7.94995 1.126E+10 7.302E+12 1.541E-03 2.133E-04
707 4.000 1 2.000 6.90322 1.476E+10 1.658E+12 8.902E-03 2.110E-04
844 2.000 1 2.000 6.74881 3.062E+10 2.419E+11 1.266E-01 2.091E-04
658 4.000 1 2.000 6.92898 1.403E+10 3.457E+11 4.057E-02 2.019E-04
843 4.000 1 2.000 6.74894 1.462E+10 2.265E+11 6.452E-02 1.997E-04
808 4.000 1 2.000 6.79222 1.431E+10 2.892E+11 4.948E-02 1.979E-04
93 2.000 1 2.000 10.5045 1.193E+10 1.673E+12 7.129E-03 1.973E-04
893 4.000 1 2.000 6.71625 1.424E+10 2.760E+11 5.159E-02 1.926E-04
660 2.000 1 2.000 6.92881 2.562E+10 3.392E+11 7.554E-02 1.845E-04
460 4.000 1 2.000 7.14417 1.204E+10 5.482E+11 2.197E-02 1.843E-04
412 2.000 1 2.000 7.25999 2.264E+10 4.281E+11 5.287E-02 1.789E-04
620 4.000 1 2.000 6.96135 1.224E+10 8.092E+11 1.513E-02 1.779E-04
810 2.000 1 2.000 6.79190 2.561E+10 3.000E+11 8.537E-02 1.771E-04
382 2.000 1 2.000 7.37003 2.094E+10 3.007E+12 6.961E-03 1.705E-04
706 2.000 1 2.000 6.90323 2.365E+10 1.552E+12 1.524E-02 1.689E-04
890 4.000 1 2.000 6.71647 1.210E+10 2.365E+11 5.114E-02 1.636E-04
427 2.000 1 2.000 7.23301 1.932E+10 2.125E+11 9.095E-02 1.515E-04
757 2.000 1 2.000 6.84996 2.060E+10 2.567E+11 8.022E-02 1.449E-04
804 4.000 1 2.000 6.80619 1.019E+10 1.094E+12 9.308E-03 1.415E-04
115 4.000 1 2.000 10.2744 4.143E+09 1.816E+13 2.281E-04 1.312E-04
108 2.000 1 2.000 10.3954 8.075E+09 2.335E+13 3.459E-04 1.309E-04
451 2.000 1 2.000 7.16642 1.689E+10 1.913E+11 8.828E-02 1.300E-04
654 4.000 1 2.000 6.92962 8.835E+09 4.007E+11 2.205E-02 1.273E-04
121 4.000 1 2.000 10.2041 3.985E+09 1.991E+13 2.001E-04 1.244E-04
491 2.000 1 2.000 7.11795 1.636E+10 1.732E+11 9.443E-02 1.243E-04
55 4.000 1 2.000 11.0652 3.373E+09 1.366E+13 2.469E-04 1.238E-04
64 4.000 1 2.000 10.8833 3.475E+09 1.560E+12 2.227E-03 1.235E-04
787 4.000 1 2.000 6.83917 8.795E+09 6.307E+11 1.395E-02 1.234E-04
838 4.000 1 2.000 6.75795 8.788E+09 4.372E+11 2.010E-02 1.204E-04
179 2.000 1 2.000 8.35895 1.137E+10 1.297E+12 8.769E-03 1.191E-04
891 2.000 1 2.000 6.71646 1.732E+10 2.739E+11 6.322E-02 1.171E-04
831 4.000 1 2.000 6.78367 8.128E+09 1.057E+12 7.688E-03 1.122E-04
873 4.000 1 2.000 6.72609 8.118E+09 8.151E+11 9.959E-03 1.101E-04
894 2.000 1 2.000 6.71603 1.606E+10 2.647E+11 6.067E-02 1.086E-04
921 4.000 1 2.000 6.70103 7.965E+09 3.799E+11 2.096E-02 1.073E-04
809 4.000 1 2.000 6.79190 7.495E+09 2.809E+11 2.668E-02 1.037E-04
514 2.000 1 2.000 7.08169 1.298E+10 1.733E+11 7.485E-02 9.755E-05
315 4.000 1 2.000 7.47966 5.663E+09 8.205E+11 6.901E-03 9.500E-05
992 4.000 1 2.000 6.62845 7.178E+09 3.182E+11 2.255E-02 9.455E-05
211 2.000 1 2.000 8.17850 9.035E+09 1.007E+13 8.974E-04 9.060E-05
833 2.000 1 2.000 6.78359 1.282E+10 1.095E+12 1.171E-02 8.840E-05
847 2.000 1 2.000 6.74783 1.292E+10 2.531E+11 5.104E-02 8.820E-05
385 4.000 1 2.000 7.36460 5.383E+09 4.868E+12 1.106E-03 8.755E-05
551 4.000 1 2.000 7.04968 5.860E+09 6.811E+11 8.604E-03 8.730E-05
182 2.000 1 2.000 8.30593 8.225E+09 1.846E+12 4.455E-03 8.505E-05
935 4.000 1 2.000 6.67000 6.358E+09 6.190E+11 1.027E-02 8.485E-05
41 6.000 1 2.000 11.2801 1.483E+09 1.584E+13 9.360E-05 8.485E-05
152 6.000 1 2.000 8.66705 2.507E+09 8.360E+12 2.999E-04 8.470E-05
83 4.000 1 2.000 10.6347 2.455E+09 3.114E+12 7.882E-04 8.325E-05
198 2.000 1 2.000 8.22184 8.215E+09 2.638E+12 3.114E-03 8.325E-05
46 4.000 1 2.000 11.2466 2.178E+09 5.894E+12 3.695E-04 8.260E-05
751 2.000 1 2.000 6.85074 1.128E+10 5.037E+11 2.239E-02 7.940E-05
18 4.000 1 2.000 12.0154 1.833E+09 1.631E+11 1.124E-02 7.936E-05
70 4.000 1 2.000 10.7947 2.256E+09 2.221E+13 1.016E-04 7.885E-05
957 4.000 1 2.000 6.64830 5.753E+09 5.658E+11 1.017E-02 7.625E-05
264 4.000 1 2.000 7.81633 4.153E+09 1.872E+12 2.218E-03 7.605E-05
426 4.000 1 2.000 7.25201 4.765E+09 3.654E+12 1.304E-03 7.515E-05
917 2.000 1 2.000 6.70397 1.043E+10 7.639E+11 1.365E-02 7.025E-05
71 6.000 1 2.000 10.7795 1.304E+09 2.267E+13 5.753E-05 6.815E-05
939 4.000 1 2.000 6.65966 4.950E+09 2.795E+11 1.771E-02 6.585E-05
915 4.000 1 2.000 6.70412 4.708E+09 7.622E+11 6.176E-03 6.345E-05
359 2.000 1 2.000 7.42293 7.625E+09 1.569E+12 4.860E-03 6.300E-05
233 2.000 1 2.000 8.08062 6.360E+09 7.902E+12 8.048E-04 6.225E-05
1027 4.000 1 2.000 6.59830 4.705E+09 4.942E+11 9.521E-03 6.140E-05
149 4.000 1 2.000 8.67263 2.708E+09 6.153E+12 4.400E-04 6.105E-05
51 6.000 1 2.000 11.1558 1.059E+09 2.174E+13 4.873E-05 5.930E-05
743 4.000 1 2.000 6.85295 3.928E+09 4.235E+11 9.274E-03 5.530E-05
1011 4.000 1 2.000 6.60764 4.143E+09 4.907E+11 8.442E-03 5.425E-05
689 4.000 1 2.000 6.91561 3.730E+09 4.847E+11 7.696E-03 5.350E-05
956 2.000 1 2.000 6.64833 7.535E+09 5.636E+11 1.337E-02 4.993E-05
1058 4.000 1 2.000 6.57705 3.653E+09 4.604E+11 7.933E-03 4.737E-05
380 4.000 1 2.000 7.37058 2.825E+09 4.102E+12 6.886E-04 4.603E-05
680 4.000 1 2.000 6.92688 3.175E+09 1.094E+12 2.903E-03 4.569E-05
1012 2.000 1 2.000 6.60762 6.905E+09 4.927E+11 1.401E-02 4.521E-05
383 2.000 1 2.000 7.36566 5.440E+09 4.154E+12 1.310E-03 4.425E-05
248 2.000 1 2.000 7.87407 4.730E+09 8.236E+11 5.743E-03 4.396E-05
391 2.000 1 2.000 7.29154 5.510E+09 8.925E+11 6.174E-03 4.392E-05
578 2.000 1 2.000 7.02996 5.870E+09 1.793E+12 3.274E-03 4.350E-05
990 4.000 1 2.000 6.62917 3.030E+09 4.179E+11 7.250E-03 3.991E-05
474 2.000 1 2.000 7.12547 5.165E+09 3.499E+11 1.476E-02 3.933E-05
1059 2.000 1 2.000 6.57703 5.995E+09 4.734E+11 1.266E-02 3.889E-05
62 2.000 1 2.000 10.9672 2.016E+09 1.176E+12 1.715E-03 3.637E-05
68 6.000 1 2.000 10.8041 6.772E+08 1.996E+13 3.393E-05 3.556E-05
772 2.000 1 2.000 6.84656 3.936E+09 3.192E+11 1.233E-02 2.766E-05
524 2.000 1 2.000 7.07725 3.590E+09 7.530E+11 4.767E-03 2.695E-05
883 2.000 1 2.000 6.72245 3.861E+09 7.601E+11 5.080E-03 2.616E-05
74 4.000 1 2.000 10.7531 7.505E+08 1.312E+13 5.718E-05 2.602E-05
562 2.000 1 2.000 7.03611 3.460E+09 2.423E+11 1.428E-02 2.568E-05
261 4.000 1 2.000 7.82015 1.360E+09 1.164E+12 1.169E-03 2.495E-05
856 4.000 1 2.000 6.73875 1.808E+09 1.462E+12 1.236E-03 2.461E-05
887 4.000 1 2.000 6.72136 1.806E+09 1.284E+12 1.407E-03 2.446E-05
581 4.000 1 2.000 7.02714 1.615E+09 2.896E+12 5.575E-04 2.391E-05
370 4.000 1 2.000 7.40779 1.431E+09 1.042E+12 1.374E-03 2.355E-05
235 4.000 1 2.000 8.07743 1.086E+09 9.181E+12 1.183E-04 2.125E-05
258 6.000 1 2.000 7.84867 7.487E+08 4.654E+12 1.609E-04 2.074E-05
971 2.000 1 2.000 6.64399 2.982E+09 6.447E+11 4.625E-03 1.973E-05
1083 4.000 1 2.000 6.54818 1.494E+09 7.622E+11 1.960E-03 1.921E-05
128 4.000 1 2.000 9.03162 7.576E+08 8.730E+11 8.678E-04 1.853E-05
790 4.000 1 2.000 6.83836 1.296E+09 1.852E+12 7.000E-04 1.818E-05
580 2.000 1 2.000 7.02758 2.304E+09 2.478E+12 9.294E-04 1.705E-05
576 4.000 1 2.000 7.03028 1.129E+09 2.421E+12 4.662E-04 1.673E-05
257 4.000 1 2.000 7.85045 8.838E+08 3.439E+12 2.570E-04 1.634E-05
629 4.000 1 2.000 6.94032 1.128E+09 3.964E+11 2.845E-03 1.629E-05
75 4.000 1 2.000 10.7348 4.703E+08 7.112E+12 6.612E-05 1.626E-05
35 4.000 1 2.000 11.3572 3.935E+08 1.769E+12 2.224E-04 1.522E-05
750 4.000 1 2.000 6.85093 1.058E+09 1.567E+11 6.751E-03 1.489E-05
145 6.000 1 2.000 8.68964 4.350E+08 4.587E+12 9.483E-05 1.477E-05
42 4.000 1 2.000 11.2669 3.830E+08 2.255E+13 1.699E-05 1.458E-05
756 4.000 1 2.000 6.84999 1.019E+09 5.480E+11 1.858E-03 1.433E-05
902 4.000 1 2.000 6.70955 9.658E+08 2.803E+11 3.445E-03 1.304E-05
799 4.000 1 2.000 6.80762 9.345E+08 6.898E+11 1.355E-03 1.299E-05
585 4.000 1 2.000 6.99112 8.543E+08 2.931E+11 2.915E-03 1.252E-05
236 2.000 1 2.000 8.03971 1.286E+09 8.921E+11 1.442E-03 1.247E-05
588 4.000 1 2.000 6.99058 8.378E+08 4.271E+11 1.961E-03 1.228E-05
294 2.000 1 2.000 7.55090 1.374E+09 8.725E+11 1.574E-03 1.175E-05
997 4.000 1 2.000 6.62433 8.778E+08 1.119E+12 7.845E-04 1.155E-05
1105 4.000 1 2.000 6.49496 8.925E+08 5.945E+11 1.501E-03 1.129E-05
730 2.000 1 2.000 6.88383 1.570E+09 3.682E+11 4.263E-03 1.115E-05
522 4.000 1 2.000 7.07856 7.380E+08 5.718E+11 1.291E-03 1.109E-05
186 4.000 1 2.000 8.27212 5.398E+08 2.048E+12 2.635E-04 1.108E-05
785 4.000 1 2.000 6.84023 7.783E+08 1.529E+12 5.091E-04 1.092E-05
786 2.000 1 2.000 6.84004 1.552E+09 1.152E+12 1.346E-03 1.088E-05
1041 2.000 1 2.000 6.58916 1.672E+09 4.464E+11 3.744E-03 1.088E-05
316 2.000 1 2.000 7.47920 1.232E+09 5.510E+11 2.236E-03 1.034E-05
793 2.000 1 2.000 6.81447 1.304E+09 3.570E+11 3.653E-03 9.080E-06
176 6.000 1 2.000 8.40018 2.860E+08 9.544E+12 2.997E-05 9.075E-06
1078 2.000 1 2.000 6.54916 1.383E+09 3.677E+11 3.761E-03 8.895E-06
1110 4.000 1 2.000 6.45608 7.103E+08 4.789E+11 1.483E-03 8.875E-06
800 2.000 1 2.000 6.80747 1.238E+09 5.658E+11 2.188E-03 8.605E-06
439 2.000 1 2.000 7.20922 1.099E+09 1.022E+12 1.075E-03 8.565E-06
347 2.000 1 2.000 7.44316 1.024E+09 5.256E+12 1.947E-04 8.500E-06
333 4.000 1 2.000 7.46664 4.843E+08 1.858E+12 2.606E-04 8.095E-06
885 2.000 1 2.000 6.72157 1.194E+09 1.097E+12 1.088E-03 8.090E-06
867 4.000 1 2.000 6.72711 5.818E+08 5.070E+11 1.147E-03 7.895E-06
173 4.000 1 2.000 8.40391 3.658E+08 9.320E+12 3.924E-05 7.750E-06
335 6.000 1 2.000 7.46559 3.058E+08 2.840E+12 1.077E-04 7.670E-06
687 4.000 1 2.000 6.92259 5.213E+08 2.597E+12 2.007E-04 7.490E-06
223 4.000 1 2.000 8.11655 3.676E+08 7.701E+11 4.773E-04 7.261E-06
1115 4.000 1 2.000 6.42683 5.845E+08 4.387E+11 1.332E-03 7.240E-06
930 4.000 1 2.000 6.67072 5.395E+08 3.891E+11 1.387E-03 7.200E-06
1097 2.000 1 2.000 6.51907 1.090E+09 3.403E+11 3.203E-03 6.945E-06
1044 4.000 1 2.000 6.58862 5.263E+08 7.237E+11 7.271E-04 6.850E-06
663 4.000 1 2.000 6.92846 4.518E+08 5.968E+11 7.570E-04 6.505E-06
178 4.000 1 2.000 8.39202 2.938E+08 7.438E+12 3.949E-05 6.205E-06
974 4.000 1 2.000 6.64328 4.598E+08 9.446E+11 4.867E-04 6.085E-06
174 6.000 1 2.000 8.40348 1.888E+08 6.937E+12 2.722E-05 6.000E-06
142 4.000 1 2.000 8.71498 2.570E+08 3.214E+12 7.996E-05 5.850E-06
881 4.000 1 2.000 6.72248 4.310E+08 1.096E+12 3.931E-04 5.840E-06
507 2.000 1 2.000 7.09724 7.620E+08 3.088E+12 2.468E-04 5.755E-06
789 2.000 1 2.000 6.83860 7.510E+08 1.603E+12 4.685E-04 5.265E-06
868 2.000 1 2.000 6.72701 7.725E+08 4.218E+11 1.831E-03 5.240E-06
144 6.000 1 2.000 8.70607 1.481E+08 5.714E+12 2.592E-05 5.050E-06
747 4.000 1 2.000 6.85116 3.523E+08 2.032E+11 1.733E-03 4.959E-06
914 2.000 1 2.000 6.70424 7.345E+08 8.130E+11 9.034E-04 4.949E-06
973 2.000 1 2.000 6.64342 7.330E+08 8.162E+11 8.981E-04 4.851E-06
713 2.000 1 2.000 6.89442 6.795E+08 1.717E+11 3.956E-03 4.844E-06
52 4.000 1 2.000 11.1496 1.276E+08 1.943E+13 6.567E-06 4.756E-06
969 4.000 1 2.000 6.64412 3.520E+08 7.871E+11 4.472E-04 4.658E-06
931 2.000 1 2.000 6.67065 6.825E+08 3.277E+11 2.083E-03 4.554E-06
984 4.000 1 2.000 6.62965 3.423E+08 2.990E+11 1.145E-03 4.509E-06
625 2.000 1 2.000 6.94331 6.235E+08 5.875E+11 1.061E-03 4.506E-06
1022 4.000 1 2.000 6.59875 3.428E+08 2.961E+11 1.158E-03 4.474E-06
1100 4.000 1 2.000 6.51873 3.500E+08 5.408E+11 6.472E-04 4.459E-06
278 4.000 1 2.000 7.69789 2.426E+08 5.000E+11 4.853E-04 4.312E-06
250 6.000 1 2.000 7.87302 1.511E+08 3.869E+12 3.905E-05 4.212E-06
705 2.000 1 2.000 6.90387 5.725E+08 1.977E+12 2.895E-04 4.091E-06
859 2.000 1 2.000 6.73183 5.820E+08 3.015E+11 1.930E-03 3.954E-06
985 2.000 1 2.000 6.62958 5.910E+08 2.650E+11 2.230E-03 3.895E-06
942 4.000 1 2.000 6.65226 2.900E+08 2.486E+11 1.167E-03 3.849E-06
208 4.000 1 2.000 8.18439 1.893E+08 1.951E+12 9.705E-05 3.802E-06
357 4.000 1 2.000 7.42686 2.110E+08 1.163E+12 1.814E-04 3.489E-06
840 2.000 1 2.000 6.75084 4.898E+08 4.024E+11 1.217E-03 3.347E-06
423 4.000 1 2.000 7.25282 2.110E+08 1.452E+12 1.452E-04 3.328E-06
424 6.000 1 2.000 7.25212 1.397E+08 2.156E+12 6.478E-05 3.304E-06
346 4.000 1 2.000 7.44441 1.983E+08 4.399E+12 4.507E-05 3.295E-06
1043 2.000 1 2.000 6.58872 4.882E+08 6.288E+11 7.765E-04 3.178E-06
181 4.000 1 2.000 8.31434 1.520E+08 1.243E+12 1.223E-04 3.150E-06
253 6.000 1 2.000 7.85766 1.124E+08 2.258E+12 4.978E-05 3.122E-06
354 4.000 1 2.000 7.42869 1.810E+08 8.895E+11 2.034E-04 2.995E-06
1023 2.000 1 2.000 6.59871 4.526E+08 2.545E+11 1.778E-03 2.954E-06
1039 4.000 1 2.000 6.58921 2.231E+08 5.971E+11 3.737E-04 2.905E-06
247 4.000 1 2.000 7.87653 1.540E+08 2.289E+12 6.725E-05 2.864E-06
517 4.000 1 2.000 7.07932 1.854E+08 3.813E+11 4.861E-04 2.786E-06
210 4.000 1 2.000 8.18055 1.324E+08 8.899E+12 1.488E-05 2.657E-06
1080 2.000 1 2.000 6.54881 4.081E+08 5.049E+11 8.082E-04 2.624E-06
163 4.000 1 2.000 8.59990 1.172E+08 6.967E+12 1.682E-05 2.599E-06
291 6.000 1 2.000 7.62346 9.885E+07 4.872E+12 2.029E-05 2.584E-06
924 2.000 1 2.000 6.67409 3.670E+08 2.376E+11 1.545E-03 2.451E-06
89 6.000 1 2.000 10.5597 4.628E+07 4.407E+12 1.050E-05 2.321E-06
437 4.000 1 2.000 7.21141 1.475E+08 8.251E+11 1.788E-04 2.300E-06
314 6.000 1 2.000 7.48531 9.028E+07 1.914E+12 4.717E-05 2.275E-06
162 6.000 1 2.000 8.60783 6.815E+07 7.086E+12 9.618E-06 2.271E-06
1095 4.000 1 2.000 6.51909 1.735E+08 4.319E+11 4.018E-04 2.211E-06
489 6.000 1 2.000 7.12041 9.478E+07 1.203E+12 7.881E-05 2.161E-06
1099 2.000 1 2.000 6.51880 3.273E+08 4.816E+11 6.796E-04 2.086E-06
999 4.000 1 2.000 6.61057 1.514E+08 2.226E+11 6.801E-04 1.984E-06
835 2.000 1 2.000 6.76307 2.864E+08 2.392E+11 1.197E-03 1.964E-06
830 2.000 1 2.000 6.78402 2.844E+08 1.359E+12 2.092E-04 1.962E-06
288 4.000 1 2.000 7.62500 1.106E+08 4.791E+12 2.309E-05 1.929E-06
631 2.000 1 2.000 6.93958 2.653E+08 4.679E+11 5.670E-04 1.916E-06
955 2.000 1 2.000 6.64850 2.803E+08 7.484E+11 3.746E-04 1.858E-06
487 4.000 1 2.000 7.12075 1.133E+08 9.660E+11 1.173E-04 1.722E-06
388 4.000 1 2.000 7.32374 1.019E+08 2.615E+11 3.895E-04 1.638E-06
976 2.000 1 2.000 6.63216 2.422E+08 2.039E+11 1.188E-03 1.597E-06
399 6.000 1 2.000 7.27050 6.668E+07 1.468E+12 4.542E-05 1.585E-06
27 4.000 1 2.000 11.5496 3.919E+07 2.444E+12 1.603E-05 1.567E-06
289 6.000 1 2.000 7.62456 5.748E+07 3.485E+12 1.649E-05 1.504E-06
1046 4.000 1 2.000 6.57929 1.139E+08 2.774E+11 4.107E-04 1.479E-06
861 4.000 1 2.000 6.72999 1.088E+08 3.565E+11 3.052E-04 1.478E-06
95 6.000 1 2.000 10.4725 2.967E+07 3.307E+12 8.971E-06 1.463E-06
325 6.000 1 2.000 7.47049 5.660E+07 1.542E+12 3.672E-05 1.420E-06
1081 4.000 1 2.000 6.54878 1.097E+08 5.646E+11 1.942E-04 1.410E-06
293 4.000 1 2.000 7.61969 8.098E+07 3.941E+12 2.054E-05 1.410E-06
1029 4.000 1 2.000 6.59290 1.054E+08 2.218E+11 4.754E-04 1.374E-06
572 6.000 1 2.000 7.03272 5.953E+07 9.379E+11 6.347E-05 1.324E-06
309 4.000 1 2.000 7.48714 7.383E+07 1.241E+12 5.949E-05 1.241E-06
38 6.000 1 2.000 11.3318 2.130E+07 3.768E+12 5.653E-06 1.230E-06
661 2.000 1 2.000 6.92851 1.616E+08 6.199E+11 2.608E-04 1.163E-06
1010 2.000 1 2.000 6.60778 1.773E+08 5.923E+11 2.994E-04 1.160E-06
792 4.000 1 2.000 6.81502 8.233E+07 2.972E+11 2.770E-04 1.147E-06
1016 2.000 1 2.000 6.60065 1.745E+08 2.766E+11 6.309E-04 1.140E-06
571 4.000 1 2.000 7.03299 7.403E+07 6.723E+11 1.101E-04 1.098E-06
88 4.000 1 2.000 10.5642 3.078E+07 6.228E+12 4.941E-06 1.030E-06
728 4.000 1 2.000 6.88436 7.238E+07 2.968E+11 2.438E-04 1.029E-06
81 6.000 1 2.000 10.6511 1.992E+07 3.822E+12 5.211E-06 1.016E-06
429 4.000 1 2.000 7.22935 6.149E+07 2.153E+11 2.856E-04 9.637E-07
77 4.000 1 2.000 10.6873 2.808E+07 4.250E+12 6.607E-06 9.615E-07
413 6.000 1 2.000 7.25980 4.042E+07 2.732E+12 1.479E-05 9.580E-07
22 4.000 1 2.000 11.7656 2.299E+07 2.798E+12 8.216E-06 9.542E-07
1057 2.000 1 2.000 6.57716 1.456E+08 5.344E+11 2.725E-04 9.445E-07
617 6.000 1 2.000 6.97138 4.218E+07 6.829E+11 6.177E-05 9.220E-07
465 6.000 1 2.000 7.13750 3.927E+07 1.181E+12 3.325E-05 8.995E-07
397 4.000 1 2.000 7.27147 5.548E+07 1.041E+12 5.331E-05 8.795E-07
410 6.000 1 2.000 7.26029 3.577E+07 1.838E+12 1.945E-05 8.480E-07
488 4.000 1 2.000 7.12067 5.415E+07 2.304E+12 2.351E-05 8.233E-07
1064 4.000 1 2.000 6.55193 6.248E+07 2.040E+11 3.063E-04 8.040E-07
259 6.000 1 2.000 7.84409 2.848E+07 8.346E+11 3.413E-05 7.885E-07
434 4.000 1 2.000 7.21259 5.028E+07 5.503E+11 9.136E-05 7.840E-07
454 4.000 1 2.000 7.16366 5.033E+07 1.657E+11 3.037E-04 7.746E-07
616 4.000 1 2.000 6.97158 5.048E+07 4.818E+11 1.048E-04 7.355E-07
419 6.000 1 2.000 7.25489 3.068E+07 9.330E+11 3.289E-05 7.265E-07
936 2.000 1 2.000 6.66237 1.090E+08 1.873E+11 5.817E-04 7.250E-07
858 4.000 1 2.000 6.73218 5.280E+07 2.293E+11 2.303E-04 7.175E-07
147 4.000 1 2.000 8.68380 2.963E+07 8.791E+12 3.370E-06 6.700E-07
106 4.000 1 2.000 10.4064 2.052E+07 2.346E+13 8.746E-07 6.664E-07
449 2.000 1 2.000 7.17840 8.530E+07 5.882E+11 1.450E-04 6.590E-07
1075 4.000 1 2.000 6.54926 4.970E+07 5.148E+11 9.655E-05 6.395E-07
418 4.000 1 2.000 7.25745 4.030E+07 1.958E+12 2.058E-05 6.365E-07
464 4.000 1 2.000 7.13817 3.810E+07 7.787E+11 4.893E-05 5.825E-07
494 4.000 1 2.000 7.11589 3.793E+07 1.363E+11 2.783E-04 5.756E-07
553 6.000 1 2.000 7.04913 2.510E+07 8.411E+11 2.984E-05 5.610E-07
409 4.000 1 2.000 7.26063 3.325E+07 2.681E+12 1.240E-05 5.255E-07
722 6.000 1 2.000 6.89307 2.422E+07 4.990E+11 4.853E-05 5.175E-07
544 6.000 1 2.000 7.05697 2.298E+07 1.928E+12 1.192E-05 5.145E-07
681 6.000 1 2.000 6.92657 2.342E+07 6.581E+11 3.558E-05 5.055E-07
981 2.000 1 2.000 6.63056 7.495E+07 2.311E+11 3.243E-04 4.942E-07
516 4.000 1 2.000 7.07998 3.276E+07 1.483E+11 2.208E-04 4.921E-07
506 4.000 1 2.000 7.09776 3.043E+07 2.602E+12 1.169E-05 4.597E-07
330 4.000 1 2.000 7.46818 2.628E+07 3.439E+12 7.643E-06 4.397E-07
159 6.000 1 2.000 8.61694 1.279E+07 8.782E+12 1.456E-06 4.271E-07
1085 4.000 1 2.000 6.52117 3.300E+07 2.421E+11 1.363E-04 4.208E-07
721 4.000 1 2.000 6.89319 2.875E+07 3.710E+11 7.750E-05 4.097E-07
552 4.000 1 2.000 7.04959 2.605E+07 5.572E+11 4.676E-05 3.883E-07
306 4.000 1 2.000 7.49110 2.183E+07 1.699E+12 1.285E-05 3.674E-07
601 6.000 1 2.000 6.98725 1.670E+07 7.212E+11 2.315E-05 3.667E-07
923 4.000 1 2.000 6.67434 2.730E+07 1.914E+11 1.427E-04 3.648E-07
482 6.000 1 2.000 7.12212 1.594E+07 5.784E+11 2.757E-05 3.638E-07
541 4.000 1 2.000 7.05748 2.370E+07 1.821E+12 1.301E-05 3.539E-07
950 4.000 1 2.000 6.64927 2.628E+07 2.857E+11 9.197E-05 3.484E-07
911 2.000 1 2.000 6.70485 5.055E+07 4.194E+11 1.205E-04 3.407E-07
627 6.000 1 2.000 6.94243 1.534E+07 4.670E+11 3.284E-05 3.324E-07
101 4.000 1 2.000 10.4412 8.505E+06 6.471E+12 1.314E-06 2.780E-07
546 4.000 1 2.000 7.05586 1.850E+07 1.554E+12 1.191E-05 2.762E-07
542 6.000 1 2.000 7.05745 1.230E+07 1.359E+12 9.050E-06 2.754E-07
647 6.000 1 2.000 6.93166 1.228E+07 1.049E+12 1.170E-05 2.653E-07
698 6.000 1 2.000 6.90860 1.203E+07 3.849E+11 3.125E-05 2.582E-07
683 4.000 1 2.000 6.92647 1.725E+07 5.672E+11 3.040E-05 2.481E-07
643 4.000 1 2.000 6.93187 1.707E+07 1.573E+12 1.085E-05 2.459E-07
679 4.000 1 2.000 6.92700 1.704E+07 5.101E+11 3.340E-05 2.452E-07
21 6.000 1 2.000 11.7664 3.748E+06 1.797E+13 2.086E-07 2.334E-07
704 4.000 1 2.000 6.90417 1.531E+07 1.665E+12 9.194E-06 2.188E-07
567 6.000 1 2.000 7.03390 9.763E+06 4.252E+11 2.296E-05 2.172E-07
954 4.000 1 2.000 6.64860 1.613E+07 6.277E+11 2.570E-05 2.138E-07
273 4.000 1 2.000 7.79269 1.114E+07 3.740E+12 2.978E-06 2.029E-07
626 4.000 1 2.000 6.94266 1.392E+07 3.450E+11 4.035E-05 2.013E-07
975 4.000 1 2.000 6.63232 1.523E+07 1.713E+11 8.888E-05 2.008E-07
337 4.000 1 2.000 7.46287 1.106E+07 2.010E+12 5.505E-06 1.848E-07
334 4.000 1 2.000 7.46589 1.041E+07 6.525E+11 1.595E-05 1.740E-07
599 4.000 1 2.000 6.98786 1.179E+07 5.256E+11 2.242E-05 1.726E-07
1015 4.000 1 2.000 6.60079 1.298E+07 1.941E+11 6.685E-05 1.696E-07
769 6.000 1 2.000 6.84817 8.023E+06 1.041E+12 7.704E-06 1.693E-07
725 4.000 1 2.000 6.88465 1.179E+07 1.872E+11 6.296E-05 1.675E-07
644 6.000 1 2.000 6.93179 7.225E+06 9.035E+11 7.997E-06 1.562E-07
611 6.000 1 2.000 6.97222 6.543E+06 3.165E+11 2.068E-05 1.431E-07
30 6.000 1 2.000 11.4880 2.272E+06 5.753E+10 3.949E-05 1.348E-07
272 6.000 1 2.000 7.79564 4.713E+06 3.839E+12 1.228E-06 1.288E-07
771 4.000 1 2.000 6.84774 9.128E+06 7.679E+11 1.189E-05 1.284E-07
307 6.000 1 2.000 7.49104 5.003E+06 2.512E+12 1.992E-06 1.263E-07
768 4.000 1 2.000 6.84841 8.605E+06 9.183E+11 9.371E-06 1.210E-07
674 6.000 1 2.000 6.92725 5.583E+06 3.952E+11 1.413E-05 1.205E-07
254 4.000 1 2.000 7.85487 6.471E+06 4.284E+12 1.511E-06 1.197E-07
817 6.000 1 2.000 6.78988 5.753E+06 6.575E+11 8.751E-06 1.193E-07
143 4.000 1 2.000 8.71179 5.214E+06 1.735E+12 3.006E-06 1.186E-07
123 4.000 1 2.000 10.1973 3.497E+06 4.518E+12 7.739E-07 1.090E-07
338 4.000 1 2.000 7.46042 6.296E+06 2.080E+12 3.027E-06 1.051E-07
600 4.000 1 2.000 6.98735 6.800E+06 6.071E+11 1.120E-05 9.955E-08
677 6.000 1 2.000 6.92717 4.568E+06 5.469E+11 8.354E-06 9.860E-08
814 4.000 1 2.000 6.79002 7.083E+06 6.874E+11 1.030E-05 9.790E-08
697 4.000 1 2.000 6.90873 6.813E+06 6.005E+11 1.135E-05 9.750E-08
851 6.000 1 2.000 6.74735 4.570E+06 5.404E+11 8.457E-06 9.360E-08
341 6.000 1 2.000 7.45760 3.693E+06 2.430E+12 1.520E-06 9.240E-08
78 6.000 1 2.000 10.6777 1.760E+06 3.445E+12 5.109E-07 9.020E-08
326 4.000 1 2.000 7.46876 5.382E+06 2.324E+12 2.316E-06 8.998E-08
819 4.000 1 2.000 6.78953 6.083E+06 5.876E+11 1.035E-05 8.405E-08
160 4.000 1 2.000 8.61471 3.535E+06 8.484E+12 4.166E-07 7.865E-08
224 4.000 1 2.000 8.11280 3.973E+06 3.465E+12 1.146E-06 7.840E-08
130 6.000 1 2.000 8.97913 2.117E+06 7.861E+12 2.693E-07 7.675E-08
138 6.000 1 2.000 8.73028 2.208E+06 9.940E+11 2.222E-06 7.570E-08
717 6.000 1 2.000 6.89357 3.433E+06 2.220E+11 1.547E-05 7.340E-08
898 6.000 1 2.000 6.71539 3.610E+06 4.556E+11 7.923E-06 7.325E-08
112 4.000 1 2.000 10.3352 2.172E+06 5.748E+12 3.779E-07 6.955E-08
848 4.000 1 2.000 6.74747 4.960E+06 5.312E+11 9.338E-06 6.770E-08
652 4.000 1 2.000 6.92991 4.683E+06 5.972E+11 7.841E-06 6.745E-08
86 4.000 1 2.000 10.5761 1.980E+06 5.580E+12 3.549E-07 6.642E-08
139 6.000 1 2.000 8.73016 1.895E+06 1.968E+12 9.631E-07 6.500E-08
853 4.000 1 2.000 6.74715 4.730E+06 5.306E+11 8.915E-06 6.455E-08
696 4.000 1 2.000 6.90885 4.428E+06 6.130E+11 7.222E-06 6.340E-08
1062 2.000 1 2.000 6.55340 8.935E+06 2.645E+11 3.378E-05 5.755E-08
829 4.000 1 2.000 6.78422 4.102E+06 1.146E+12 3.580E-06 5.657E-08
766 6.000 1 2.000 6.84854 2.627E+06 8.598E+11 3.055E-06 5.540E-08
642 4.000 1 2.000 6.93196 3.828E+06 1.261E+12 3.037E-06 5.516E-08
815 6.000 1 2.000 6.78998 2.595E+06 5.740E+11 4.521E-06 5.380E-08
895 4.000 1 2.000 6.71548 3.870E+06 4.671E+11 8.285E-06 5.235E-08
598 6.000 1 2.000 6.98798 2.385E+06 7.144E+11 3.338E-06 5.235E-08
405 4.000 1 2.000 7.26780 3.293E+06 2.026E+12 1.626E-06 5.215E-08
282 4.000 1 2.000 7.66599 2.776E+06 9.198E+11 3.018E-06 4.890E-08
676 4.000 1 2.000 6.92722 3.338E+06 4.211E+11 7.925E-06 4.803E-08
296 4.000 1 2.000 7.52682 2.826E+06 2.085E+12 1.355E-06 4.802E-08
900 4.000 1 2.000 6.71519 3.480E+06 4.241E+11 8.205E-06 4.707E-08
132 4.000 1 2.000 8.79756 1.820E+06 1.569E+12 1.160E-06 4.224E-08
420 4.000 1 2.000 7.25412 2.598E+06 1.558E+12 1.667E-06 4.098E-08
249 6.000 1 2.000 7.87305 1.467E+06 8.076E+11 1.816E-06 4.089E-08
60 6.000 1 2.000 10.9966 7.197E+05 1.102E+12 6.531E-07 3.914E-08
102 6.000 1 2.000 10.4246 7.802E+05 7.093E+12 1.100E-07 3.813E-08
228 6.000 1 2.000 8.09614 1.188E+06 4.255E+12 2.792E-07 3.502E-08
1009 4.000 1 2.000 6.60786 2.598E+06 5.007E+11 5.189E-06 3.401E-08
366 4.000 1 2.000 7.41477 2.010E+06 2.191E+12 9.172E-07 3.314E-08
452 4.000 1 2.000 7.16576 2.098E+06 1.302E+12 1.611E-06 3.230E-08
331 6.000 1 2.000 7.46742 1.110E+06 1.575E+12 7.046E-07 2.784E-08
353 4.000 1 2.000 7.43699 1.658E+06 7.871E+11 2.106E-06 2.749E-08
849 6.000 1 2.000 6.74743 1.302E+06 4.206E+11 3.095E-06 2.666E-08
433 4.000 1 2.000 7.21803 1.598E+06 4.849E+11 3.296E-06 2.497E-08
317 6.000 1 2.000 7.47846 9.862E+05 8.206E+11 1.202E-06 2.480E-08
641 4.000 1 2.000 6.93235 1.541E+06 7.392E+11 2.084E-06 2.220E-08
269 6.000 1 2.000 7.79921 7.965E+05 4.435E+12 1.796E-07 2.179E-08
36 6.000 1 2.000 11.3566 3.638E+05 2.076E+12 1.752E-07 2.111E-08
280 6.000 1 2.000 7.68681 7.820E+05 2.527E+12 3.095E-07 2.078E-08
763 4.000 1 2.000 6.84963 1.445E+06 3.624E+11 3.986E-06 2.032E-08
170 6.000 1 2.000 8.44820 6.150E+05 2.003E+12 3.070E-07 1.974E-08
977 2.000 1 2.000 6.63180 2.831E+06 3.198E+11 8.852E-06 1.867E-08
365 6.000 1 2.000 7.41622 7.330E+05 2.252E+12 3.255E-07 1.813E-08
192 4.000 1 2.000 8.25064 8.801E+05 3.460E+12 2.544E-07 1.797E-08
896 6.000 1 2.000 6.71543 8.590E+05 3.698E+11 2.323E-06 1.742E-08
414 6.000 1 2.000 7.25959 6.973E+05 3.996E+11 1.745E-06 1.653E-08
312 4.000 1 2.000 7.48550 9.072E+05 1.879E+12 4.827E-07 1.525E-08
469 4.000 1 2.000 7.13098 8.975E+05 9.419E+11 9.528E-07 1.368E-08
762 6.000 1 2.000 6.84979 6.367E+05 3.552E+11 1.792E-06 1.343E-08
305 4.000 1 2.000 7.49477 7.681E+05 1.463E+12 5.249E-07 1.294E-08
242 4.000 1 2.000 7.90055 6.903E+05 9.247E+11 7.465E-07 1.292E-08
595 6.000 1 2.000 6.98836 5.677E+05 6.923E+11 8.200E-07 1.247E-08
672 4.000 1 2.000 6.92744 8.453E+05 5.709E+11 1.481E-06 1.217E-08
648 6.000 1 2.000 6.93159 5.533E+05 3.797E+11 1.457E-06 1.196E-08
340 6.000 1 2.000 7.45975 4.700E+05 1.540E+12 3.052E-07 1.176E-08
167 4.000 1 2.000 8.50679 5.275E+05 1.401E+12 3.766E-07 1.145E-08
613 4.000 1 2.000 6.97198 7.672E+05 5.774E+11 1.329E-06 1.118E-08
475 6.000 1 2.000 7.12530 4.723E+05 4.685E+11 1.008E-06 1.079E-08
649 4.000 1 2.000 6.93100 7.213E+05 3.483E+11 2.071E-06 1.039E-08
531 4.000 1 2.000 7.07412 6.770E+05 9.831E+11 6.887E-07 1.016E-08
99 6.000 1 2.000 10.4670 2.050E+05 9.168E+12 2.236E-08 1.010E-08
238 4.000 1 2.000 7.98898 5.238E+05 3.144E+12 1.666E-07 1.003E-08
188 4.000 1 2.000 8.26515 4.747E+05 3.282E+12 1.446E-07 9.724E-09
183 4.000 1 2.000 8.30242 4.660E+05 3.215E+12 1.449E-07 9.631E-09
285 6.000 1 2.000 7.64220 3.438E+05 1.277E+12 2.693E-07 9.035E-09
201 6.000 1 2.000 8.21297 2.815E+05 3.538E+12 7.956E-08 8.540E-09
390 6.000 1 2.000 7.31968 3.448E+05 1.076E+12 3.205E-07 8.310E-09
483 4.000 1 2.000 7.12159 5.436E+05 1.006E+12 5.405E-07 8.266E-09
563 6.000 1 2.000 7.03589 3.367E+05 2.372E+11 1.420E-06 7.495E-09
199 4.000 1 2.000 8.21906 3.684E+05 3.409E+12 1.081E-07 7.463E-09
837 4.000 1 2.000 6.75974 5.088E+05 4.783E+11 1.064E-06 6.970E-09
568 4.000 1 2.000 7.03355 4.493E+05 7.525E+11 5.970E-07 6.664E-09
502 6.000 1 2.000 7.10447 2.875E+05 1.415E+12 2.032E-07 6.530E-09
446 4.000 1 2.000 7.20430 3.983E+05 1.457E+12 2.734E-07 6.200E-09
759 6.000 1 2.000 6.84993 2.930E+05 3.695E+11 7.930E-07 6.185E-09
471 4.000 1 2.000 7.12926 3.971E+05 7.870E+11 5.046E-07 6.053E-09
535 4.000 1 2.000 7.07030 3.997E+05 4.454E+11 8.973E-07 5.993E-09
1101 2.000 1 2.000 6.49862 9.340E+05 2.181E+11 4.283E-06 5.915E-09
780 4.000 1 2.000 6.84169 4.173E+05 6.613E+11 6.310E-07 5.858E-09
270 4.000 1 2.000 7.79830 3.198E+05 4.406E+12 7.257E-08 5.830E-09
530 6.000 1 2.000 7.07464 2.555E+05 9.745E+11 2.622E-07 5.750E-09
609 6.000 1 2.000 6.97367 2.585E+05 1.914E+11 1.350E-06 5.655E-09
431 6.000 1 2.000 7.22672 2.315E+05 7.357E+11 3.146E-07 5.440E-09
920 4.000 1 2.000 6.70233 3.923E+05 3.837E+11 1.022E-06 5.284E-09
913 4.000 1 2.000 6.70446 3.919E+05 8.249E+11 4.751E-07 5.282E-09
468 6.000 1 2.000 7.13220 2.235E+05 1.176E+12 1.900E-07 5.115E-09
402 6.000 1 2.000 7.26971 2.135E+05 1.092E+12 1.956E-07 5.075E-09
619 4.000 1 2.000 6.96536 3.224E+05 8.590E+11 3.754E-07 4.689E-09
583 4.000 1 2.000 6.99350 3.185E+05 2.821E+11 1.129E-06 4.672E-09
24 6.000 1 2.000 11.6525 7.470E+04 3.031E+12 2.465E-08 4.562E-09
371 6.000 1 2.000 7.38965 1.820E+05 2.049E+12 8.881E-08 4.472E-09
989 4.000 1 2.000 6.62917 3.334E+05 3.590E+11 9.287E-07 4.392E-09
737 4.000 1 2.000 6.88273 3.045E+05 4.438E+11 6.861E-07 4.326E-09
938 4.000 1 2.000 6.66059 3.242E+05 3.228E+11 1.004E-06 4.312E-09
456 6.000 1 2.000 7.16175 1.822E+05 5.641E+11 3.229E-07 4.201E-09
797 4.000 1 2.000 6.80971 2.838E+05 6.738E+11 4.212E-07 3.948E-09
773 6.000 1 2.000 6.84595 1.758E+05 6.748E+11 2.606E-07 3.708E-09
908 6.000 1 2.000 6.70615 1.810E+05 5.224E+11 3.465E-07 3.661E-09
948 6.000 1 2.000 6.64986 1.765E+05 4.011E+11 4.401E-07 3.509E-09
538 6.000 1 2.000 7.06307 1.542E+05 5.851E+11 2.636E-07 3.461E-09
662 6.000 1 2.000 6.92850 1.525E+05 5.772E+11 2.642E-07 3.292E-09
714 6.000 1 2.000 6.89435 1.538E+05 1.601E+11 9.608E-07 3.289E-09
496 6.000 1 2.000 7.11445 1.353E+05 4.451E+11 3.040E-07 3.080E-09
362 6.000 1 2.000 7.41806 1.219E+05 2.526E+12 4.826E-08 3.017E-09
1005 6.000 1 2.000 6.60875 1.476E+05 3.538E+11 4.173E-07 2.901E-09
110 6.000 1 2.000 10.3476 6.012E+04 2.515E+13 2.390E-09 2.895E-09
1056 4.000 1 2.000 6.57722 2.092E+05 4.547E+11 4.601E-07 2.714E-09
394 4.000 1 2.000 7.28253 1.593E+05 7.986E+11 1.995E-07 2.533E-09
634 6.000 1 2.000 6.93538 1.170E+05 5.110E+11 2.290E-07 2.532E-09
671 6.000 1 2.000 6.92755 1.170E+05 4.688E+11 2.496E-07 2.526E-09
1052 6.000 1 2.000 6.57788 1.288E+05 3.949E+11 3.263E-07 2.507E-09
865 4.000 1 2.000 6.72871 1.807E+05 4.947E+11 3.653E-07 2.453E-09
214 6.000 1 2.000 8.16941 8.137E+04 7.631E+12 1.066E-08 2.443E-09
521 6.000 1 2.000 7.07891 1.082E+05 4.012E+11 2.698E-07 2.440E-09
195 4.000 1 2.000 8.22431 1.201E+05 3.531E+12 3.402E-08 2.436E-09
651 4.000 1 2.000 6.93018 1.683E+05 2.703E+11 6.226E-07 2.424E-09
928 4.000 1 2.000 6.67174 1.814E+05 4.032E+11 4.499E-07 2.422E-09
404 4.000 1 2.000 7.26804 1.470E+05 5.576E+11 2.637E-07 2.329E-09
718 4.000 1 2.000 6.89342 1.541E+05 3.748E+11 4.112E-07 2.196E-09
204 6.000 1 2.000 8.20850 7.175E+04 7.603E+12 9.437E-09 2.174E-09
736 6.000 1 2.000 6.88294 1.004E+05 4.392E+11 2.287E-07 2.140E-09
1106 2.000 1 2.000 6.45880 3.248E+05 2.004E+11 1.621E-06 2.031E-09
995 4.000 1 2.000 6.62749 1.525E+05 6.208E+11 2.457E-07 2.009E-09
825 6.000 1 2.000 6.78672 9.570E+04 6.996E+11 1.368E-07 1.983E-09
1020 4.000 1 2.000 6.59932 1.357E+05 3.825E+11 3.548E-07 1.772E-09
445 6.000 1 2.000 7.20513 7.500E+04 1.502E+12 4.993E-08 1.751E-09
690 6.000 1 2.000 6.91114 8.027E+04 8.337E+11 9.627E-08 1.724E-09
724 4.000 1 2.000 6.88589 1.179E+05 2.079E+11 5.672E-07 1.676E-09
795 4.000 1 2.000 6.81085 1.180E+05 6.353E+11 1.857E-07 1.641E-09
372 4.000 1 2.000 7.38944 9.894E+04 2.120E+12 4.668E-08 1.620E-09
19 2.000 1 2.000 11.8091 7.350E+04 2.673E+12 2.750E-08 1.537E-09
557 4.000 1 2.000 7.03955 1.030E+05 3.734E+11 2.759E-07 1.531E-09
103 6.000 1 2.000 10.4204 3.117E+04 1.762E+13 1.769E-09 1.522E-09
153 6.000 1 2.000 8.66604 4.418E+04 1.560E+12 2.833E-08 1.492E-09
983 4.000 1 2.000 6.63039 1.127E+05 3.407E+11 3.309E-07 1.486E-09
863 4.000 1 2.000 6.72934 1.040E+05 4.784E+11 2.174E-07 1.412E-09
301 6.000 1 2.000 7.50947 5.440E+04 3.415E+12 1.593E-08 1.380E-09
754 6.000 1 2.000 6.85008 6.380E+04 3.542E+11 1.801E-07 1.347E-09
637 4.000 1 2.000 6.93403 8.433E+04 8.413E+11 1.002E-07 1.216E-09
218 4.000 1 2.000 8.13782 6.053E+04 3.513E+12 1.723E-08 1.202E-09
872 6.000 1 2.000 6.72624 5.850E+04 6.163E+11 9.492E-08 1.190E-09
193 6.000 1 2.000 8.23766 3.637E+04 3.144E+12 1.157E-08 1.110E-09
220 6.000 1 2.000 8.13602 3.717E+04 3.510E+12 1.059E-08 1.107E-09
811 6.000 1 2.000 6.79142 5.260E+04 2.769E+11 1.899E-07 1.091E-09
845 6.000 1 2.000 6.74872 5.273E+04 2.374E+11 2.221E-07 1.080E-09
1103 4.000 1 2.000 6.49648 8.505E+04 3.771E+11 2.255E-07 1.076E-09
527 6.000 1 2.000 7.07528 4.777E+04 1.083E+12 4.412E-08 1.076E-09
124 6.000 1 2.000 10.0407 2.360E+04 1.357E+13 1.739E-09 1.070E-09
926 4.000 1 2.000 6.67229 7.720E+04 3.755E+11 2.056E-07 1.030E-09
1066 4.000 1 2.000 6.55068 7.942E+04 3.697E+11 2.148E-07 1.022E-09
190 6.000 1 2.000 8.26042 3.300E+04 4.577E+12 7.210E-09 1.013E-09
363 4.000 1 2.000 7.41759 5.926E+04 2.553E+12 2.321E-08 9.776E-10
903 6.000 1 2.000 6.70752 4.793E+04 4.522E+11 1.060E-07 9.700E-10
943 6.000 1 2.000 6.65078 4.760E+04 3.577E+11 1.331E-07 9.470E-10
348 6.000 1 2.000 7.44155 3.763E+04 4.570E+12 8.235E-09 9.375E-10
189 6.000 1 2.000 8.26142 3.027E+04 3.106E+12 9.744E-09 9.295E-10
207 6.000 1 2.000 8.18930 3.072E+04 3.681E+12 8.344E-09 9.265E-10
87 6.000 1 2.000 10.5666 1.777E+04 2.692E+12 6.600E-09 8.925E-10
1108 4.000 1 2.000 6.45721 6.816E+04 3.202E+11 2.129E-07 8.525E-10
875 4.000 1 2.000 6.72605 6.023E+04 6.537E+11 9.214E-08 8.167E-10
892 6.000 1 2.000 6.71632 4.003E+04 2.389E+11 1.676E-07 8.120E-10
116 6.000 1 2.000 10.2685 1.688E+04 2.330E+13 7.247E-10 8.010E-10
745 4.000 1 2.000 6.85202 5.518E+04 2.442E+11 2.260E-07 7.765E-10
960 6.000 1 2.000 6.64667 3.847E+04 4.566E+11 8.425E-08 7.645E-10
1000 6.000 1 2.000 6.60948 3.887E+04 2.983E+11 1.303E-07 7.635E-10
1018 4.000 1 2.000 6.59962 5.827E+04 3.186E+11 1.829E-07 7.612E-10
669 6.000 1 2.000 6.92769 3.462E+04 9.417E+11 3.676E-08 7.470E-10
510 6.000 1 2.000 7.09613 3.288E+04 2.673E+12 1.230E-08 7.445E-10
351 6.000 1 2.000 7.44063 2.928E+04 4.737E+11 6.181E-08 7.290E-10
760 4.000 1 2.000 6.84986 5.105E+04 4.150E+11 1.230E-07 7.180E-10
1030 6.000 1 2.000 6.59104 3.628E+04 3.623E+11 1.002E-07 7.090E-10
1113 4.000 1 2.000 6.42769 5.633E+04 3.261E+11 1.728E-07 6.979E-10
324 6.000 1 2.000 7.47253 2.738E+04 2.875E+12 9.525E-09 6.875E-10
131 2.000 1 2.000 8.82076 5.520E+04 1.490E+12 3.705E-08 6.440E-10
779 4.000 1 2.000 6.84286 4.577E+04 9.194E+11 4.978E-08 6.429E-10
796 6.000 1 2.000 6.81054 3.002E+04 6.025E+11 4.982E-08 6.265E-10
1047 6.000 1 2.000 6.57846 3.213E+04 2.963E+11 1.084E-07 6.255E-10
65 6.000 1 2.000 10.8264 1.124E+04 1.877E+12 5.990E-09 5.925E-10
1067 6.000 1 2.000 6.55055 3.037E+04 3.042E+11 9.981E-08 5.860E-10
39 6.000 1 2.000 11.2953 1.020E+04 7.249E+12 1.407E-09 5.855E-10
659 6.000 1 2.000 6.92888 2.618E+04 3.104E+11 8.436E-08 5.650E-10
1070 4.000 1 2.000 6.55026 4.173E+04 4.282E+11 9.745E-08 5.371E-10
80 6.000 1 2.000 10.6550 1.037E+04 2.886E+12 3.593E-09 5.295E-10
700 6.000 1 2.000 6.90807 2.345E+04 9.950E+11 2.357E-08 5.030E-10
1086 6.000 1 2.000 6.52013 2.628E+04 3.106E+11 8.463E-08 5.025E-10
979 4.000 1 2.000 6.63082 3.794E+04 3.052E+11 1.243E-07 5.002E-10
708 6.000 1 2.000 6.90313 2.333E+04 1.779E+12 1.311E-08 5.000E-10
742 6.000 1 2.000 6.85297 2.302E+04 3.861E+11 5.962E-08 4.861E-10
376 4.000 1 2.000 7.37955 2.916E+04 2.192E+12 1.330E-08 4.761E-10
200 6.000 1 2.000 8.21871 1.533E+04 5.087E+12 3.013E-09 4.657E-10
946 4.000 1 2.000 6.65011 3.472E+04 3.864E+11 8.985E-08 4.606E-10
855 4.000 1 2.000 6.74342 3.297E+04 7.861E+11 4.195E-08 4.496E-10
1111 2.000 1 2.000 6.42890 7.130E+04 2.320E+11 3.074E-07 4.417E-10
639 6.000 1 2.000 6.93359 1.985E+04 7.801E+11 2.544E-08 4.291E-10
1003 4.000 1 2.000 6.60894 3.224E+04 3.400E+11 9.482E-08 4.221E-10
513 4.000 1 2.000 7.08274 2.773E+04 3.738E+11 7.418E-08 4.170E-10
927 6.000 1 2.000 6.67214 2.042E+04 3.567E+11 5.724E-08 4.087E-10
458 6.000 1 2.000 7.15679 1.720E+04 2.242E+12 7.671E-09 3.960E-10
17 2.000 1 2.000 12.0637 1.788E+04 1.509E+11 1.185E-07 3.901E-10
710 4.000 1 2.000 6.89582 2.714E+04 1.652E+11 1.643E-07 3.870E-10
774 4.000 1 2.000 6.84592 2.736E+04 8.613E+11 3.177E-08 3.844E-10
906 4.000 1 2.000 6.70649 2.763E+04 4.930E+11 5.605E-08 3.728E-10
1050 4.000 1 2.000 6.57803 2.840E+04 3.831E+11 7.412E-08 3.685E-10
980 6.000 1 2.000 6.63069 1.768E+04 2.982E+11 5.930E-08 3.496E-10
497 6.000 1 2.000 7.10964 1.530E+04 1.290E+12 1.186E-08 3.478E-10
807 6.000 1 2.000 6.79255 1.670E+04 2.684E+11 6.222E-08 3.466E-10
239 6.000 1 2.000 7.95059 1.212E+04 5.600E+12 2.164E-09 3.446E-10
234 6.000 1 2.000 8.07964 1.173E+04 1.168E+13 1.004E-09 3.443E-10
481 6.000 1 2.000 7.12314 1.451E+04 1.936E+12 7.493E-09 3.311E-10
733 6.000 1 2.000 6.88320 1.549E+04 4.663E+11 3.323E-08 3.301E-10
311 6.000 1 2.000 7.48583 1.305E+04 8.675E+11 1.505E-08 3.290E-10
1019 6.000 1 2.000 6.59955 1.625E+04 2.934E+11 5.538E-08 3.183E-10
241 2.000 1 2.000 7.91961 3.276E+04 8.983E+11 3.647E-08 3.080E-10
694 4.000 1 2.000 6.90979 2.138E+04 8.931E+11 2.394E-08 3.061E-10
528 4.000 1 2.000 7.07509 1.985E+04 1.121E+12 1.771E-08 2.979E-10
832 6.000 1 2.000 6.78360 1.377E+04 1.176E+12 1.171E-08 2.849E-10
604 4.000 1 2.000 6.97635 1.949E+04 2.003E+11 9.727E-08 2.844E-10
630 4.000 1 2.000 6.94030 1.880E+04 3.760E+11 5.000E-08 2.716E-10
442 6.000 1 2.000 7.20621 1.109E+04 1.663E+12 6.670E-09 2.590E-10
384 6.000 1 2.000 7.36562 1.038E+04 5.932E+12 1.749E-09 2.532E-10
155 6.000 1 2.000 8.64828 6.958E+03 3.798E+12 1.832E-09 2.341E-10
127 2.000 1 2.000 9.04297 1.884E+04 9.080E+11 2.074E-08 2.309E-10
961 4.000 1 2.000 6.64665 1.703E+04 4.849E+11 3.512E-08 2.256E-10
1031 4.000 1 2.000 6.59101 1.719E+04 3.869E+11 4.443E-08 2.239E-10
566 4.000 1 2.000 7.03482 1.497E+04 1.346E+12 1.112E-08 2.221E-10
262 6.000 1 2.000 7.81929 7.925E+03 1.033E+12 7.670E-09 2.180E-10
443 4.000 1 2.000 7.20594 1.379E+04 1.679E+12 8.213E-09 2.147E-10
209 6.000 1 2.000 8.18381 7.030E+03 5.869E+12 1.198E-09 2.118E-10
916 6.000 1 2.000 6.70400 9.835E+03 8.797E+11 1.118E-08 1.988E-10
373 6.000 1 2.000 7.38868 7.953E+03 2.061E+12 3.860E-09 1.953E-10
300 2.000 1 2.000 7.51131 2.278E+04 8.630E+11 2.640E-08 1.928E-10
958 6.000 1 2.000 6.64829 9.517E+03 5.419E+11 1.756E-08 1.892E-10
823 4.000 1 2.000 6.78723 1.360E+04 6.477E+11 2.099E-08 1.878E-10
791 6.000 1 2.000 6.83809 7.905E+03 1.696E+12 4.662E-09 1.662E-10
878 4.000 1 2.000 6.72432 1.219E+04 6.593E+11 1.849E-08 1.653E-10
945 4.000 1 2.000 6.65038 1.225E+04 3.798E+11 3.226E-08 1.625E-10
803 6.000 1 2.000 6.80621 7.252E+03 1.433E+12 5.059E-09 1.511E-10
1013 6.000 1 2.000 6.60762 7.282E+03 5.310E+11 1.371E-08 1.430E-10
579 6.000 1 2.000 7.02791 6.185E+03 3.427E+12 1.805E-09 1.374E-10
621 6.000 1 2.000 6.96013 6.175E+03 1.528E+12 4.042E-09 1.345E-10
222 2.000 1 2.000 8.12113 1.338E+04 7.493E+11 1.786E-08 1.323E-10
500 4.000 1 2.000 7.10587 8.228E+03 1.327E+12 6.199E-09 1.245E-10
379 6.000 1 2.000 7.37075 4.918E+03 4.376E+12 1.124E-09 1.202E-10
734 4.000 1 2.000 6.88313 8.227E+03 4.709E+11 1.747E-08 1.169E-10
392 2.000 1 2.000 7.28468 1.428E+04 4.422E+11 3.230E-08 1.136E-10
749 6.000 1 2.000 6.85096 5.300E+03 1.409E+11 3.763E-08 1.119E-10
43 2.000 1 2.000 11.2624 5.810E+03 2.756E+13 2.108E-10 1.105E-10
962 6.000 1 2.000 6.64653 5.478E+03 4.814E+11 1.138E-08 1.089E-10
1060 6.000 1 2.000 6.57701 5.590E+03 5.042E+11 1.109E-08 1.087E-10
839 6.000 1 2.000 6.75740 4.985E+03 8.006E+11 6.227E-09 1.024E-10
1087 4.000 1 2.000 6.52011 8.016E+03 3.416E+11 2.347E-08 1.022E-10
991 6.000 1 2.000 6.62916 5.012E+03 5.889E+11 8.510E-09 9.905E-11
512 6.000 1 2.000 7.08395 4.257E+03 2.620E+11 1.625E-08 9.610E-11
82 4.000 1 2.000 10.6366 2.771E+03 4.626E+12 5.990E-10 9.402E-11
505 6.000 1 2.000 7.09877 4.118E+03 1.757E+12 2.343E-09 9.335E-11
45 2.000 1 2.000 11.2479 4.852E+03 3.963E+12 1.224E-09 9.200E-11
556 6.000 1 2.000 7.03981 4.087E+03 1.291E+12 3.165E-09 9.110E-11
120 6.000 1 2.000 10.2049 1.930E+03 2.546E+13 7.579E-11 9.040E-11
550 6.000 1 2.000 7.05015 4.037E+03 5.398E+11 7.478E-09 9.025E-11
922 6.000 1 2.000 6.70065 4.415E+03 6.599E+11 6.690E-09 8.915E-11
871 6.000 1 2.000 6.72624 4.352E+03 8.113E+11 5.364E-09 8.855E-11
682 6.000 1 2.000 6.92651 4.033E+03 1.937E+12 2.082E-09 8.705E-11
229 6.000 1 2.000 8.09291 2.907E+03 8.532E+12 3.407E-10 8.560E-11
518 6.000 1 2.000 7.07917 3.713E+03 3.263E+11 1.138E-08 8.370E-11
934 6.000 1 2.000 6.67003 4.155E+03 7.625E+11 5.449E-09 8.315E-11
459 2.000 1 2.000 7.14702 1.052E+04 3.750E+11 2.806E-08 8.060E-11
822 4.000 1 2.000 6.78781 5.680E+03 6.355E+11 8.938E-09 7.850E-11
73 2.000 1 2.000 10.7549 4.378E+03 1.455E+13 3.008E-10 7.595E-11
345 6.000 1 2.000 7.44646 3.000E+03 3.016E+12 9.946E-10 7.480E-11
870 6.000 1 2.000 6.72680 3.660E+03 6.652E+11 5.502E-09 7.450E-11
499 4.000 1 2.000 7.10739 4.762E+03 1.314E+12 3.624E-09 7.213E-11
486 6.000 1 2.000 7.12081 2.997E+03 2.955E+12 1.014E-09 6.835E-11
1002 4.000 1 2.000 6.60917 5.196E+03 3.174E+11 1.637E-08 6.807E-11
79 2.000 1 2.000 10.6596 3.966E+03 4.394E+12 9.027E-10 6.755E-11
842 4.000 1 2.000 6.75051 4.927E+03 1.979E+11 2.490E-08 6.732E-11
76 2.000 1 2.000 10.7280 3.874E+03 4.101E+12 9.444E-10 6.685E-11
582 6.000 1 2.000 6.99434 3.028E+03 2.142E+11 1.414E-08 6.665E-11
656 6.000 1 2.000 6.92956 3.045E+03 2.528E+11 1.204E-08 6.575E-11
555 4.000 1 2.000 7.04006 4.393E+03 1.163E+12 3.777E-09 6.528E-11
277 2.000 1 2.000 7.70043 7.260E+03 5.218E+11 1.391E-08 6.455E-11
1035 4.000 1 2.000 6.59005 4.785E+03 4.015E+11 1.192E-08 6.234E-11
369 6.000 1 2.000 7.40908 2.485E+03 7.315E+11 3.397E-09 6.135E-11
332 2.000 1 2.000 7.46699 7.120E+03 9.912E+11 7.183E-09 5.950E-11
265 6.000 1 2.000 7.81188 2.102E+03 2.163E+12 9.716E-10 5.770E-11
703 6.000 1 2.000 6.90476 2.618E+03 1.115E+12 2.348E-09 5.615E-11
940 6.000 1 2.000 6.65935 2.783E+03 5.033E+11 5.530E-09 5.550E-11
802 6.000 1 2.000 6.80712 2.657E+03 9.271E+11 2.865E-09 5.540E-11
741 4.000 1 2.000 6.85433 3.817E+03 3.064E+11 1.246E-08 5.377E-11
886 6.000 1 2.000 6.72155 2.577E+03 1.609E+12 1.602E-09 5.235E-11
874 6.000 1 2.000 6.72608 2.448E+03 6.279E+11 3.899E-09 4.984E-11
328 6.000 1 2.000 7.46842 1.963E+03 4.767E+12 4.119E-10 4.925E-11
882 6.000 1 2.000 6.72247 2.343E+03 1.221E+12 1.919E-09 4.763E-11
1091 4.000 1 2.000 6.51954 3.617E+03 3.640E+11 9.938E-09 4.609E-11
547 2.000 1 2.000 7.05535 5.940E+03 2.292E+11 2.592E-08 4.434E-11
467 4.000 1 2.000 7.13335 2.814E+03 1.192E+12 2.360E-09 4.293E-11
355 6.000 1 2.000 7.42823 1.692E+03 7.739E+11 2.186E-09 4.198E-11
1049 4.000 1 2.000 6.57821 3.185E+03 3.158E+11 1.009E-08 4.134E-11
1026 6.000 1 2.000 6.59834 2.097E+03 5.720E+11 3.665E-09 4.107E-11
166 2.000 1 2.000 8.50798 3.664E+03 1.503E+12 2.437E-09 3.976E-11
933 6.000 1 2.000 6.67047 1.957E+03 5.128E+11 3.816E-09 3.916E-11
584 2.000 1 2.000 6.99189 5.020E+03 2.027E+11 2.477E-08 3.678E-11
148 2.000 1 2.000 8.68138 3.148E+03 1.085E+13 2.900E-10 3.556E-11
1025 6.000 1 2.000 6.59859 1.782E+03 3.952E+11 4.508E-09 3.489E-11
996 6.000 1 2.000 6.62438 1.755E+03 8.575E+11 2.047E-09 3.464E-11
905 4.000 1 2.000 6.70692 2.544E+03 4.824E+11 5.273E-09 3.431E-11
432 6.000 1 2.000 7.21998 1.438E+03 3.946E+11 3.643E-09 3.371E-11
744 6.000 1 2.000 6.85235 1.575E+03 1.562E+11 1.008E-08 3.326E-11
723 6.000 1 2.000 6.88635 1.556E+03 1.374E+11 1.132E-08 3.319E-11
191 2.000 1 2.000 8.25473 3.143E+03 3.241E+12 9.697E-10 3.211E-11
1072 4.000 1 2.000 6.54980 2.449E+03 3.449E+11 7.100E-09 3.150E-11
1032 6.000 1 2.000 6.59097 1.578E+03 3.699E+11 4.265E-09 3.083E-11
993 6.000 1 2.000 6.62816 1.560E+03 6.060E+11 2.574E-09 3.082E-11
1079 6.000 1 2.000 6.54885 1.573E+03 6.003E+11 2.621E-09 3.034E-11
387 2.000 1 2.000 7.32468 3.716E+03 2.695E+11 1.379E-08 2.989E-11
622 2.000 1 2.000 6.94583 4.105E+03 1.821E+11 2.254E-08 2.970E-11
281 2.000 1 2.000 7.66641 3.331E+03 9.562E+11 3.483E-09 2.935E-11
244 2.000 1 2.000 7.89515 3.117E+03 1.041E+12 2.995E-09 2.913E-11
185 2.000 1 2.000 8.27440 2.804E+03 3.180E+12 8.815E-10 2.877E-11
965 4.000 1 2.000 6.64523 2.165E+03 5.107E+11 4.240E-09 2.867E-11
575 6.000 1 2.000 7.03046 1.282E+03 2.557E+12 5.015E-10 2.852E-11
184 6.000 1 2.000 8.28158 9.017E+02 1.607E+12 5.610E-10 2.781E-11
912 6.000 1 2.000 6.70474 1.334E+03 5.343E+11 2.497E-09 2.697E-11
889 4.000 1 2.000 6.71753 1.993E+03 2.133E+11 9.344E-09 2.697E-11
828 6.000 1 2.000 6.78462 1.292E+03 7.666E+11 1.685E-09 2.674E-11
1042 6.000 1 2.000 6.58874 1.352E+03 8.647E+11 1.564E-09 2.641E-11
972 6.000 1 2.000 6.64343 1.324E+03 1.139E+12 1.163E-09 2.628E-11
806 4.000 1 2.000 6.79399 1.894E+03 2.140E+11 8.848E-09 2.621E-11
428 2.000 1 2.000 7.22990 3.250E+03 2.275E+11 1.429E-08 2.548E-11
1082 6.000 1 2.000 6.54823 1.273E+03 6.950E+11 1.832E-09 2.455E-11
523 6.000 1 2.000 7.07769 1.085E+03 6.978E+11 1.555E-09 2.444E-11
857 6.000 1 2.000 6.73872 1.162E+03 1.187E+12 9.788E-10 2.373E-11
1104 6.000 1 2.000 6.49496 1.051E+03 4.821E+11 2.180E-09 1.994E-11
691 2.000 1 2.000 6.91109 2.720E+03 1.715E+11 1.585E-08 1.947E-11
1068 6.000 1 2.000 6.55049 9.947E+02 3.112E+11 3.196E-09 1.920E-11
1098 6.000 1 2.000 6.51882 9.957E+02 6.228E+11 1.599E-09 1.903E-11
308 2.000 1 2.000 7.49028 2.184E+03 6.358E+11 3.435E-09 1.837E-11
775 6.000 1 2.000 6.84582 8.598E+02 8.439E+11 1.019E-09 1.812E-11
260 4.000 1 2.000 7.83783 9.762E+02 1.096E+12 8.907E-10 1.798E-11
435 6.000 1 2.000 7.21236 7.557E+02 4.851E+11 1.558E-09 1.768E-11
406 2.000 1 2.000 7.26666 2.210E+03 4.879E+11 4.529E-09 1.750E-11
133 2.000 1 2.000 8.78228 1.506E+03 1.578E+12 9.541E-10 1.741E-11
256 2.000 1 2.000 7.85358 1.866E+03 5.444E+12 3.429E-10 1.726E-11
453 2.000 1 2.000 7.16411 2.130E+03 1.658E+11 1.285E-08 1.639E-11
1109 6.000 1 2.000 6.45608 8.202E+02 3.900E+11 2.103E-09 1.537E-11
1055 6.000 1 2.000 6.57733 7.867E+02 3.197E+11 2.460E-09 1.531E-11
1008 6.000 1 2.000 6.60800 7.747E+02 3.430E+11 2.258E-09 1.521E-11
968 6.000 1 2.000 6.64415 7.150E+02 8.251E+11 8.665E-10 1.420E-11
472 2.000 1 2.000 7.12884 1.836E+03 8.790E+11 2.088E-09 1.399E-11
493 2.000 1 2.000 7.11620 1.716E+03 1.432E+11 1.198E-08 1.302E-11
953 6.000 1 2.000 6.64878 6.425E+02 4.240E+11 1.515E-09 1.278E-11
726 6.000 1 2.000 6.88460 5.943E+02 1.744E+11 3.407E-09 1.267E-11
1114 6.000 1 2.000 6.42684 6.662E+02 3.584E+11 1.859E-09 1.237E-11
23 2.000 1 2.000 11.6672 5.965E+02 1.861E+12 3.205E-10 1.217E-11
303 2.000 1 2.000 7.49646 1.359E+03 1.867E+12 7.279E-10 1.145E-11
1038 6.000 1 2.000 6.58923 5.592E+02 6.398E+11 8.740E-10 1.092E-11
177 2.000 1 2.000 8.39482 1.013E+03 7.424E+12 1.364E-10 1.070E-11
559 2.000 1 2.000 7.03898 1.398E+03 2.495E+11 5.603E-09 1.038E-11
534 2.000 1 2.000 7.07034 1.324E+03 4.774E+11 2.772E-09 9.920E-12
783 6.000 1 2.000 6.84043 4.695E+02 1.530E+12 3.069E-10 9.880E-12
69 2.000 1 2.000 10.7956 5.300E+02 5.741E+12 9.232E-11 9.260E-12
988 6.000 1 2.000 6.62948 4.643E+02 3.375E+11 1.376E-09 9.180E-12
788 6.000 1 2.000 6.83909 4.342E+02 1.653E+12 2.627E-10 9.135E-12
515 2.000 1 2.000 7.08032 1.146E+03 1.408E+11 8.138E-09 8.615E-12
545 2.000 1 2.000 7.05626 1.126E+03 1.541E+12 7.308E-10 8.405E-12
292 2.000 1 2.000 7.62086 9.385E+02 3.930E+12 2.388E-10 8.170E-12
313 2.000 1 2.000 7.48545 9.705E+02 1.891E+12 5.132E-10 8.155E-12
596 4.000 1 2.000 6.98821 5.484E+02 8.204E+11 6.684E-10 8.027E-12
180 2.000 1 2.000 8.31759 7.415E+02 3.058E+12 2.425E-10 7.695E-12
686 6.000 1 2.000 6.92298 3.512E+02 1.770E+12 1.984E-10 7.570E-12
605 2.000 1 2.000 6.97598 1.016E+03 2.062E+11 4.925E-09 7.410E-12
653 2.000 1 2.000 6.92986 9.475E+02 2.705E+11 3.503E-09 6.820E-12
438 6.000 1 2.000 7.21011 2.902E+02 9.068E+11 3.200E-10 6.785E-12
466 2.000 1 2.000 7.13516 8.745E+02 1.239E+12 7.060E-10 6.675E-12
422 2.000 1 2.000 7.25371 7.955E+02 2.030E+12 3.918E-10 6.275E-12
1094 6.000 1 2.000 6.51911 3.077E+02 4.464E+11 6.892E-10 5.880E-12
358 6.000 1 2.000 7.42422 2.203E+02 1.419E+12 1.552E-10 5.460E-12
753 6.000 1 2.000 6.85052 2.453E+02 3.788E+11 6.477E-10 5.175E-12
119 2.000 1 2.000 10.2173 3.296E+02 5.266E+12 6.259E-11 5.160E-12
393 2.000 1 2.000 7.28297 6.160E+02 9.055E+11 6.803E-10 4.900E-12
949 6.000 1 2.000 6.64943 2.348E+02 2.972E+11 7.902E-10 4.670E-12
711 2.000 1 2.000 6.89553 6.365E+02 2.400E+11 2.652E-09 4.538E-12
628 2.000 1 2.000 6.94045 6.190E+02 4.367E+11 1.417E-09 4.472E-12
941 6.000 1 2.000 6.65256 2.102E+02 1.777E+11 1.183E-09 4.182E-12
485 2.000 1 2.000 7.12127 5.500E+02 1.333E+12 4.127E-10 4.182E-12
740 2.000 1 2.000 6.85436 5.665E+02 3.413E+11 1.660E-09 3.991E-12
417 2.000 1 2.000 7.25801 4.929E+02 2.055E+12 2.399E-10 3.893E-12
998 6.000 1 2.000 6.61080 1.962E+02 1.594E+11 1.231E-09 3.856E-12
401 2.000 1 2.000 7.27041 4.821E+02 1.993E+12 2.419E-10 3.820E-12
635 2.000 1 2.000 6.93506 5.260E+02 8.760E+11 6.004E-10 3.794E-12
90 2.000 1 2.000 10.5284 2.262E+02 4.989E+12 4.535E-11 3.761E-12
1045 6.000 1 2.000 6.57947 1.815E+02 1.775E+11 1.022E-09 3.533E-12
1088 6.000 1 2.000 6.52008 1.745E+02 3.162E+11 5.518E-10 3.336E-12
570 2.000 1 2.000 7.03333 4.163E+02 9.839E+11 4.231E-10 3.087E-12
805 2.000 1 2.000 6.79405 4.309E+02 2.111E+11 2.041E-09 2.982E-12
794 2.000 1 2.000 6.81164 4.246E+02 6.033E+11 7.037E-10 2.953E-12
729 6.000 1 2.000 6.88406 1.280E+02 3.296E+11 3.881E-10 2.727E-12
862 2.000 1 2.000 6.72984 3.412E+02 4.561E+11 7.481E-10 2.317E-12
618 2.000 1 2.000 6.96729 3.098E+02 7.750E+11 3.998E-10 2.255E-12
798 2.000 1 2.000 6.80967 3.191E+02 6.469E+11 4.932E-10 2.218E-12
640 2.000 1 2.000 6.93348 3.053E+02 1.327E+12 2.301E-10 2.201E-12
94 6.000 1 2.000 10.5033 3.993E+01 3.373E+12 1.184E-11 1.981E-12
490 6.000 1 2.000 7.11892 8.607E+01 4.798E+11 1.794E-10 1.962E-12
841 2.000 1 2.000 6.75053 2.799E+02 2.199E+11 1.272E-09 1.912E-12
1076 6.000 1 2.000 6.54926 9.703E+01 5.182E+11 1.872E-10 1.872E-12
615 2.000 1 2.000 6.97184 2.450E+02 8.048E+11 3.044E-10 1.786E-12
925 2.000 1 2.000 6.67268 2.599E+02 3.589E+11 7.239E-10 1.734E-12
586 6.000 1 2.000 6.99101 7.752E+01 2.615E+11 2.964E-10 1.704E-12
866 2.000 1 2.000 6.72848 2.407E+02 4.954E+11 4.858E-10 1.634E-12
699 2.000 1 2.000 6.90821 2.282E+02 9.207E+11 2.478E-10 1.632E-12
888 2.000 1 2.000 6.71760 2.394E+02 1.984E+11 1.207E-09 1.620E-12
450 2.000 1 2.000 7.16909 2.046E+02 1.259E+12 1.625E-10 1.576E-12
650 2.000 1 2.000 6.93031 2.086E+02 1.007E+12 2.072E-10 1.502E-12
425 6.000 1 2.000 7.25208 6.152E+01 2.845E+12 2.162E-11 1.455E-12
58 2.000 1 2.000 11.0235 7.980E+01 1.568E+13 5.090E-12 1.454E-12
295 2.000 1 2.000 7.53319 1.654E+02 2.008E+12 8.242E-11 1.408E-12
688 6.000 1 2.000 6.91671 6.405E+01 3.531E+11 1.814E-10 1.379E-12
720 2.000 1 2.000 6.89333 1.873E+02 5.031E+11 3.723E-10 1.335E-12
978 2.000 1 2.000 6.63109 2.014E+02 3.005E+11 6.703E-10 1.327E-12
929 2.000 1 2.000 6.67169 1.849E+02 3.910E+11 4.729E-10 1.234E-12
678 2.000 1 2.000 6.92715 1.692E+02 5.572E+11 3.038E-10 1.218E-12
860 6.000 1 2.000 6.73018 5.798E+01 3.020E+11 1.920E-10 1.181E-12
237 2.000 1 2.000 7.99520 1.182E+02 3.347E+12 3.531E-11 1.133E-12
470 2.000 1 2.000 7.13054 1.472E+02 7.061E+11 2.084E-10 1.122E-12
217 6.000 1 2.000 8.13980 3.738E+01 3.071E+12 1.217E-11 1.114E-12
1017 2.000 1 2.000 6.59985 1.692E+02 3.026E+11 5.591E-10 1.105E-12
375 2.000 1 2.000 7.38668 1.323E+02 2.048E+12 6.461E-11 1.083E-12
165 2.000 1 2.000 8.58891 9.010E+01 8.239E+12 1.094E-11 9.965E-13
501 2.000 1 2.000 7.10454 1.316E+02 1.345E+12 9.781E-11 9.955E-13
778 2.000 1 2.000 6.84298 1.407E+02 6.048E+11 2.325E-10 9.875E-13
770 2.000 1 2.000 6.84792 1.332E+02 7.719E+11 1.726E-10 9.365E-13
982 2.000 1 2.000 6.63042 1.311E+02 3.185E+11 4.115E-10 8.635E-13
1028 6.000 1 2.000 6.59298 4.345E+01 1.854E+11 2.344E-10 8.495E-13
1063 6.000 1 2.000 6.55199 4.327E+01 1.703E+11 2.541E-10 8.355E-13
1084 6.000 1 2.000 6.52122 4.348E+01 1.981E+11 2.195E-10 8.315E-13
646 2.000 1 2.000 6.93175 1.105E+02 6.807E+11 1.623E-10 7.955E-13
1021 2.000 1 2.000 6.59926 1.164E+02 3.725E+11 3.125E-10 7.600E-13
854 2.000 1 2.000 6.74426 1.079E+02 8.165E+11 1.321E-10 7.355E-13
818 2.000 1 2.000 6.78965 9.845E+01 5.932E+11 1.660E-10 6.805E-13
221 2.000 1 2.000 8.13063 5.965E+01 3.245E+12 1.838E-11 5.910E-13
836 2.000 1 2.000 6.76059 8.335E+01 4.553E+11 1.831E-10 5.710E-13
907 2.000 1 2.000 6.70633 7.585E+01 4.868E+11 1.558E-10 5.115E-13
986 2.000 1 2.000 6.62954 7.455E+01 3.138E+11 2.376E-10 4.914E-13
685 2.000 1 2.000 6.92623 6.150E+01 6.916E+11 8.892E-11 4.423E-13
901 6.000 1 2.000 6.71000 2.117E+01 2.167E+11 9.770E-11 4.286E-13
899 2.000 1 2.000 6.71525 6.190E+01 4.283E+11 1.445E-10 4.185E-13
202 2.000 1 2.000 8.20993 3.700E+01 3.412E+12 1.084E-11 3.739E-13
824 2.000 1 2.000 6.78684 5.385E+01 6.474E+11 8.317E-11 3.718E-13
937 2.000 1 2.000 6.66106 5.550E+01 2.994E+11 1.854E-10 3.693E-13
342 2.000 1 2.000 7.45631 4.206E+01 2.149E+12 1.957E-11 3.506E-13
919 2.000 1 2.000 6.70289 4.853E+01 3.665E+11 1.324E-10 3.269E-13
852 2.000 1 2.000 6.74727 4.677E+01 5.219E+11 8.962E-11 3.192E-13
1004 2.000 1 2.000 6.60882 4.444E+01 3.394E+11 1.310E-10 2.910E-13
947 2.000 1 2.000 6.64993 4.327E+01 3.922E+11 1.104E-10 2.870E-13
533 2.000 1 2.000 7.07322 3.248E+01 1.247E+12 2.606E-11 2.436E-13
1051 2.000 1 2.000 6.57793 3.626E+01 3.771E+11 9.615E-11 2.352E-13
590 6.000 1 2.000 6.99001 9.382E+00 4.815E+11 1.949E-11 2.062E-13
673 2.000 1 2.000 6.92737 2.859E+01 5.397E+11 5.296E-11 2.057E-13
1065 2.000 1 2.000 6.55086 2.579E+01 4.735E+11 5.446E-11 1.659E-13
161 2.000 1 2.000 8.61389 1.296E+01 7.439E+12 1.743E-12 1.442E-13
964 2.000 1 2.000 6.64617 2.138E+01 4.673E+11 4.575E-11 1.416E-13
560 2.000 1 2.000 7.03823 1.519E+01 1.224E+12 1.241E-11 1.128E-13
597 2.000 1 2.000 6.98815 1.235E+01 7.278E+11 1.696E-11 9.040E-14
877 2.000 1 2.000 6.72563 1.269E+01 6.160E+11 2.060E-11 8.605E-14
1102 2.000 1 2.000 6.49675 1.302E+01 3.948E+11 3.297E-11 8.240E-14
275 2.000 1 2.000 7.78819 7.440E+00 4.433E+12 1.678E-12 6.765E-14
1034 2.000 1 2.000 6.59072 1.015E+01 3.734E+11 2.718E-11 6.610E-14
777 2.000 1 2.000 6.84481 9.345E+00 7.902E+11 1.183E-11 6.565E-14
1107 2.000 1 2.000 6.45741 9.975E+00 3.364E+11 2.965E-11 6.235E-14
994 2.000 1 2.000 6.62798 8.985E+00 6.561E+11 1.369E-11 5.920E-14
1090 2.000 1 2.000 6.51995 8.590E+00 3.557E+11 2.415E-11 5.475E-14
105 2.000 1 2.000 10.4094 3.232E+00 5.017E+12 6.442E-13 5.250E-14
1112 2.000 1 2.000 6.42784 7.970E+00 3.456E+11 2.306E-11 4.938E-14
271 2.000 1 2.000 7.79796 3.929E+00 3.918E+12 1.003E-12 3.582E-14
820 6.000 1 2.000 6.78869 1.482E+00 5.645E+11 2.625E-12 3.072E-14
364 2.000 1 2.000 7.41741 3.301E+00 2.282E+12 1.447E-12 2.723E-14
329 2.000 1 2.000 7.46819 2.934E+00 2.436E+12 1.204E-12 2.454E-14
1071 2.000 1 2.000 6.55025 2.764E+00 3.450E+11 8.009E-12 1.777E-14
368 2.000 1 2.000 7.41244 1.433E+00 2.637E+12 5.436E-13 1.181E-14
603 2.000 1 2.000 6.98689 1.044E+00 8.649E+11 1.207E-12 7.640E-15
53 2.000 1 2.000 11.1468 3.362E-01 1.673E+13 2.010E-14 6.265E-15
765 2.000 1 2.000 6.84928 8.815E-01 4.899E+11 1.799E-12 6.200E-15
735 2.000 1 2.000 6.88311 8.720E-01 4.285E+11 2.035E-12 6.195E-15
739 2.000 1 2.000 6.88239 3.772E-01 5.386E+11 7.004E-13 2.679E-15
761 2.000 1 2.000 6.84984 1.125E-01 3.782E+11 2.976E-13 7.920E-16
444 2.000 1 2.000 7.20584 8.715E-02 1.514E+12 5.756E-14 6.785E-16
554 6.000 1 2.000 7.04015 2.340E-02 1.182E+12 1.979E-14 5.220E-16
529 2.000 1 2.000 7.07503 1.013E-02 1.015E+12 9.987E-15 7.605E-17
448 2.000 1 2.000 7.20295 3.931E-03 1.723E+12 2.282E-15 3.058E-17
