!@# 6 5.00 10.0 30.0 100. 300. 0.100E+04
i j E(eV) a0 a1 a2
1 98 1463.875671 2.085E-09 4.117E+02 -3.052E+00
6 98 345.309541 2.475E-12 1.338E+02 -2.598E+00
12 98 152.520772 1.953E-13 5.096E+01 -2.439E+00
22 98 85.522163 4.564E-14 2.491E+01 -2.364E+00
36 98 54.623714 1.714E-14 1.429E+01 -2.324E+00
54 98 37.872898 8.293E-15 9.197E+00 -2.300E+00
76 98 27.774077 4.721E-15 6.546E+00 -2.286E+00
2 98 357.074444 1.256E-12 1.365E+02 -2.651E+00
8 98 155.869917 7.041E-14 4.823E+01 -2.450E+00
13 98 151.252993 2.584E-09 5.341E+01 -4.330E+00
18 98 86.958471 1.572E-14 2.332E+01 -2.369E+00
23 98 85.063441 4.389E-10 5.606E+01 -4.167E+00
32 98 55.385277 5.831E-15 1.334E+01 -2.327E+00
37 98 54.428610 8.225E-11 4.799E+01 -4.016E+00
50 98 38.337486 2.805E-15 8.564E+00 -2.302E+00
55 98 37.788947 2.077E-11 4.020E+01 -3.894E+00
72 98 28.098103 1.592E-15 6.044E+00 -2.288E+00
87 98 27.755565 6.581E-12 3.378E+01 -3.794E+00
3 98 346.246379 8.316E-10 9.611E+01 -3.580E+00
9 98 152.869188 4.576E-11 8.068E+01 -3.356E+00
19 98 85.713251 4.569E-12 5.330E+01 -3.165E+00
33 98 54.748978 9.118E-13 3.693E+01 -3.037E+00
51 98 37.966895 2.778E-13 2.709E+01 -2.948E+00
73 98 27.860000 1.120E-13 2.094E+01 -2.885E+00
4 98 346.094212 3.722E-10 9.636E+01 -3.584E+00
7 98 337.084291 3.282E-10 9.498E+01 -3.537E+00
10 98 152.824791 2.020E-11 8.059E+01 -3.359E+00
17 98 150.171974 2.433E-11 8.246E+01 -3.350E+00
20 98 85.694675 2.017E-12 5.326E+01 -3.167E+00
31 98 84.538796 2.544E-12 5.449E+01 -3.164E+00
34 98 54.739526 4.026E-13 3.691E+01 -3.039E+00
49 98 54.119549 5.136E-13 3.772E+01 -3.037E+00
52 98 37.961458 1.228E-13 2.710E+01 -2.950E+00
71 98 37.578904 1.572E-13 2.768E+01 -2.949E+00
74 98 27.856610 4.971E-14 2.097E+01 -2.888E+00
97 98 27.584895 6.371E-14 2.148E+01 -2.887E+00
5 98 345.774067 3.408E-10 9.598E+01 -3.586E+00
11 98 152.731287 1.870E-11 8.054E+01 -3.361E+00
21 98 85.655624 1.865E-12 5.324E+01 -3.169E+00
26 98 85.038797 1.270E-08 3.882E+01 -5.135E+00
35 98 54.719709 3.718E-13 3.691E+01 -3.041E+00
39 98 54.419840 4.503E-09 4.305E+01 -5.016E+00
53 98 37.950099 1.133E-13 2.711E+01 -2.952E+00
57 98 37.787026 1.429E-09 4.127E+01 -4.903E+00
75 98 27.849567 4.581E-14 2.100E+01 -2.890E+00
77 98 27.757963 4.465E-10 3.753E+01 -4.788E+00
14 98 151.239253 1.741E-09 5.347E+01 -4.331E+00
16 98 151.117274 2.175E-09 5.360E+01 -4.333E+00
24 98 85.057298 3.000E-10 5.608E+01 -4.168E+00
30 98 84.992139 3.640E-10 5.617E+01 -4.170E+00
38 98 54.425405 5.652E-11 4.800E+01 -4.017E+00
48 98 54.388341 6.785E-11 4.807E+01 -4.018E+00
56 98 37.787070 1.432E-11 4.021E+01 -3.895E+00
70 98 37.764081 1.707E-11 4.026E+01 -3.896E+00
94 98 27.754369 4.557E-12 3.381E+01 -3.795E+00
96 98 27.738821 5.405E-12 3.386E+01 -3.796E+00
15 98 151.208559 1.688E-09 5.349E+01 -4.333E+00
25 98 85.044798 2.861E-10 5.610E+01 -4.170E+00
41 98 54.419097 5.357E-11 4.803E+01 -4.018E+00
42 98 54.415983 8.337E-08 3.250E+01 -6.005E+00
63 98 37.783449 1.352E-11 4.023E+01 -3.897E+00
59 98 37.785073 4.651E-08 3.584E+01 -5.908E+00
95 98 27.752103 4.294E-12 3.384E+01 -3.797E+00
79 98 27.756972 1.926E-08 3.560E+01 -5.803E+00
27 98 85.038510 9.072E-09 3.882E+01 -5.135E+00
29 98 85.028930 1.224E-08 3.887E+01 -5.137E+00
40 98 54.419611 3.220E-09 4.305E+01 -5.016E+00
45 98 54.414652 4.333E-09 4.309E+01 -5.018E+00
58 98 37.786865 1.022E-09 4.127E+01 -4.903E+00
62 98 37.783961 1.364E-09 4.126E+01 -4.904E+00
78 98 27.757850 3.195E-10 3.753E+01 -4.788E+00
82 98 27.755989 4.164E-10 3.739E+01 -4.786E+00
28 98 85.029343 9.522E-09 3.887E+01 -5.137E+00
44 98 54.414997 3.373E-09 4.309E+01 -5.018E+00
61 98 37.784210 1.062E-09 4.126E+01 -4.904E+00
64 98 37.783412 6.152E-07 2.869E+01 -6.926E+00
81 98 27.756166 3.243E-10 3.739E+01 -4.786E+00
83 98 27.755917 9.749E-07 3.350E+01 -6.960E+00
43 98 54.415982 6.485E-08 3.250E+01 -6.005E+00
47 98 54.413082 8.172E-08 3.253E+01 -6.007E+00
60 98 37.785071 3.617E-08 3.584E+01 -5.908E+00
67 98 37.783386 4.535E-08 3.583E+01 -5.909E+00
80 98 27.756971 1.498E-08 3.560E+01 -5.803E+00
86 98 27.755892 1.763E-08 3.527E+01 -5.795E+00
46 98 54.413084 6.686E-08 3.253E+01 -6.007E+00
66 98 37.783388 3.711E-08 3.583E+01 -5.909E+00
85 98 27.755893 1.443E-08 3.527E+01 -5.795E+00
90 98 27.755203 3.844E-05 3.111E+01 -8.245E+00
65 98 37.783412 5.034E-07 2.869E+01 -6.926E+00
68 98 37.782293 6.261E-07 2.882E+01 -6.932E+00
84 98 27.755917 7.977E-07 3.350E+01 -6.960E+00
89 98 27.755204 1.070E-06 3.383E+01 -6.978E+00
69 98 37.782293 5.297E-07 2.882E+01 -6.932E+00
88 98 27.755204 9.053E-07 3.383E+01 -6.978E+00
91 98 27.755203 3.253E-05 3.111E+01 -8.245E+00
93 98 27.754700 1.177E-04 3.433E+01 -8.424E+00
92 98 27.754700 1.020E-04 3.433E+01 -8.424E+00
