j g(j) i g(i) wl A A+A^a A/(A+A^a) f
4 4.000 1 2.000 8.41901 1.297E+13 1.297E+13 1.000E+00 2.757E-01
2 2.000 1 2.000 8.42442 1.290E+13 1.290E+13 1.000E+00 1.372E-01
8 4.000 1 2.000 7.10561 3.475E+12 3.939E+12 8.822E-01 5.260E-02
5 2.000 1 2.000 7.10675 3.438E+12 3.905E+12 8.805E-01 2.603E-02
13 4.000 1 2.000 6.73760 1.418E+12 1.689E+12 8.396E-01 1.931E-02
10 2.000 1 2.000 6.73803 1.401E+12 1.673E+12 8.374E-01 9.535E-03
20 4.000 1 2.000 6.57986 7.153E+11 8.740E+11 8.183E-01 9.285E-03
29 4.000 1 2.000 6.49724 4.105E+11 5.094E+11 8.058E-01 5.195E-03
17 2.000 1 2.000 6.58007 7.060E+11 8.653E+11 8.159E-01 4.582E-03
40 4.000 1 2.000 6.44842 2.573E+11 3.224E+11 7.978E-01 3.208E-03
26 2.000 1 2.000 6.49736 4.050E+11 5.042E+11 8.032E-01 2.563E-03
37 2.000 1 2.000 6.44849 2.537E+11 3.191E+11 7.952E-01 1.582E-03
9 6.000 1 2.000 7.10523 1.763E+09 1.342E+12 1.314E-03 4.004E-05
7 4.000 1 2.000 7.10561 1.750E+09 1.345E+12 1.301E-03 2.650E-05
15 6.000 1 2.000 6.73745 9.717E+08 5.752E+11 1.689E-03 1.984E-05
12 4.000 1 2.000 6.73760 9.635E+08 5.761E+11 1.672E-03 1.312E-05
22 6.000 1 2.000 6.57979 5.488E+08 2.986E+11 1.838E-03 1.069E-05
19 4.000 1 2.000 6.57986 5.440E+08 2.991E+11 1.819E-03 7.060E-06
31 6.000 1 2.000 6.49720 3.335E+08 1.747E+11 1.909E-03 6.330E-06
28 4.000 1 2.000 6.49724 3.303E+08 1.750E+11 1.887E-03 4.182E-06
42 6.000 1 2.000 6.44839 2.158E+08 1.109E+11 1.945E-03 4.037E-06
39 4.000 1 2.000 6.44842 2.139E+08 1.111E+11 1.924E-03 2.667E-06
3 2.000 1 2.000 8.42420 1.557E+05 1.557E+05 1.000E+00 1.657E-09
6 2.000 1 2.000 7.10670 6.915E+04 1.325E+11 5.219E-07 5.235E-10
11 2.000 1 2.000 6.73801 3.306E+04 9.259E+10 3.570E-07 2.250E-10
18 2.000 1 2.000 6.58007 1.788E+04 5.951E+10 3.005E-07 1.161E-10
27 2.000 1 2.000 6.49735 1.066E+04 3.917E+10 2.722E-07 6.745E-11
38 2.000 1 2.000 6.44849 6.830E+03 2.676E+10 2.553E-07 4.257E-11
14 6.000 1 2.000 6.73745 1.450E-02 2.862E+11 5.065E-14 2.960E-16
21 6.000 1 2.000 6.57979 1.268E-02 1.480E+11 8.565E-14 2.469E-16
30 6.000 1 2.000 6.49720 9.295E-03 8.661E+10 1.073E-13 1.765E-16
41 6.000 1 2.000 6.44839 6.665E-03 5.506E+10 1.210E-13 1.246E-16
