!@#  6   2.00      4.00      10.0      30.0      100.      300.    
     i     j       E(eV)       a0         a1         a2
     1    50   5469.991469  3.893E-09  6.796E+02 -3.009E+00
     3    50   1369.519175  5.475E-12  3.023E+02 -2.537E+00
     6    50    607.890179  2.177E-13  8.414E+01 -2.304E+00
    11    50    341.603061  4.960E-14  3.297E+01 -2.227E+00
    18    50    218.474067  2.065E-14  1.628E+01 -2.200E+00
    27    50    151.641231  1.025E-14  7.857E+00 -2.178E+00
    38    50    111.367381  6.042E-15  4.069E+00 -2.168E+00
     2    50   1369.745568  3.776E-09  1.839E+02 -3.461E+00
     5    50    607.957260  4.605E-11  1.611E+02 -3.067E+00
    10    50    341.631360  1.550E-12  7.859E+01 -2.744E+00
    17    50    218.488552  2.210E-13  4.250E+01 -2.572E+00
    26    50    151.649618  5.969E-14  2.439E+01 -2.465E+00
    37    50    111.372662  2.484E-14  1.564E+01 -2.406E+00
     4    50   1362.387017  4.005E-09  1.826E+02 -3.473E+00
     8    50    605.775723  4.777E-11  1.592E+02 -3.075E+00
    13    50    340.711361  1.616E-12  7.787E+01 -2.752E+00
    20    50    218.017696  2.319E-13  4.234E+01 -2.581E+00
    29    50    151.377185  6.236E-14  2.433E+01 -2.474E+00
    40    50    111.201090  2.657E-14  1.604E+01 -2.417E+00
     7    50    605.779525  1.575E-08  1.085E+02 -4.044E+00
    12    50    340.712984  5.613E-10  1.118E+02 -3.689E+00
    19    50    218.018524  2.577E-11  7.676E+01 -3.355E+00
    28    50    151.377659  2.696E-12  5.118E+01 -3.112E+00
    39    50    111.201380  6.041E-13  3.672E+01 -2.961E+00
     9    50    605.059634  1.624E-08  1.086E+02 -4.050E+00
    15    50    340.409125  5.738E-10  1.117E+02 -3.694E+00
    22    50    217.862893  2.637E-11  7.684E+01 -3.359E+00
    31    50    151.287527  2.777E-12  5.138E+01 -3.117E+00
    42    50    111.144530  6.527E-13  3.755E+01 -2.974E+00
    14    50    340.409667  7.619E-08  7.905E+01 -4.653E+00
    21    50    217.863164  6.563E-09  8.703E+01 -4.350E+00
    30    50    151.287676  4.654E-10  7.126E+01 -4.034E+00
    41    50    111.144621  6.155E-11  5.729E+01 -3.799E+00
    16    50    340.258101  7.749E-08  7.914E+01 -4.656E+00
    24    50    217.785517  6.638E-09  8.703E+01 -4.353E+00
    33    50    151.242679  4.821E-10  7.155E+01 -4.040E+00
    44    50    111.116187  6.796E-11  5.820E+01 -3.815E+00
    23    50    217.785607  4.315E-07  6.373E+01 -5.305E+00
    32    50    151.242727  7.137E-08  7.134E+01 -5.044E+00
    43    50    111.116207  9.760E-09  6.622E+01 -4.787E+00
    25    50    217.739189  4.342E-07  6.373E+01 -5.307E+00
    34    50    151.215832  7.342E-08  7.155E+01 -5.048E+00
    45    50    111.099200  1.039E-08  6.664E+01 -4.797E+00
    35    50    151.215827  2.701E-06  5.412E+01 -5.998E+00
    46    50    111.099193  8.056E-07  6.116E+01 -5.782E+00
    36    50    151.197924  2.718E-06  5.416E+01 -5.999E+00
    47    50    111.087886  7.670E-07  6.079E+01 -5.775E+00
    48    50    111.087880  1.786E-05  4.727E+01 -6.727E+00
    49    50    111.079828  1.556E-05  4.655E+01 -6.706E+00
