j g(j) i g(i) wl A A^a A/A^a f
12 2.000 1 4.000 9.89506 1.041E+13 4.111E+14 2.531E-02 7.638E-02
28 6.000 1 4.000 9.26132 1.154E+12 1.362E+13 8.477E-02 2.227E-02
29 4.000 1 4.000 9.26020 9.205E+11 1.451E+13 6.342E-02 1.184E-02
34 6.000 1 4.000 9.23199 3.812E+11 1.469E+13 2.596E-02 7.308E-03
36 4.000 1 4.000 9.22767 3.708E+11 1.235E+13 3.001E-02 4.733E-03
32 2.000 1 4.000 9.25104 7.045E+11 2.791E+12 2.524E-01 4.518E-03
31 2.000 1 4.000 9.25869 5.450E+11 1.570E+13 3.471E-02 3.500E-03
70 6.000 1 4.000 9.14345 1.561E+11 3.177E+12 4.913E-02 2.935E-03
72 4.000 1 4.000 9.14214 2.301E+11 3.484E+12 6.605E-02 2.883E-03
73 6.000 1 4.000 9.14210 1.365E+11 3.168E+12 4.307E-02 2.565E-03
30 4.000 1 4.000 9.25883 1.896E+11 1.510E+13 1.255E-02 2.436E-03
117 6.000 1 4.000 9.11051 9.105E+10 3.470E+12 2.624E-02 1.700E-03
129 6.000 1 4.000 9.09728 8.025E+10 1.352E+12 5.935E-02 1.494E-03
25 6.000 1 4.000 9.26328 5.557E+10 1.165E+13 4.770E-03 1.073E-03
130 4.000 1 4.000 9.09726 7.935E+10 1.425E+12 5.569E-02 9.845E-04
119 4.000 1 4.000 9.10950 7.733E+10 3.231E+12 2.393E-02 9.623E-04
33 4.000 1 4.000 9.23226 7.518E+10 1.435E+13 5.238E-03 9.608E-04
35 2.000 1 4.000 9.22770 1.428E+11 1.199E+13 1.191E-02 9.115E-04
120 2.000 1 4.000 9.10718 1.408E+11 8.719E+11 1.614E-01 8.753E-04
69 4.000 1 4.000 9.14378 6.615E+10 3.289E+12 2.011E-02 8.293E-04
41 2.000 1 4.000 9.19828 1.301E+11 2.253E+12 5.772E-02 8.248E-04
212 6.000 1 4.000 9.07420 4.122E+10 6.781E+11 6.079E-02 7.633E-04
76 2.000 1 4.000 9.14101 1.135E+11 3.672E+12 3.089E-02 7.105E-04
296 6.000 1 4.000 9.06409 3.610E+10 1.368E+12 2.639E-02 6.670E-04
132 4.000 1 4.000 9.09577 5.370E+10 1.249E+12 4.299E-02 6.660E-04
133 6.000 1 4.000 9.09562 3.475E+10 1.259E+12 2.760E-02 6.465E-04
213 4.000 1 4.000 9.07417 4.548E+10 7.503E+11 6.061E-02 5.615E-04
78 2.000 1 4.000 9.13091 6.970E+10 1.602E+12 4.350E-02 4.358E-04
307 6.000 1 4.000 9.06097 2.205E+10 3.693E+11 5.971E-02 4.073E-04
298 4.000 1 4.000 9.06370 3.185E+10 1.370E+12 2.325E-02 3.923E-04
68 6.000 1 4.000 9.14449 1.965E+10 3.204E+12 6.133E-03 3.695E-04
308 4.000 1 4.000 9.06095 2.753E+10 4.031E+11 6.829E-02 3.388E-04
428 6.000 1 4.000 9.04098 1.720E+10 6.565E+11 2.620E-02 3.163E-04
301 2.000 1 4.000 9.06263 4.559E+10 3.249E+11 1.403E-01 2.808E-04
216 6.000 1 4.000 9.07239 1.375E+10 6.104E+11 2.253E-02 2.545E-04
128 6.000 1 4.000 9.09764 1.248E+10 1.254E+12 9.950E-03 2.322E-04
116 4.000 1 4.000 9.11060 1.859E+10 3.381E+12 5.496E-03 2.313E-04
215 4.000 1 4.000 9.07249 1.675E+10 5.680E+11 2.949E-02 2.067E-04
430 4.000 1 4.000 9.04079 1.581E+10 6.751E+11 2.341E-02 1.937E-04
74 4.000 1 4.000 9.14192 1.508E+10 2.898E+12 5.205E-03 1.890E-04
26 4.000 1 4.000 9.26241 1.318E+10 1.159E+13 1.137E-03 1.696E-04
459 6.000 1 4.000 9.02775 8.710E+09 3.768E+11 2.311E-02 1.596E-04
22 6.000 1 4.000 9.26857 8.113E+09 1.448E+13 5.602E-04 1.568E-04
118 2.000 1 4.000 9.10952 2.480E+10 3.161E+12 7.846E-03 1.543E-04
214 2.000 1 4.000 9.07334 2.241E+10 7.567E+11 2.961E-02 1.383E-04
211 6.000 1 4.000 9.07437 6.813E+09 6.165E+11 1.105E-02 1.262E-04
431 2.000 1 4.000 9.03964 2.037E+10 7.551E+11 2.697E-02 1.248E-04
312 6.000 1 4.000 9.05908 6.567E+09 3.316E+11 1.980E-02 1.212E-04
136 2.000 1 4.000 9.09486 1.667E+10 1.455E+12 1.146E-02 1.034E-04
135 2.000 1 4.000 9.09530 1.646E+10 1.247E+12 1.320E-02 1.021E-04
461 4.000 1 4.000 9.02766 8.000E+09 4.043E+11 1.979E-02 9.775E-05
311 4.000 1 4.000 9.05914 7.888E+09 3.341E+11 2.361E-02 9.705E-05
223 2.000 1 4.000 9.07009 1.538E+10 6.538E+11 2.351E-02 9.483E-05
295 4.000 1 4.000 9.06413 7.618E+09 1.325E+12 5.748E-03 9.383E-05
463 2.000 1 4.000 9.02718 1.396E+10 2.252E+13 6.200E-04 8.528E-05
131 2.000 1 4.000 9.09628 1.158E+10 1.435E+12 8.066E-03 7.180E-05
306 6.000 1 4.000 9.06105 3.782E+09 3.298E+11 1.147E-02 6.983E-05
71 2.000 1 4.000 9.14294 1.078E+10 3.287E+12 3.280E-03 6.755E-05
23 4.000 1 4.000 9.26776 5.128E+09 1.444E+13 3.552E-04 6.605E-05
218 2.000 1 4.000 9.07223 1.061E+10 7.000E+11 1.515E-02 6.543E-05
297 2.000 1 4.000 9.06371 1.062E+10 1.284E+12 8.265E-03 6.535E-05
219 2.000 1 4.000 9.07174 9.120E+09 6.529E+11 1.397E-02 5.628E-05
427 4.000 1 4.000 9.04100 3.730E+09 6.760E+11 5.517E-03 4.570E-05
77 4.000 1 4.000 9.14058 2.950E+09 3.464E+12 8.515E-04 3.695E-05
429 2.000 1 4.000 9.04080 5.730E+09 6.615E+11 8.662E-03 3.513E-05
314 2.000 1 4.000 9.05900 4.761E+09 4.191E+11 1.136E-02 2.930E-05
458 4.000 1 4.000 9.02777 1.955E+09 3.699E+11 5.285E-03 2.389E-05
126 4.000 1 4.000 9.09821 1.675E+09 5.050E+11 3.318E-03 2.079E-05
460 2.000 1 4.000 9.02766 2.913E+09 4.239E+11 6.872E-03 1.780E-05
66 4.000 1 4.000 9.14625 1.408E+09 1.053E+12 1.337E-03 1.765E-05
209 4.000 1 4.000 9.07460 1.077E+09 2.774E+11 3.881E-03 1.330E-05
140 2.000 1 4.000 9.08836 1.583E+09 1.696E+12 9.334E-04 9.803E-06
310 2.000 1 4.000 9.05982 1.317E+09 4.602E+11 2.862E-03 8.103E-06
304 4.000 1 4.000 9.06116 5.800E+08 1.573E+11 3.688E-03 7.140E-06
315 2.000 1 4.000 9.05827 9.395E+08 3.713E+11 2.530E-03 5.778E-06
24 2.000 1 4.000 9.26717 8.365E+08 1.455E+13 5.749E-05 5.385E-06
20 4.000 1 4.000 9.27724 1.623E+08 4.210E+12 3.855E-05 2.094E-06
137 4.000 1 4.000 9.09440 1.682E+08 1.328E+12 1.267E-04 2.086E-06
372 2.000 1 4.000 9.05547 1.559E+08 1.930E+12 8.076E-05 9.580E-07
44 8.000 1 4.000 9.19663 2.234E+07 8.193E+10 2.726E-04 5.665E-07
178 6.000 1 4.000 9.08464 3.003E+07 5.547E+08 5.414E-02 5.575E-07
75 2.000 1 4.000 9.14171 8.359E+07 2.875E+12 2.907E-05 5.235E-07
413 6.000 1 4.000 9.05198 2.542E+07 4.720E+08 5.385E-02 4.683E-07
134 4.000 1 4.000 9.09547 3.681E+07 1.287E+12 2.859E-05 4.566E-07
46 6.000 1 4.000 9.19527 1.410E+07 7.987E+10 1.766E-04 2.683E-07
438 6.000 1 4.000 9.03435 1.412E+07 3.373E+08 4.188E-02 2.593E-07
313 4.000 1 4.000 9.05903 2.020E+07 4.311E+11 4.686E-05 2.485E-07
48 4.000 1 4.000 9.19357 1.944E+07 7.647E+10 2.542E-04 2.463E-07
217 4.000 1 4.000 9.07230 1.823E+07 7.045E+11 2.588E-05 2.250E-07
27 2.000 1 4.000 9.26208 3.145E+07 1.137E+13 2.766E-06 2.022E-07
56 8.000 1 4.000 9.16369 7.625E+06 1.580E+11 4.826E-05 1.920E-07
87 8.000 1 4.000 9.12126 7.259E+06 5.426E+10 1.338E-04 1.811E-07
168 6.000 1 4.000 9.08522 9.663E+06 1.369E+08 7.061E-02 1.794E-07
472 6.000 1 4.000 9.02375 9.302E+06 2.176E+11 4.275E-05 1.704E-07
53 2.000 1 4.000 9.19185 2.528E+07 6.121E+10 4.129E-04 1.601E-07
188 6.000 1 4.000 9.08342 8.442E+06 1.615E+08 5.228E-02 1.567E-07
142 8.000 1 4.000 9.08823 6.012E+06 6.737E+10 8.925E-05 1.489E-07
290 6.000 1 4.000 9.06455 7.342E+06 9.929E+08 7.394E-03 1.357E-07
49 6.000 1 4.000 9.19352 6.698E+06 9.254E+10 7.238E-05 1.273E-07
89 6.000 1 4.000 9.11997 6.273E+06 4.907E+10 1.278E-04 1.174E-07
61 6.000 1 4.000 9.16025 6.027E+06 1.631E+11 3.696E-05 1.137E-07
86 6.000 1 4.000 9.12132 5.543E+06 6.399E+10 8.663E-05 1.037E-07
85 8.000 1 4.000 9.12180 4.080E+06 6.978E+10 5.847E-05 1.018E-07
222 4.000 1 4.000 9.07126 7.460E+06 6.029E+11 1.237E-05 9.203E-08
201 6.000 1 4.000 9.08222 4.852E+06 1.769E+08 2.742E-02 9.000E-08
93 4.000 1 4.000 9.11931 7.130E+06 5.390E+10 1.323E-04 8.890E-08
104 6.000 1 4.000 9.11791 4.687E+06 1.440E+08 3.255E-02 8.763E-08
316 4.000 1 4.000 9.05798 6.833E+06 3.024E+11 2.259E-05 8.405E-08
374 6.000 1 4.000 9.05503 4.448E+06 7.843E+07 5.672E-02 8.203E-08
42 8.000 1 4.000 9.19794 3.078E+06 1.564E+11 1.968E-05 7.808E-08
159 6.000 1 4.000 9.08536 3.893E+06 5.677E+07 6.858E-02 7.228E-08
149 6.000 1 4.000 9.08701 3.708E+06 8.473E+10 4.377E-05 6.888E-08
355 6.000 1 4.000 9.05693 3.645E+06 7.276E+07 5.010E-02 6.723E-08
102 2.000 1 4.000 9.11809 1.035E+07 4.219E+10 2.453E-04 6.450E-08
54 4.000 1 4.000 9.19017 4.890E+06 5.152E+10 9.492E-05 6.193E-08
139 4.000 1 4.000 9.08850 4.795E+06 7.542E+10 6.358E-05 5.940E-08
151 8.000 1 4.000 9.08693 2.314E+06 3.379E+10 6.847E-05 5.728E-08
150 6.000 1 4.000 9.08695 3.077E+06 3.699E+10 8.318E-05 5.713E-08
179 4.000 1 4.000 9.08464 4.435E+06 5.672E+08 7.820E-03 5.488E-08
109 6.000 1 4.000 9.11624 2.925E+06 1.920E+08 1.523E-02 5.465E-08
88 4.000 1 4.000 9.12065 4.270E+06 6.219E+10 6.866E-05 5.325E-08
62 4.000 1 4.000 9.16023 4.225E+06 1.945E+11 2.172E-05 5.318E-08
138 2.000 1 4.000 9.08858 8.385E+06 7.046E+10 1.190E-04 5.193E-08
229 6.000 1 4.000 9.06856 2.727E+06 1.679E+10 1.624E-04 5.043E-08
414 4.000 1 4.000 9.05198 3.923E+06 4.758E+08 8.245E-03 4.820E-08
91 8.000 1 4.000 9.11940 1.870E+06 6.503E+10 2.875E-05 4.663E-08
227 8.000 1 4.000 9.06869 1.816E+06 1.827E+10 9.942E-05 4.478E-08
408 8.000 1 4.000 9.05378 1.815E+06 4.211E+10 4.310E-05 4.460E-08
400 6.000 1 4.000 9.05391 2.403E+06 9.187E+07 2.616E-02 4.430E-08
52 6.000 1 4.000 9.19279 2.302E+06 9.999E+10 2.302E-05 4.375E-08
156 6.000 1 4.000 9.08539 2.068E+06 2.482E+10 8.332E-05 3.840E-08
231 4.000 1 4.000 9.06827 3.060E+06 1.622E+10 1.887E-04 3.773E-08
252 6.000 1 4.000 9.06756 2.013E+06 9.983E+07 2.017E-02 3.723E-08
160 4.000 1 4.000 9.08534 2.998E+06 8.235E+07 3.640E-02 3.710E-08
43 6.000 1 4.000 9.19717 1.893E+06 1.553E+11 1.219E-05 3.603E-08
147 8.000 1 4.000 9.08718 1.416E+06 4.062E+10 3.487E-05 3.508E-08
58 2.000 1 4.000 9.16219 5.180E+06 2.355E+11 2.200E-05 3.258E-08
230 8.000 1 4.000 9.06855 1.318E+06 1.769E+10 7.448E-05 3.250E-08
410 6.000 1 4.000 9.05327 1.758E+06 4.991E+10 3.523E-05 3.240E-08
322 6.000 1 4.000 9.05755 1.683E+06 1.012E+10 1.663E-04 3.105E-08
148 4.000 1 4.000 9.08701 2.503E+06 8.625E+10 2.901E-05 3.098E-08
55 6.000 1 4.000 9.16377 1.633E+06 1.519E+11 1.074E-05 3.083E-08
320 8.000 1 4.000 9.05762 1.177E+06 1.031E+10 1.141E-04 2.895E-08
330 6.000 1 4.000 9.05698 1.568E+06 3.286E+07 4.770E-02 2.893E-08
324 4.000 1 4.000 9.05741 2.298E+06 8.388E+09 2.740E-04 2.828E-08
100 6.000 1 4.000 9.11819 1.455E+06 4.967E+07 2.929E-02 2.720E-08
175 8.000 1 4.000 9.08512 1.096E+06 3.622E+10 3.027E-05 2.712E-08
57 4.000 1 4.000 9.16250 2.131E+06 2.310E+11 9.225E-06 2.683E-08
433 8.000 1 4.000 9.03537 1.091E+06 2.401E+10 4.543E-05 2.670E-08
439 4.000 1 4.000 9.03435 2.152E+06 3.397E+08 6.335E-03 2.633E-08
47 8.000 1 4.000 9.19360 1.029E+06 1.184E+11 8.691E-06 2.608E-08
141 6.000 1 4.000 9.08824 1.328E+06 7.228E+10 1.838E-05 2.467E-08
197 6.000 1 4.000 9.08322 1.285E+06 1.297E+08 9.904E-03 2.385E-08
107 4.000 1 4.000 9.11675 1.844E+06 4.193E+10 4.398E-05 2.298E-08
177 4.000 1 4.000 9.08503 1.832E+06 2.961E+10 6.187E-05 2.267E-08
21 8.000 1 4.000 9.26942 8.480E+05 1.459E+13 5.812E-08 2.185E-08
51 4.000 1 4.000 9.19293 1.669E+06 1.093E+11 1.526E-05 2.115E-08
50 2.000 1 4.000 9.19317 3.288E+06 1.060E+11 3.103E-05 2.083E-08
232 2.000 1 4.000 9.06794 3.247E+06 1.688E+10 1.923E-04 2.002E-08
237 6.000 1 4.000 9.06764 1.018E+06 4.297E+07 2.369E-02 1.882E-08
152 4.000 1 4.000 9.08630 1.510E+06 4.511E+10 3.346E-05 1.869E-08
101 4.000 1 4.000 9.11816 1.471E+06 7.427E+07 1.980E-02 1.833E-08
436 6.000 1 4.000 9.03510 9.975E+05 3.040E+10 3.281E-05 1.831E-08
325 2.000 1 4.000 9.05727 2.912E+06 7.768E+09 3.748E-04 1.791E-08
90 2.000 1 4.000 9.11953 2.859E+06 5.754E+10 4.968E-05 1.782E-08
154 4.000 1 4.000 9.08547 1.432E+06 2.045E+07 7.000E-02 1.772E-08
264 8.000 1 4.000 9.06668 7.120E+05 2.100E+10 3.391E-05 1.755E-08
323 8.000 1 4.000 9.05755 7.059E+05 1.112E+10 6.350E-05 1.736E-08
473 4.000 1 4.000 9.02374 1.410E+06 1.395E+11 1.010E-05 1.721E-08
263 6.000 1 4.000 9.06682 9.010E+05 1.369E+10 6.580E-05 1.666E-08
92 6.000 1 4.000 9.11931 8.672E+05 5.533E+10 1.567E-05 1.622E-08
331 4.000 1 4.000 9.05697 1.282E+06 4.375E+07 2.929E-02 1.576E-08
467 8.000 1 4.000 9.02437 6.251E+05 5.232E+11 1.195E-06 1.527E-08
115 6.000 1 4.000 9.11491 8.057E+05 2.025E+08 3.978E-03 1.505E-08
393 6.000 1 4.000 9.05497 8.032E+05 6.321E+07 1.271E-02 1.481E-08
146 6.000 1 4.000 9.08722 7.885E+05 1.727E+10 4.566E-05 1.465E-08
183 2.000 1 4.000 9.08407 2.217E+06 5.838E+10 3.798E-05 1.372E-08
265 4.000 1 4.000 9.06665 1.030E+06 1.601E+10 6.433E-05 1.270E-08
367 8.000 1 4.000 9.05564 4.476E+05 1.257E+10 3.562E-05 1.101E-08
470 6.000 1 4.000 9.02422 5.885E+05 8.371E+11 7.030E-07 1.078E-08
84 6.000 1 4.000 9.12203 5.508E+05 2.033E+10 2.710E-05 1.031E-08
437 4.000 1 4.000 9.03510 7.935E+05 3.057E+10 2.595E-05 9.713E-09
198 4.000 1 4.000 9.08322 7.613E+05 1.496E+08 5.090E-03 9.418E-09
267 2.000 1 4.000 9.06641 1.450E+06 1.539E+10 9.424E-05 8.935E-09
409 4.000 1 4.000 9.05328 7.255E+05 5.421E+10 1.338E-05 8.918E-09
366 6.000 1 4.000 9.05572 4.685E+05 7.681E+09 6.099E-05 8.640E-09
45 4.000 1 4.000 9.19643 6.785E+05 1.620E+11 4.190E-06 8.603E-09
368 4.000 1 4.000 9.05563 6.755E+05 9.582E+09 7.050E-05 8.305E-09
270 6.000 1 4.000 9.06570 4.450E+05 1.073E+08 4.148E-03 8.225E-09
327 4.000 1 4.000 9.05702 6.585E+05 1.143E+07 5.761E-02 8.100E-09
238 4.000 1 4.000 9.06763 6.510E+05 5.495E+07 1.185E-02 8.025E-09
97 4.000 1 4.000 9.11837 5.885E+05 1.973E+07 2.983E-02 7.335E-09
407 6.000 1 4.000 9.05380 3.860E+05 4.213E+10 9.162E-06 7.115E-09
412 4.000 1 4.000 9.05315 5.238E+05 7.487E+10 6.996E-06 6.435E-09
228 6.000 1 4.000 9.06867 3.390E+05 1.173E+10 2.890E-05 6.270E-09
471 4.000 1 4.000 9.02422 4.690E+05 5.767E+12 8.132E-08 5.728E-09
394 4.000 1 4.000 9.05497 4.613E+05 7.518E+07 6.135E-03 5.670E-09
234 4.000 1 4.000 9.06770 4.415E+05 1.263E+07 3.496E-02 5.443E-09
370 2.000 1 4.000 9.05554 8.430E+05 1.015E+10 8.303E-05 5.180E-09
67 8.000 1 4.000 9.14500 1.981E+05 3.320E+12 5.969E-08 4.967E-09
113 4.000 1 4.000 9.11582 3.770E+05 1.905E+08 1.979E-03 4.698E-09
435 2.000 1 4.000 9.03516 7.360E+05 4.162E+10 1.768E-05 4.503E-09
432 6.000 1 4.000 9.03538 2.328E+05 2.365E+10 9.844E-06 4.275E-09
176 6.000 1 4.000 9.08506 2.162E+05 3.079E+10 7.021E-06 4.013E-09
321 6.000 1 4.000 9.05761 2.123E+05 7.600E+09 2.794E-05 3.918E-09
199 4.000 1 4.000 9.08303 2.450E+05 4.944E+10 4.956E-06 3.030E-09
469 2.000 1 4.000 9.02426 4.824E+05 9.377E+12 5.145E-08 2.945E-09
39 6.000 1 4.000 9.19956 1.468E+05 1.829E+10 8.024E-06 2.795E-09
96 6.000 1 4.000 9.11838 1.423E+05 5.095E+10 2.792E-06 2.660E-09
434 4.000 1 4.000 9.03520 2.075E+05 3.920E+10 5.293E-06 2.540E-09
466 6.000 1 4.000 9.02437 1.335E+05 6.578E+11 2.030E-07 2.446E-09
411 2.000 1 4.000 9.05319 3.848E+05 8.002E+10 4.809E-06 2.364E-09
180 4.000 1 4.000 9.08461 1.889E+05 4.363E+10 4.328E-06 2.337E-09
280 6.000 1 4.000 9.06559 1.150E+05 8.968E+07 1.282E-03 2.125E-09
268 4.000 1 4.000 9.06638 1.593E+05 1.984E+10 8.026E-06 1.963E-09
127 8.000 1 4.000 9.09788 7.790E+04 1.291E+12 6.034E-08 1.933E-09
468 4.000 1 4.000 9.02428 1.469E+05 9.186E+12 1.599E-08 1.793E-09
266 6.000 1 4.000 9.06664 7.930E+04 1.765E+10 4.493E-06 1.466E-09
288 4.000 1 4.000 9.06535 1.024E+05 1.725E+10 5.936E-06 1.262E-09
155 2.000 1 4.000 9.08546 1.771E+05 5.096E+10 3.475E-06 1.096E-09
185 6.000 1 4.000 9.08389 5.557E+04 3.320E+08 1.674E-04 1.031E-09
210 8.000 1 4.000 9.07448 3.680E+04 6.068E+11 6.065E-08 9.087E-10
82 4.000 1 4.000 9.12254 6.625E+04 1.293E+10 5.124E-06 8.268E-10
398 4.000 1 4.000 9.05455 6.568E+04 1.204E+10 5.454E-06 8.073E-10
371 4.000 1 4.000 9.05552 5.775E+04 1.005E+10 5.746E-06 7.103E-10
162 6.000 1 4.000 9.08532 3.623E+04 4.767E+08 7.601E-05 6.725E-10
318 4.000 1 4.000 9.05768 5.383E+04 3.933E+09 1.369E-05 6.620E-10
225 4.000 1 4.000 9.06881 5.255E+04 5.938E+09 8.850E-06 6.480E-10
369 6.000 1 4.000 9.05562 3.442E+04 9.837E+09 3.499E-06 6.345E-10
60 4.000 1 4.000 9.16042 4.112E+04 2.436E+12 1.688E-08 5.172E-10
305 8.000 1 4.000 9.06111 1.850E+04 3.039E+11 6.087E-08 4.553E-10
38 4.000 1 4.000 9.20032 2.598E+04 1.854E+10 1.402E-06 3.295E-10
184 6.000 1 4.000 9.08405 1.604E+04 2.707E+10 5.926E-07 2.978E-10
16 4.000 1 4.000 9.30549 1.826E+04 2.006E+13 9.101E-10 2.371E-10
17 2.000 1 4.000 9.30354 3.570E+04 1.931E+13 1.849E-09 2.316E-10
423 6.000 1 4.000 9.05161 1.171E+04 2.871E+08 4.078E-05 2.157E-10
454 6.000 1 4.000 9.03414 9.812E+03 2.077E+08 4.723E-05 1.801E-10
494 6.000 1 4.000 9.02361 7.408E+03 5.304E+10 1.397E-07 1.357E-10
281 4.000 1 4.000 9.06559 1.073E+04 1.045E+08 1.027E-04 1.322E-10
143 2.000 1 4.000 9.08765 2.134E+04 5.754E+09 3.708E-06 1.321E-10
13 6.000 1 4.000 9.31792 5.862E+03 8.451E+12 6.936E-10 1.145E-10
94 4.000 1 4.000 9.11892 8.715E+03 6.522E+10 1.336E-07 1.087E-10
19 2.000 1 4.000 9.27858 1.572E+04 1.149E+13 1.368E-09 1.014E-10
18 4.000 1 4.000 9.27869 6.497E+03 1.080E+13 6.014E-10 8.388E-11
317 2.000 1 4.000 9.05774 1.163E+04 1.685E+09 6.900E-06 7.150E-11
166 8.000 1 4.000 9.08526 2.380E+03 1.037E+08 2.295E-05 5.890E-11
112 6.000 1 4.000 9.11582 3.112E+03 1.614E+08 1.928E-05 5.816E-11
59 6.000 1 4.000 9.16176 2.772E+03 1.965E+12 1.410E-09 5.232E-11
224 2.000 1 4.000 9.06891 8.020E+03 2.812E+09 2.852E-06 4.945E-11
300 4.000 1 4.000 9.06343 3.964E+03 5.465E+11 7.253E-09 4.883E-11
81 2.000 1 4.000 9.12283 6.666E+03 8.232E+09 8.098E-07 4.158E-11
14 4.000 1 4.000 9.31626 3.038E+03 8.433E+12 3.603E-10 3.954E-11
401 8.000 1 4.000 9.05389 1.219E+03 1.990E+07 6.124E-05 2.995E-11
277 6.000 1 4.000 9.06560 1.601E+03 1.466E+10 1.092E-07 2.960E-11
165 6.000 1 4.000 9.08526 1.526E+03 5.770E+07 2.645E-05 2.833E-11
205 4.000 1 4.000 9.07828 1.868E+03 8.708E+11 2.146E-09 2.309E-11
326 2.000 1 4.000 9.05703 3.550E+03 1.689E+06 2.102E-03 2.183E-11
122 4.000 1 4.000 9.10483 1.686E+03 1.552E+12 1.086E-09 2.095E-11
37 2.000 1 4.000 9.20074 2.880E+03 1.715E+10 1.679E-07 1.828E-11
79 4.000 1 4.000 9.12685 1.423E+03 2.577E+12 5.524E-10 1.777E-11
95 2.000 1 4.000 9.11841 2.679E+03 3.770E+06 7.106E-04 1.670E-11
65 2.000 1 4.000 9.15656 2.374E+03 4.984E+12 4.763E-10 1.492E-11
233 2.000 1 4.000 9.06772 2.055E+03 2.366E+06 8.686E-04 1.266E-11
220 4.000 1 4.000 9.07164 9.240E+02 1.011E+12 9.141E-10 1.140E-11
121 6.000 1 4.000 9.10560 5.893E+02 7.569E+11 7.786E-10 1.099E-11
63 2.000 1 4.000 9.15913 1.474E+03 2.078E+12 7.096E-10 9.272E-12
161 4.000 1 4.000 9.08532 7.028E+02 3.617E+03 1.943E-01 8.698E-12
303 2.000 1 4.000 9.06152 1.401E+03 4.499E+11 3.114E-09 8.623E-12
171 8.000 1 4.000 9.08520 3.401E+02 1.948E+07 1.746E-05 8.420E-12
221 2.000 1 4.000 9.07162 1.326E+03 1.064E+12 1.246E-09 8.180E-12
64 4.000 1 4.000 9.15835 5.825E+02 4.762E+12 1.223E-10 7.323E-12
80 2.000 1 4.000 9.12682 1.168E+03 2.701E+12 4.324E-10 7.293E-12
15 2.000 1 4.000 9.31513 8.668E+02 8.448E+12 1.026E-10 5.638E-12
204 6.000 1 4.000 9.07868 2.897E+02 3.545E+11 8.172E-10 5.369E-12
124 2.000 1 4.000 9.10316 7.135E+02 1.054E+12 6.772E-10 4.433E-12
207 2.000 1 4.000 9.07644 6.896E+02 6.471E+11 1.066E-09 4.257E-12
125 2.000 1 4.000 9.10192 6.306E+02 1.862E+12 3.387E-10 3.915E-12
123 4.000 1 4.000 9.10332 3.053E+02 1.375E+12 2.220E-10 3.793E-12
299 6.000 1 4.000 9.06364 1.895E+02 1.815E+11 1.044E-09 3.501E-12
457 2.000 1 4.000 9.03024 5.560E+02 3.188E+11 1.744E-09 3.398E-12
456 4.000 1 4.000 9.03024 2.523E+02 2.857E+11 8.829E-10 3.084E-12
397 6.000 1 4.000 9.05456 1.666E+02 7.905E+09 2.107E-08 3.070E-12
426 2.000 1 4.000 9.04509 4.739E+02 5.007E+11 9.463E-10 2.906E-12
362 8.000 1 4.000 9.05692 9.503E+01 3.840E+05 2.475E-04 2.337E-12
425 4.000 1 4.000 9.04509 1.867E+02 4.969E+11 3.758E-10 2.290E-12
206 4.000 1 4.000 9.07660 1.746E+02 5.432E+11 3.213E-10 2.156E-12
302 4.000 1 4.000 9.06163 1.671E+02 3.083E+11 5.420E-10 2.058E-12
396 8.000 1 4.000 9.05496 8.299E+01 3.066E+05 2.707E-04 2.040E-12
259 8.000 1 4.000 9.06754 7.162E+01 4.431E+05 1.617E-04 1.766E-12
376 8.000 1 4.000 9.05499 6.844E+01 3.330E+05 2.055E-04 1.682E-12
248 6.000 1 4.000 9.06757 9.053E+01 2.161E+05 4.189E-04 1.674E-12
208 2.000 1 4.000 9.07540 2.076E+02 7.376E+11 2.814E-10 1.282E-12
344 6.000 1 4.000 9.05694 6.760E+01 2.024E+05 3.339E-04 1.247E-12
153 2.000 1 4.000 9.08549 1.943E+02 3.235E+06 6.004E-05 1.202E-12
309 2.000 1 4.000 9.06049 1.946E+02 3.516E+11 5.535E-10 1.197E-12
239 4.000 1 4.000 9.06761 8.993E+01 3.012E+03 2.985E-02 1.108E-12
345 8.000 1 4.000 9.05694 3.225E+01 1.820E+05 1.772E-04 7.932E-13
443 8.000 1 4.000 9.03426 3.160E+01 1.421E+06 2.224E-05 7.732E-13
477 8.000 1 4.000 9.02369 2.948E+01 3.014E+10 9.779E-10 7.198E-13
271 8.000 1 4.000 9.06563 2.920E+01 3.868E+05 7.550E-05 7.195E-13
287 8.000 1 4.000 9.06557 2.551E+01 3.634E+05 7.020E-05 6.288E-13
189 8.000 1 4.000 9.08332 2.226E+01 3.518E+05 6.329E-05 5.510E-13
418 8.000 1 4.000 9.05184 1.782E+01 1.277E+06 1.396E-05 4.380E-13
103 8.000 1 4.000 9.11794 1.606E+01 1.308E+08 1.228E-07 4.005E-13
333 6.000 1 4.000 9.05697 2.097E+01 9.746E+03 2.151E-03 3.868E-13
108 8.000 1 4.000 9.11626 1.428E+01 1.481E+08 9.640E-08 3.558E-13
332 4.000 1 4.000 9.05697 2.763E+01 2.552E+03 1.082E-02 3.398E-13
187 8.000 1 4.000 9.08344 1.209E+01 1.150E+08 1.051E-07 2.990E-13
167 8.000 1 4.000 9.08524 1.025E+01 1.255E+08 8.166E-08 2.538E-13
336 6.000 1 4.000 9.05695 1.171E+01 1.843E+01 6.355E-01 2.161E-13
269 8.000 1 4.000 9.06571 8.659E+00 8.197E+07 1.056E-07 2.134E-13
114 8.000 1 4.000 9.11492 6.854E+00 1.867E+08 3.671E-08 1.707E-13
373 8.000 1 4.000 9.05504 6.665E+00 5.727E+07 1.164E-07 1.639E-13
247 8.000 1 4.000 9.06757 6.616E+00 9.376E+07 7.057E-08 1.631E-13
200 8.000 1 4.000 9.08223 5.654E+00 1.548E+08 3.652E-08 1.398E-13
442 6.000 1 4.000 9.03426 7.483E+00 1.427E+06 5.243E-06 1.374E-13
476 6.000 1 4.000 9.02369 7.017E+00 2.898E+10 2.421E-10 1.285E-13
291 8.000 1 4.000 9.06451 5.080E+00 4.996E+05 1.017E-05 1.252E-13
346 8.000 1 4.000 9.05694 4.661E+00 7.037E+07 6.624E-08 1.146E-13
144 4.000 1 4.000 9.08747 8.232E+00 1.068E+10 7.709E-10 1.019E-13
243 6.000 1 4.000 9.06759 5.508E+00 1.038E+01 5.306E-01 1.019E-13
202 8.000 1 4.000 9.08217 3.982E+00 4.513E+05 8.825E-06 9.850E-14
289 8.000 1 4.000 9.06455 3.945E+00 1.107E+08 3.562E-08 9.720E-14
286 6.000 1 4.000 9.06557 4.378E+00 6.490E+07 6.747E-08 8.093E-14
399 8.000 1 4.000 9.05391 3.195E+00 7.823E+07 4.084E-08 7.852E-14
249 8.000 1 4.000 9.06757 3.163E+00 1.945E+05 1.626E-05 7.798E-14
417 6.000 1 4.000 9.05184 4.158E+00 1.284E+06 3.239E-06 7.663E-14
196 8.000 1 4.000 9.08323 2.574E+00 3.361E+05 7.657E-06 6.365E-14
195 6.000 1 4.000 9.08323 1.425E+00 3.653E+05 3.902E-06 2.645E-14
240 6.000 1 4.000 9.06761 9.177E-01 1.148E+04 7.994E-05 1.697E-14
186 8.000 1 4.000 9.08389 8.939E-02 3.323E+08 2.690E-10 2.212E-15
395 6.000 1 4.000 9.05496 6.085E-02 3.347E+05 1.818E-07 1.122E-15
170 8.000 1 4.000 9.08521 4.191E-02 1.801E+08 2.327E-10 1.037E-15
254 8.000 1 4.000 9.06756 3.666E-02 1.301E+08 2.818E-10 9.040E-16
106 8.000 1 4.000 9.11787 3.581E-02 2.220E+08 1.614E-10 8.927E-16
361 8.000 1 4.000 9.05693 3.045E-02 9.224E+07 3.301E-10 7.490E-16
492 8.000 1 4.000 9.02363 2.630E-02 1.262E+10 2.085E-12 6.423E-16
452 8.000 1 4.000 9.03415 2.311E-02 8.585E+05 2.692E-08 5.655E-16
424 8.000 1 4.000 9.05161 2.117E-02 2.877E+08 7.360E-11 5.203E-16
192 8.000 1 4.000 9.08328 1.626E-02 1.931E+08 8.421E-11 4.025E-16
274 8.000 1 4.000 9.06562 1.610E-02 1.414E+08 1.139E-10 3.965E-16
378 8.000 1 4.000 9.05499 1.464E-02 1.009E+08 1.450E-10 3.600E-16
455 8.000 1 4.000 9.03414 1.399E-02 2.083E+08 6.717E-11 3.425E-16
495 8.000 1 4.000 9.02361 9.288E-03 8.097E+10 1.147E-13 2.267E-16
111 8.000 1 4.000 9.11594 8.499E-03 2.212E+08 3.842E-11 2.118E-16
421 8.000 1 4.000 9.05166 2.789E-03 7.721E+05 3.612E-09 6.850E-17
347 8.000 1 4.000 9.05694 8.834E-04 1.983E+04 4.454E-08 2.173E-17
181 8.000 1 4.000 9.08447 8.337E-04 2.792E+08 2.986E-12 2.063E-17
244 8.000 1 4.000 9.06759 1.982E-04 5.794E+00 3.422E-05 4.888E-18
337 8.000 1 4.000 9.05695 1.335E-04 7.993E+00 1.670E-05 3.283E-18
250 8.000 1 4.000 9.06757 1.096E-05 1.548E+04 7.080E-10 2.703E-19
391 8.000 1 4.000 9.05497 3.789E-06 8.643E+02 4.383E-09 9.312E-20
415 8.000 1 4.000 9.05190 2.761E-06 2.394E+08 1.154E-14 6.785E-20
284 8.000 1 4.000 9.06558 2.101E-06 6.367E+02 3.300E-09 5.177E-20
440 8.000 1 4.000 9.03430 6.844E-07 1.732E+08 3.950E-15 1.675E-20
474 8.000 1 4.000 9.02372 4.825E-07 1.016E+11 4.747E-18 1.178E-20
340 8.000 1 4.000 9.05695 1.739E-08 7.301E-03 2.381E-06 4.277E-22
480 8.000 1 4.000 9.02368 4.966E-11 4.553E+09 1.091E-20 1.212E-24
446 8.000 1 4.000 9.03423 3.349E-11 2.425E+03 1.381E-14 8.195E-25
