!@# 6 2.00 4.00 10.0 30.0 100. 300.
i j E(eV) a0 a1 a2
1 50 1962.723976 4.604E-10 2.417E+02 -2.999E+00
3 50 490.949959 1.445E-12 1.160E+02 -2.569E+00
6 50 218.100604 7.758E-14 3.555E+01 -2.350E+00
11 50 122.638930 1.883E-14 1.526E+01 -2.273E+00
18 50 78.469562 7.634E-15 7.895E+00 -2.239E+00
27 50 54.482980 3.976E-15 4.678E+00 -2.223E+00
38 50 40.022959 2.385E-15 3.031E+00 -2.217E+00
2 50 490.988253 4.157E-10 7.259E+01 -3.506E+00
5 50 218.111950 1.094E-11 6.765E+01 -3.169E+00
10 50 122.643715 6.695E-13 3.840E+01 -2.896E+00
17 50 78.472010 1.167E-13 2.342E+01 -2.737E+00
26 50 54.484398 3.531E-14 1.548E+01 -2.638E+00
37 50 40.023853 1.517E-14 1.110E+01 -2.580E+00
4 50 490.042633 4.240E-10 7.246E+01 -3.511E+00
8 50 217.831686 1.111E-11 6.745E+01 -3.173E+00
13 50 122.525482 6.797E-13 3.832E+01 -2.899E+00
20 50 78.411470 1.184E-13 2.340E+01 -2.740E+00
29 50 54.449347 3.594E-14 1.550E+01 -2.642E+00
40 50 40.001757 1.549E-14 1.117E+01 -2.584E+00
7 50 217.832164 1.445E-09 4.706E+01 -4.152E+00
12 50 122.525685 1.163E-10 5.047E+01 -3.875E+00
19 50 78.411573 1.120E-11 3.891E+01 -3.616E+00
28 50 54.449405 1.847E-12 2.925E+01 -3.420E+00
39 50 40.001790 4.944E-13 2.273E+01 -3.285E+00
9 50 217.739085 1.463E-09 4.711E+01 -4.155E+00
15 50 122.486404 1.173E-10 5.048E+01 -3.877E+00
22 50 78.391443 1.130E-11 3.893E+01 -3.618E+00
31 50 54.437730 1.854E-12 2.925E+01 -3.421E+00
42 50 39.994404 5.038E-13 2.284E+01 -3.288E+00
14 50 122.486474 6.035E-09 3.640E+01 -4.843E+00
21 50 78.391477 1.109E-09 4.069E+01 -4.621E+00
30 50 54.437747 1.778E-10 3.634E+01 -4.399E+00
41 50 39.994414 3.547E-11 3.092E+01 -4.206E+00
16 50 122.466852 6.073E-09 3.642E+01 -4.844E+00
24 50 78.381420 1.120E-09 4.073E+01 -4.623E+00
33 50 54.431906 1.759E-10 3.626E+01 -4.397E+00
43 50 39.990700 3.628E-11 3.103E+01 -4.210E+00
23 50 78.381431 2.869E-08 3.045E+01 -5.586E+00
32 50 54.431910 9.772E-09 3.427E+01 -5.410E+00
44 50 39.990700 2.179E-09 3.250E+01 -5.203E+00
25 50 78.375418 2.893E-08 3.048E+01 -5.587E+00
34 50 54.428420 9.692E-09 3.422E+01 -5.409E+00
45 50 39.988477 2.244E-09 3.258E+01 -5.208E+00
35 50 54.428418 1.398E-07 2.633E+01 -6.368E+00
46 50 39.988474 6.928E-08 2.923E+01 -6.211E+00
36 50 54.426098 1.443E-07 2.643E+01 -6.374E+00
47 50 39.987002 6.944E-08 2.920E+01 -6.212E+00
48 50 39.987000 9.037E-07 2.394E+01 -7.237E+00
49 50 39.985956 7.733E-07 2.356E+01 -7.210E+00
