!@# 6 2.00 4.00 10.0 30.0 100. 300.
i j E(eV) a0 a1 a2
1 50 4426.324810 2.427E-09 5.446E+02 -3.004E+00
3 50 1107.913237 4.080E-12 2.462E+02 -2.541E+00
6 50 491.893709 1.727E-13 6.941E+01 -2.310E+00
11 50 276.471278 3.991E-14 2.752E+01 -2.233E+00
18 50 176.842364 1.653E-14 1.362E+01 -2.204E+00
27 50 122.756974 8.196E-15 6.586E+00 -2.182E+00
38 50 90.161058 5.186E-15 4.428E+00 -2.182E+00
2 50 1108.070594 2.404E-09 1.513E+02 -3.471E+00
5 50 491.940333 3.355E-11 1.335E+02 -3.083E+00
10 50 276.490947 1.269E-12 6.692E+01 -2.768E+00
17 50 176.852431 1.873E-13 3.694E+01 -2.598E+00
26 50 122.762803 5.152E-14 2.171E+01 -2.492E+00
37 50 90.164729 2.230E-14 1.475E+01 -2.436E+00
4 50 1103.254827 2.506E-09 1.502E+02 -3.479E+00
8 50 490.512755 3.458E-11 1.323E+02 -3.090E+00
13 50 275.888853 1.312E-12 6.646E+01 -2.775E+00
20 50 176.544243 1.934E-13 3.673E+01 -2.604E+00
29 50 122.584465 5.337E-14 2.171E+01 -2.498E+00
40 50 90.052397 2.308E-14 1.481E+01 -2.443E+00
7 50 490.515235 9.496E-09 9.075E+01 -4.063E+00
12 50 275.889910 3.959E-10 9.410E+01 -3.720E+00
19 50 176.544782 2.088E-11 6.594E+01 -3.398E+00
28 50 122.584773 2.432E-12 4.524E+01 -3.165E+00
39 50 90.052584 5.528E-13 3.288E+01 -3.013E+00
9 50 490.043244 9.741E-09 9.087E+01 -4.068E+00
15 50 275.690701 4.034E-10 9.409E+01 -3.724E+00
22 50 176.442745 2.111E-11 6.588E+01 -3.400E+00
31 50 122.525667 2.482E-12 4.538E+01 -3.169E+00
42 50 90.015289 5.499E-13 3.279E+01 -3.013E+00
14 50 275.691057 4.498E-08 6.707E+01 -4.688E+00
21 50 176.442922 4.428E-09 7.377E+01 -4.397E+00
30 50 122.525763 3.855E-10 6.187E+01 -4.103E+00
41 50 90.015347 5.289E-11 4.993E+01 -3.869E+00
16 50 275.591647 4.546E-08 6.709E+01 -4.690E+00
24 50 176.391993 4.466E-09 7.377E+01 -4.399E+00
33 50 122.496241 3.951E-10 6.207E+01 -4.107E+00
44 50 89.996677 5.136E-11 4.964E+01 -3.865E+00
23 50 176.392051 2.381E-07 5.420E+01 -5.352E+00
32 50 122.496271 4.794E-08 6.115E+01 -5.113E+00
43 50 89.996687 7.186E-09 5.684E+01 -4.865E+00
25 50 176.361602 2.420E-07 5.429E+01 -5.355E+00
34 50 122.478624 4.962E-08 6.138E+01 -5.119E+00
45 50 89.985518 7.187E-09 5.677E+01 -4.866E+00
35 50 122.478620 1.471E-06 4.646E+01 -6.066E+00
46 50 89.985512 4.912E-07 5.225E+01 -5.864E+00
36 50 122.466875 1.521E-06 4.662E+01 -6.072E+00
47 50 89.978090 5.329E-07 5.262E+01 -5.877E+00
48 50 89.978085 8.925E-06 4.053E+01 -6.809E+00
49 50 89.972802 9.704E-06 4.088E+01 -6.822E+00
