j g(j) i g(i) wl A A+A^a A/(A+A^a) f
4 4.000 1 2.000 3.73104 6.558E+13 6.558E+13 1.000E+00 2.737E-01
2 2.000 1 2.000 3.73646 6.470E+13 6.470E+13 1.000E+00 1.354E-01
8 4.000 1 2.000 3.15018 1.764E+13 1.998E+13 8.828E-01 5.250E-02
5 2.000 1 2.000 3.15132 1.722E+13 1.960E+13 8.790E-01 2.565E-02
13 4.000 1 2.000 2.98728 7.208E+12 8.577E+12 8.403E-01 1.929E-02
10 2.000 1 2.000 2.98771 7.010E+12 8.392E+12 8.353E-01 9.385E-03
20 4.000 1 2.000 2.91745 3.638E+12 4.441E+12 8.191E-01 9.280E-03
29 4.000 1 2.000 2.88087 2.088E+12 2.589E+12 8.066E-01 5.195E-03
17 2.000 1 2.000 2.91766 3.531E+12 4.341E+12 8.134E-01 4.507E-03
40 4.000 1 2.000 2.85926 1.309E+12 1.639E+12 7.985E-01 3.208E-03
26 2.000 1 2.000 2.88099 2.025E+12 2.529E+12 8.007E-01 2.520E-03
37 2.000 1 2.000 2.85933 1.268E+12 1.601E+12 7.925E-01 1.554E-03
9 6.000 1 2.000 3.14980 1.995E+10 6.808E+12 2.930E-03 8.900E-05
7 4.000 1 2.000 3.15018 1.961E+10 6.833E+12 2.870E-03 5.835E-05
15 6.000 1 2.000 2.98714 1.101E+10 2.923E+12 3.766E-03 4.418E-05
12 4.000 1 2.000 2.98728 1.080E+10 2.933E+12 3.680E-03 2.889E-05
22 6.000 1 2.000 2.91738 6.222E+09 1.518E+12 4.098E-03 2.382E-05
19 4.000 1 2.000 2.91745 6.095E+09 1.524E+12 3.999E-03 1.556E-05
31 6.000 1 2.000 2.88083 3.780E+09 8.887E+11 4.254E-03 1.411E-05
28 4.000 1 2.000 2.88087 3.703E+09 8.920E+11 4.151E-03 9.210E-06
42 6.000 1 2.000 2.85923 2.448E+09 5.645E+11 4.337E-03 9.000E-06
39 4.000 1 2.000 2.85926 2.396E+09 5.666E+11 4.229E-03 5.875E-06
3 2.000 1 2.000 3.73628 9.070E+06 9.070E+06 1.000E+00 1.898E-08
6 2.000 1 2.000 3.15129 4.024E+06 6.812E+11 5.906E-06 5.990E-09
11 2.000 1 2.000 2.98770 1.922E+06 4.756E+11 4.040E-06 2.572E-09
18 2.000 1 2.000 2.91765 1.039E+06 3.055E+11 3.401E-06 1.326E-09
27 2.000 1 2.000 2.88099 6.190E+05 2.010E+11 3.080E-06 7.705E-10
38 2.000 1 2.000 2.85933 3.965E+05 1.372E+11 2.889E-06 4.860E-10
14 6.000 1 2.000 2.98714 1.875E+00 1.452E+12 1.292E-12 7.525E-15
21 6.000 1 2.000 2.91738 1.639E+00 7.515E+11 2.181E-12 6.275E-15
30 6.000 1 2.000 2.88083 1.202E+00 4.397E+11 2.733E-12 4.486E-15
41 6.000 1 2.000 2.85923 8.620E-01 2.797E+11 3.082E-12 3.169E-15
