!@# 6 5.00 10.0 30.0 100. 300. 0.100E+04
i j E(eV) a0 a1 a2
1 98 4119.442689 1.270E-08 8.819E+02 -3.032E+00
5 98 995.818775 4.374E-12 2.566E+02 -2.473E+00
11 98 440.818442 4.279E-13 9.839E+01 -2.350E+00
21 98 247.388291 1.028E-13 4.478E+01 -2.282E+00
35 98 158.091542 4.006E-14 2.395E+01 -2.249E+00
53 98 109.665460 1.968E-14 1.394E+01 -2.228E+00
76 98 80.490222 1.119E-14 8.613E+00 -2.214E+00
2 98 1016.222931 3.460E-12 3.020E+02 -2.574E+00
8 98 446.461006 1.556E-13 9.484E+01 -2.360E+00
13 98 437.525077 2.267E-08 1.117E+02 -4.167E+00
18 98 249.757257 3.507E-14 4.213E+01 -2.285E+00
23 98 246.074076 2.000E-09 1.181E+02 -3.933E+00
32 98 159.322030 1.350E-14 2.237E+01 -2.250E+00
37 98 157.457768 2.020E-10 9.395E+01 -3.712E+00
50 98 110.397694 6.606E-15 1.294E+01 -2.229E+00
55 98 109.326374 3.354E-11 7.312E+01 -3.542E+00
72 98 80.978387 3.746E-15 7.887E+00 -2.215E+00
77 98 80.307418 8.320E-12 5.787E+01 -3.415E+00
3 98 997.887243 4.872E-09 1.975E+02 -3.479E+00
9 98 441.364055 1.440E-10 1.703E+02 -3.195E+00
19 98 247.644327 8.227E-12 9.962E+01 -2.947E+00
33 98 158.245061 1.300E-12 6.241E+01 -2.796E+00
51 98 109.773042 3.579E-13 4.199E+01 -2.698E+00
73 98 80.580550 1.373E-13 2.997E+01 -2.632E+00
4 98 996.775166 2.153E-09 1.994E+02 -3.489E+00
7 98 979.716340 1.510E-09 1.738E+02 -3.408E+00
10 98 441.040074 6.080E-11 1.700E+02 -3.200E+00
17 98 436.175212 8.172E-11 1.714E+02 -3.194E+00
20 98 247.508146 3.450E-12 9.937E+01 -2.950E+00
31 98 245.443895 4.972E-12 1.011E+02 -2.952E+00
34 98 158.175311 5.449E-13 6.228E+01 -2.799E+00
49 98 157.097555 7.917E-13 6.345E+01 -2.802E+00
52 98 109.732563 1.508E-13 4.199E+01 -2.702E+00
71 98 109.089153 2.193E-13 4.287E+01 -2.706E+00
74 98 80.554887 5.780E-14 2.994E+01 -2.635E+00
97 98 80.124573 8.288E-14 3.056E+01 -2.638E+00
6 98 993.953594 2.070E-09 1.964E+02 -3.491E+00
12 98 440.207389 6.081E-11 1.691E+02 -3.205E+00
22 98 247.158602 3.465E-12 9.907E+01 -2.956E+00
26 98 245.886843 1.743E-07 8.213E+01 -4.904E+00
36 98 157.997277 5.454E-13 6.217E+01 -2.805E+00
40 98 157.365834 3.547E-08 9.217E+01 -4.722E+00
54 98 109.630142 1.509E-13 4.204E+01 -2.708E+00
58 98 109.276883 6.333E-09 8.459E+01 -4.541E+00
75 98 80.490991 5.700E-14 2.993E+01 -2.639E+00
79 98 80.280678 1.366E-09 7.419E+01 -4.384E+00
14 98 437.468075 1.396E-08 1.118E+02 -4.167E+00
16 98 437.012284 2.078E-08 1.122E+02 -4.173E+00
24 98 246.045439 1.246E-09 1.181E+02 -3.934E+00
28 98 245.837292 1.811E-09 1.183E+02 -3.939E+00
38 98 157.442131 1.265E-10 9.397E+01 -3.713E+00
42 98 157.331289 1.814E-10 9.407E+01 -3.717E+00
56 98 109.316981 2.107E-11 7.313E+01 -3.543E+00
64 98 109.251142 2.992E-11 7.321E+01 -3.546E+00
78 98 80.301303 5.238E-12 5.787E+01 -3.416E+00
86 98 80.258768 7.327E-12 5.786E+01 -3.418E+00
15 98 437.151316 1.510E-08 1.120E+02 -4.173E+00
25 98 245.916739 1.326E-09 1.181E+02 -3.939E+00
39 98 157.377334 1.333E-10 9.399E+01 -3.717E+00
43 98 157.326803 1.777E-06 6.880E+01 -5.698E+00
57 98 109.279864 2.204E-11 7.317E+01 -3.547E+00
60 98 109.254710 6.469E-07 7.724E+01 -5.552E+00
81 98 80.278145 5.407E-12 5.782E+01 -3.418E+00
82 98 80.267076 1.718E-07 7.525E+01 -5.395E+00
27 98 245.886243 1.245E-07 8.213E+01 -4.904E+00
30 98 245.806974 1.700E-07 8.231E+01 -4.908E+00
41 98 157.365348 2.534E-08 9.217E+01 -4.722E+00
46 98 157.324679 3.448E-08 9.228E+01 -4.725E+00
59 98 109.276539 4.524E-09 8.459E+01 -4.541E+00
63 98 109.252939 6.143E-09 8.466E+01 -4.544E+00
80 98 80.280436 9.758E-10 7.420E+01 -4.384E+00
85 98 80.265496 1.327E-09 7.424E+01 -4.388E+00
29 98 245.807795 1.322E-07 8.231E+01 -4.908E+00
45 98 157.325352 2.682E-08 9.228E+01 -4.725E+00
62 98 109.253417 4.778E-09 8.466E+01 -4.544E+00
65 98 109.240719 2.069E-05 6.045E+01 -6.538E+00
84 98 80.265835 1.032E-09 7.424E+01 -4.388E+00
87 98 80.258227 1.069E-05 6.666E+01 -6.406E+00
44 98 157.326800 1.382E-06 6.880E+01 -5.698E+00
48 98 157.302576 1.760E-06 6.890E+01 -5.701E+00
61 98 109.254707 5.032E-07 7.724E+01 -5.552E+00
68 98 109.240667 6.498E-07 7.743E+01 -5.557E+00
83 98 80.267074 1.337E-07 7.525E+01 -5.395E+00
90 98 80.258181 1.757E-07 7.555E+01 -5.404E+00
47 98 157.302579 1.440E-06 6.890E+01 -5.701E+00
67 98 109.240671 5.317E-07 7.743E+01 -5.557E+00
89 98 80.258184 1.437E-07 7.555E+01 -5.404E+00
93 98 80.252319 3.406E-04 5.552E+01 -7.464E+00
66 98 109.240719 1.693E-05 6.045E+01 -6.538E+00
69 98 109.231374 2.078E-05 6.057E+01 -6.542E+00
88 98 80.258227 8.744E-06 6.666E+01 -6.406E+00
92 98 80.252321 1.038E-05 6.665E+01 -6.404E+00
70 98 109.231374 1.758E-05 6.057E+01 -6.542E+00
91 98 80.252321 8.787E-06 6.665E+01 -6.404E+00
94 98 80.252319 2.882E-04 5.552E+01 -7.464E+00
96 98 80.248115 2.601E-04 5.438E+01 -7.424E+00
95 98 80.248115 2.254E-04 5.438E+01 -7.424E+00
