j g(j) i g(i) wl A A+A^a A/(A+A^a) f
7 3.000 1 1.000 21.6020 2.948E+12 2.948E+12 1.000E+00 6.945E-01
17 3.000 1 1.000 18.6270 1.009E+12 1.061E+12 9.505E-01 1.461E-01
31 3.000 1 1.000 17.768 4.763E+11 5.113E+11 9.317E-01 6.781E-02
49 3.000 1 1.000 17.386 2.736E+11 2.982E+11 9.175E-01 3.735E-02
71 3.000 1 1.000 17.189 1.829E+11 2.039E+11 8.969E-01 2.440E-02
97 3.000 1 1.000 17.073 1.523E+11 1.840E+11 8.279E-01 2.005E-02
4 3.000 1 1.000 21.8010 1.862E+08 2.692E+08 6.917E-01 3.994E-05
16 5.000 1 1.000 18.6696 1.017E+08 1.546E+11 6.574E-04 2.656E-05
30 5.000 1 1.000 17.8013 6.126E+07 6.903E+10 8.874E-04 1.455E-05
10 3.000 1 1.000 18.6989 5.423E+07 5.541E+10 9.788E-04 8.528E-06
48 5.000 1 1.000 17.4263 3.684E+07 3.923E+10 9.392E-04 8.386E-06
70 5.000 1 1.000 17.2292 2.376E+07 2.772E+10 8.571E-04 5.288E-06
95 5.000 1 1.000 17.1124 1.681E+07 3.044E+10 5.523E-04 3.690E-06
20 3.000 1 1.000 17.8121 2.112E+07 3.504E+10 6.028E-04 3.014E-06
34 3.000 1 1.000 17.4314 9.767E+06 2.274E+10 4.295E-04 1.335E-06
52 3.000 1 1.000 17.2319 4.930E+06 1.676E+10 2.941E-04 6.583E-07
74 3.000 1 1.000 17.1139 2.374E+06 1.707E+10 1.391E-04 3.128E-07
14 5.000 1 1.000 18.6715 5.598E+05 1.640E+11 3.414E-06 1.463E-07
5 5.000 1 1.000 21.8036 2.790E+05 8.584E+07 3.250E-03 9.970E-08
28 5.000 1 1.000 17.8023 1.831E+05 7.378E+10 2.482E-06 4.351E-08
11 5.000 1 1.000 18.6983 1.171E+05 5.525E+10 2.119E-06 3.069E-08
46 5.000 1 1.000 17.4269 8.302E+04 4.109E+10 2.020E-06 1.890E-08
21 5.000 1 1.000 17.8119 5.704E+04 3.498E+10 1.631E-06 1.356E-08
68 5.000 1 1.000 17.2295 4.416E+04 2.733E+10 1.616E-06 9.825E-09
35 5.000 1 1.000 17.4313 3.220E+04 2.271E+10 1.418E-06 7.334E-09
93 5.000 1 1.000 17.1127 2.524E+04 2.499E+10 1.010E-06 5.541E-09
53 5.000 1 1.000 17.2318 2.046E+04 1.675E+10 1.222E-06 4.555E-09
75 5.000 1 1.000 17.1139 1.487E+04 1.706E+10 8.712E-07 3.264E-09
2 3.000 1 1.000 22.0974 9.767E+02 9.767E+02 1.000E+00 2.153E-10
8 3.000 1 1.000 18.7594 4.460E+02 2.567E+10 1.737E-08 7.062E-11
18 3.000 1 1.000 17.8349 2.198E+02 1.985E+10 1.107E-08 3.145E-11
32 3.000 1 1.000 17.4426 1.233E+02 1.552E+10 7.940E-09 1.687E-11
50 3.000 1 1.000 17.2383 7.697E+01 1.454E+10 5.294E-09 1.029E-11
72 3.000 1 1.000 17.1180 5.367E+01 2.207E+10 2.432E-09 7.072E-12
13 3.000 1 1.000 18.6716 3.727E+00 1.641E+11 2.271E-11 5.843E-13
27 3.000 1 1.000 17.8024 2.444E+00 7.381E+10 3.312E-11 3.484E-13
45 3.000 1 1.000 17.4269 1.524E+00 4.110E+10 3.708E-11 2.082E-13
67 3.000 1 1.000 17.2295 1.000E+00 2.735E+10 3.658E-11 1.336E-13
92 3.000 1 1.000 17.1127 7.117E-01 2.501E+10 2.846E-11 9.375E-14
23 5.000 1 1.000 17.8024 2.738E-05 3.322E+10 8.241E-16 6.503E-18
37 5.000 1 1.000 17.4271 2.448E-05 1.734E+10 1.411E-15 5.572E-18
56 5.000 1 1.000 17.2297 1.826E-05 1.039E+10 1.757E-15 4.063E-18
82 5.000 1 1.000 17.1129 1.337E-05 7.218E+09 1.853E-15 2.936E-18
