!@# 6 2.00 4.00 10.0 30.0 100. 300.
i j E(eV) a0 a1 a2
1 50 9277.895467 1.188E-08 1.148E+03 -3.016E+00
3 50 2325.204971 1.197E-11 5.135E+02 -2.533E+00
6 50 1031.144022 3.976E-13 1.392E+02 -2.293E+00
11 50 579.047941 8.716E-14 5.369E+01 -2.216E+00
18 50 370.151403 3.383E-14 2.392E+01 -2.181E+00
27 50 256.827329 1.790E-14 1.261E+01 -2.168E+00
38 50 188.566377 1.075E-14 6.750E+00 -2.162E+00
2 50 2325.762173 1.318E-08 3.115E+02 -3.454E+00
5 50 1031.309132 1.088E-10 2.640E+02 -3.037E+00
10 50 579.117603 2.713E-12 1.217E+02 -2.696E+00
17 50 370.187077 3.242E-13 6.052E+01 -2.510E+00
26 50 256.847976 8.965E-14 3.429E+01 -2.412E+00
37 50 188.579380 3.548E-14 2.029E+01 -2.347E+00
4 50 2304.550459 1.467E-08 3.073E+02 -3.473E+00
8 50 1025.018765 1.161E-10 2.582E+02 -3.050E+00
13 50 576.465695 2.895E-12 1.192E+02 -2.708E+00
20 50 368.830339 3.502E-13 5.977E+01 -2.524E+00
29 50 256.063276 9.830E-14 3.444E+01 -2.427E+00
40 50 188.085391 3.715E-14 1.982E+01 -2.356E+00
7 50 1025.029719 6.398E-08 1.759E+02 -4.019E+00
12 50 576.470376 1.436E-09 1.752E+02 -3.627E+00
19 50 368.832723 4.271E-11 1.125E+02 -3.255E+00
28 50 256.064651 3.926E-12 7.254E+01 -3.007E+00
39 50 188.086243 6.655E-13 4.679E+01 -2.824E+00
9 50 1022.968415 6.765E-08 1.762E+02 -4.029E+00
15 50 575.600077 1.478E-09 1.747E+02 -3.633E+00
22 50 368.387014 4.435E-11 1.126E+02 -3.262E+00
31 50 255.806616 4.177E-12 7.329E+01 -3.017E+00
42 50 187.923611 6.526E-13 4.624E+01 -2.822E+00
14 50 575.601615 3.116E-07 1.221E+02 -4.587E+00
21 50 368.387795 1.761E-08 1.325E+02 -4.246E+00
30 50 255.807053 8.789E-10 1.051E+02 -3.899E+00
41 50 187.923881 6.393E-11 7.650E+01 -3.592E+00
16 50 575.168218 3.201E-07 1.222E+02 -4.592E+00
24 50 368.165758 1.813E-08 1.327E+02 -4.251E+00
33 50 255.678442 9.262E-10 1.057E+02 -3.908E+00
44 50 187.842724 6.243E-11 7.603E+01 -3.590E+00
23 50 368.166023 1.865E-06 9.605E+01 -5.197E+00
32 50 255.678583 2.222E-07 1.078E+02 -4.905E+00
43 50 187.842799 1.470E-08 9.336E+01 -4.561E+00
25 50 368.033364 1.912E-06 9.626E+01 -5.201E+00
34 50 255.601747 2.276E-07 1.080E+02 -4.910E+00
45 50 187.794289 1.520E-08 9.363E+01 -4.566E+00
35 50 255.601741 1.262E-05 8.028E+01 -5.845E+00
46 50 187.794276 2.332E-06 8.955E+01 -5.574E+00
36 50 255.550589 1.255E-05 8.013E+01 -5.845E+00
47 50 187.762005 2.618E-06 9.050E+01 -5.592E+00
48 50 187.761996 9.958E-05 6.995E+01 -6.540E+00
49 50 187.738993 1.120E-04 7.076E+01 -6.558E+00
