j g(j) i g(i) wl A A+A^a A/(A+A^a) f
7 3.000 1 1.000 3.94892 1.023E+14 1.023E+14 1.000E+00 7.172E-01
17 3.000 1 1.000 3.36617 3.068E+13 3.255E+13 9.426E-01 1.564E-01
31 3.000 1 1.000 3.20044 1.334E+13 1.450E+13 9.200E-01 6.147E-02
49 3.000 1 1.000 3.12909 7.103E+12 7.844E+12 9.056E-01 3.128E-02
71 3.000 1 1.000 3.09163 4.330E+12 4.864E+12 8.902E-01 1.861E-02
97 3.000 1 1.000 3.06946 2.992E+12 3.510E+12 8.524E-01 1.268E-02
4 3.000 1 1.000 3.97049 1.143E+12 1.143E+12 9.998E-01 8.103E-03
10 3.000 1 1.000 3.37063 3.600E+11 2.274E+12 1.583E-01 1.839E-03
20 3.000 1 1.000 3.20215 1.522E+11 1.310E+12 1.162E-01 7.021E-04
34 3.000 1 1.000 3.12994 7.697E+10 7.872E+11 9.778E-02 3.391E-04
52 3.000 1 1.000 3.09212 4.353E+10 5.208E+11 8.359E-02 1.872E-04
16 5.000 1 1.000 3.36694 1.973E+10 5.448E+12 3.621E-03 1.677E-04
74 3.000 1 1.000 3.06979 2.618E+10 4.108E+11 6.373E-02 1.109E-04
28 5.000 1 1.000 3.20077 1.188E+10 2.386E+12 4.981E-03 9.125E-05
42 5.000 1 1.000 3.12927 7.040E+09 1.289E+12 5.463E-03 5.168E-05
14 5.000 1 1.000 3.36736 4.922E+09 5.534E+12 8.894E-04 4.184E-05
64 5.000 1 1.000 3.09175 4.444E+09 8.171E+11 5.438E-03 3.185E-05
86 5.000 1 1.000 3.06956 3.024E+09 6.596E+11 4.585E-03 2.135E-05
24 5.000 1 1.000 3.20094 2.288E+09 2.430E+12 9.416E-04 1.757E-05
38 5.000 1 1.000 3.12936 1.202E+09 1.305E+12 9.210E-04 8.824E-06
56 5.000 1 1.000 3.09180 7.030E+08 8.120E+11 8.658E-04 5.038E-06
6 5.000 1 1.000 3.96690 2.918E+08 6.432E+08 4.537E-01 3.441E-06
78 5.000 1 1.000 3.06959 4.448E+08 6.145E+11 7.239E-04 3.142E-06
12 5.000 1 1.000 3.36986 1.151E+08 1.896E+12 6.069E-05 9.799E-07
22 5.000 1 1.000 3.20186 5.384E+07 1.149E+12 4.685E-05 4.138E-07
36 5.000 1 1.000 3.12980 2.926E+07 7.055E+11 4.147E-05 2.149E-07
54 5.000 1 1.000 3.09204 1.778E+07 4.742E+11 3.748E-05 1.274E-07
75 5.000 1 1.000 3.06974 1.191E+07 3.823E+11 3.115E-05 8.412E-08
2 3.000 1 1.000 3.99537 4.653E+06 4.653E+06 1.000E+00 3.340E-08
8 3.000 1 1.000 3.37560 2.094E+06 6.867E+11 3.049E-06 1.073E-08
18 3.000 1 1.000 3.20401 1.015E+06 5.050E+11 2.009E-06 4.684E-09
32 3.000 1 1.000 3.13084 5.573E+05 3.585E+11 1.555E-06 2.458E-09
50 3.000 1 1.000 3.09264 3.390E+05 2.847E+11 1.191E-06 1.458E-09
72 3.000 1 1.000 3.07011 2.250E+05 3.129E+11 7.190E-07 9.537E-10
13 3.000 1 1.000 3.36741 2.186E+04 5.560E+12 3.931E-09 1.115E-10
23 3.000 1 1.000 3.20096 1.397E+04 2.440E+12 5.725E-09 6.436E-11
37 3.000 1 1.000 3.12937 8.510E+03 1.308E+12 6.508E-09 3.748E-11
55 3.000 1 1.000 3.09181 5.443E+03 8.104E+11 6.717E-09 2.340E-11
77 3.000 1 1.000 3.06960 3.713E+03 6.060E+11 6.128E-09 1.573E-11
26 5.000 1 1.000 3.20081 1.141E+00 1.157E+12 9.867E-13 8.765E-15
40 5.000 1 1.000 3.12930 1.009E+00 6.018E+11 1.677E-12 7.407E-15
58 5.000 1 1.000 3.09177 7.470E-01 3.563E+11 2.097E-12 5.352E-15
79 5.000 1 1.000 3.06958 5.420E-01 2.360E+11 2.297E-12 3.828E-15
