j g(j) i g(i) wl A A+A^a A/(A+A^a) f
6 4.000 1 2.000 9.06070 9.880E+12 9.888E+12 9.992E-01 2.433E-01
5 2.000 1 2.000 9.10398 1.023E+13 1.024E+13 9.993E-01 1.271E-01
11 4.000 1 2.000 6.81133 4.455E+12 5.933E+12 7.509E-01 6.200E-02
10 2.000 1 2.000 6.82159 4.540E+12 6.094E+12 7.451E-01 3.168E-02
16 4.000 1 2.000 6.11036 2.320E+12 3.519E+12 6.593E-01 2.598E-02
21 4.000 1 2.000 5.78725 1.353E+12 2.208E+12 6.128E-01 1.359E-02
15 2.000 1 2.000 6.11458 2.350E+12 3.601E+12 6.528E-01 1.317E-02
26 4.000 1 2.000 5.60859 8.560E+11 1.464E+12 5.848E-01 8.075E-03
20 2.000 1 2.000 5.78943 1.366E+12 2.255E+12 6.059E-01 6.865E-03
31 4.000 1 2.000 5.49851 5.753E+11 1.016E+12 5.662E-01 5.215E-03
25 2.000 1 2.000 5.60988 8.625E+11 1.493E+12 5.779E-01 4.071E-03
36 4.000 1 2.000 5.42555 4.050E+11 7.328E+11 5.527E-01 3.576E-03
30 2.000 1 2.000 5.49934 5.790E+11 1.035E+12 5.593E-01 2.626E-03
41 4.000 1 2.000 5.37456 2.960E+11 5.458E+11 5.424E-01 2.564E-03
46 4.000 1 2.000 5.33746 2.228E+11 4.174E+11 5.336E-01 1.903E-03
35 2.000 1 2.000 5.42611 4.076E+11 7.465E+11 5.460E-01 1.799E-03
51 4.000 1 2.000 5.30960 1.718E+11 3.268E+11 5.257E-01 1.452E-03
40 2.000 1 2.000 5.37497 2.976E+11 5.556E+11 5.356E-01 1.289E-03
56 4.000 1 2.000 5.28813 1.352E+11 2.614E+11 5.174E-01 1.134E-03
45 2.000 1 2.000 5.33777 2.239E+11 4.248E+11 5.270E-01 9.565E-04
61 4.000 1 2.000 5.27121 1.082E+11 2.142E+11 5.053E-01 9.015E-04
66 4.000 1 2.000 5.25765 8.818E+10 1.850E+11 4.767E-01 7.310E-04
50 2.000 1 2.000 5.30983 1.726E+11 3.325E+11 5.191E-01 7.295E-04
8 6.000 1 2.000 9.01078 1.902E+10 2.960E+13 6.424E-04 6.945E-04
55 2.000 1 2.000 5.28830 1.358E+11 2.658E+11 5.110E-01 5.695E-04
7 4.000 1 2.000 9.02428 1.875E+10 2.975E+13 6.303E-04 4.579E-04
60 2.000 1 2.000 5.27136 1.088E+11 2.178E+11 4.993E-01 4.530E-04
65 2.000 1 2.000 5.25776 8.860E+10 1.877E+11 4.720E-01 3.673E-04
13 6.000 1 2.000 6.79954 2.668E+09 1.294E+13 2.062E-04 5.550E-05
12 4.000 1 2.000 6.80278 2.568E+09 1.303E+13 1.970E-04 3.561E-05
18 6.000 1 2.000 6.10553 6.892E+08 6.743E+12 1.022E-04 1.156E-05
17 4.000 1 2.000 6.10686 6.498E+08 6.796E+12 9.561E-05 7.265E-06
23 6.000 1 2.000 5.78475 2.513E+08 3.947E+12 6.367E-05 3.783E-06
22 4.000 1 2.000 5.78544 2.329E+08 3.979E+12 5.854E-05 2.338E-06
28 6.000 1 2.000 5.60712 1.142E+08 2.506E+12 4.557E-05 1.614E-06
27 4.000 1 2.000 5.60753 1.043E+08 2.527E+12 4.129E-05 9.835E-07
33 6.000 1 2.000 5.49756 6.027E+07 1.690E+12 3.567E-05 8.195E-07
32 4.000 1 2.000 5.49783 5.440E+07 1.704E+12 3.193E-05 4.932E-07
38 6.000 1 2.000 5.42490 3.540E+07 1.193E+12 2.967E-05 4.686E-07
43 6.000 1 2.000 5.37410 2.250E+07 8.740E+11 2.574E-05 2.923E-07
37 4.000 1 2.000 5.42508 3.165E+07 1.204E+12 2.630E-05 2.793E-07
48 6.000 1 2.000 5.33712 1.519E+07 6.597E+11 2.303E-05 1.947E-07
42 4.000 1 2.000 5.37423 1.996E+07 8.819E+11 2.263E-05 1.728E-07
53 6.000 1 2.000 5.30934 1.074E+07 5.107E+11 2.103E-05 1.362E-07
47 4.000 1 2.000 5.33722 1.338E+07 6.659E+11 2.009E-05 1.143E-07
58 6.000 1 2.000 5.28792 7.877E+06 4.040E+11 1.949E-05 9.905E-08
52 4.000 1 2.000 5.30941 9.406E+06 5.156E+11 1.824E-05 7.950E-08
63 6.000 1 2.000 5.27105 5.948E+06 3.271E+11 1.819E-05 7.435E-08
57 4.000 1 2.000 5.28798 6.865E+06 4.081E+11 1.682E-05 5.755E-08
68 6.000 1 2.000 5.25751 4.603E+06 2.755E+11 1.671E-05 5.725E-08
62 4.000 1 2.000 5.27110 5.160E+06 3.308E+11 1.560E-05 4.299E-08
67 4.000 1 2.000 5.25755 3.980E+06 2.798E+11 1.422E-05 3.298E-08
4 2.000 1 2.000 9.20360 3.456E+05 3.683E+12 9.384E-08 4.388E-09
9 2.000 1 2.000 6.84446 2.952E+05 2.557E+12 1.155E-07 2.073E-09
14 2.000 1 2.000 6.12386 1.964E+05 1.630E+12 1.204E-07 1.104E-09
19 2.000 1 2.000 5.79421 1.294E+05 1.069E+12 1.210E-07 6.510E-10
24 2.000 1 2.000 5.61269 8.780E+04 7.299E+11 1.203E-07 4.146E-10
29 2.000 1 2.000 5.50114 6.165E+04 5.181E+11 1.190E-07 2.797E-10
34 2.000 1 2.000 5.42736 4.472E+04 3.804E+11 1.175E-07 1.975E-10
39 2.000 1 2.000 5.37585 3.335E+04 2.878E+11 1.159E-07 1.445E-10
44 2.000 1 2.000 5.33842 2.548E+04 2.235E+11 1.140E-07 1.089E-10
49 2.000 1 2.000 5.31033 1.986E+04 1.780E+11 1.116E-07 8.400E-11
54 2.000 1 2.000 5.28869 1.576E+04 1.452E+11 1.086E-07 6.610E-11
59 2.000 1 2.000 5.27167 1.270E+04 1.231E+11 1.031E-07 5.290E-11
64 2.000 1 2.000 5.25801 1.039E+04 1.145E+11 9.074E-08 4.307E-11
7 4.000 2 2.000 9.38754 2.486E+13 2.975E+13 8.358E-01 6.570E-01
12 4.000 2 2.000 7.00718 8.260E+12 1.303E+13 6.339E-01 1.216E-01
17 4.000 2 2.000 6.27108 3.833E+12 6.796E+12 5.639E-01 4.519E-02
22 4.000 2 2.000 5.93261 2.108E+12 3.979E+12 5.298E-01 2.225E-02
4 2.000 2 2.000 9.58174 1.172E+12 3.683E+12 3.184E-01 1.614E-02
27 4.000 2 2.000 5.74568 1.289E+12 2.527E+12 5.101E-01 1.276E-02
32 4.000 2 2.000 5.63056 8.475E+11 1.704E+12 4.974E-01 8.055E-03
37 4.000 2 2.000 5.55429 5.878E+11 1.204E+12 4.883E-01 5.435E-03
42 4.000 2 2.000 5.50099 4.245E+11 8.819E+11 4.814E-01 3.853E-03
9 2.000 2 2.000 7.05141 4.776E+11 2.557E+12 1.868E-01 3.560E-03
47 4.000 2 2.000 5.46222 3.168E+11 6.659E+11 4.757E-01 2.834E-03
52 4.000 2 2.000 5.43311 2.425E+11 5.156E+11 4.704E-01 2.147E-03
57 4.000 2 2.000 5.41066 1.897E+11 4.081E+11 4.648E-01 1.665E-03
14 2.000 2 2.000 6.28900 2.386E+11 1.630E+12 1.463E-01 1.415E-03
62 4.000 2 2.000 5.39299 1.509E+11 3.308E+11 4.562E-01 1.316E-03
67 4.000 2 2.000 5.37881 1.219E+11 2.798E+11 4.357E-01 1.058E-03
19 2.000 2 2.000 5.94184 1.361E+11 1.069E+12 1.273E-01 7.205E-04
24 2.000 2 2.000 5.75111 8.495E+10 7.299E+11 1.164E-01 4.214E-04
29 2.000 2 2.000 5.63404 5.660E+10 5.181E+11 1.093E-01 2.695E-04
34 2.000 2 2.000 5.55668 3.962E+10 3.804E+11 1.042E-01 1.834E-04
39 2.000 2 2.000 5.50270 2.882E+10 2.878E+11 1.001E-01 1.309E-04
6 4.000 2 2.000 9.42696 3.751E+09 9.888E+12 3.793E-04 9.992E-05
44 2.000 2 2.000 5.46349 2.161E+10 2.235E+11 9.668E-02 9.670E-05
49 2.000 2 2.000 5.43407 1.662E+10 1.780E+11 9.338E-02 7.355E-05
54 2.000 2 2.000 5.41141 1.305E+10 1.452E+11 8.990E-02 5.730E-05
59 2.000 2 2.000 5.39359 1.042E+10 1.231E+11 8.462E-02 4.545E-05
64 2.000 2 2.000 5.37930 8.470E+09 1.145E+11 7.397E-02 3.674E-05
11 4.000 2 2.000 7.01625 1.671E+09 5.933E+12 2.817E-04 2.467E-05
16 4.000 2 2.000 6.27476 8.672E+08 3.519E+12 2.464E-04 1.024E-05
21 4.000 2 2.000 5.93451 5.049E+08 2.208E+12 2.287E-04 5.331E-06
26 4.000 2 2.000 5.74680 3.191E+08 1.464E+12 2.180E-04 3.160E-06
31 4.000 2 2.000 5.63128 2.144E+08 1.016E+12 2.110E-04 2.038E-06
36 4.000 2 2.000 5.55478 1.509E+08 7.328E+11 2.059E-04 1.396E-06
41 4.000 2 2.000 5.50134 1.102E+08 5.458E+11 2.020E-04 1.000E-06
46 4.000 2 2.000 5.46248 8.295E+07 4.174E+11 1.987E-04 7.422E-07
51 4.000 2 2.000 5.43330 6.394E+07 3.268E+11 1.957E-04 5.661E-07
56 4.000 2 2.000 5.41082 5.034E+07 2.614E+11 1.926E-04 4.418E-07
8 6.000 2 2.000 9.37293 8.892E+06 2.960E+13 3.004E-07 3.513E-07
61 4.000 2 2.000 5.39311 4.028E+07 2.142E+11 1.881E-04 3.513E-07
66 4.000 2 2.000 5.37891 3.281E+07 1.850E+11 1.774E-04 2.847E-07
13 6.000 2 2.000 7.00374 5.285E+06 1.294E+13 4.084E-07 1.166E-07
18 6.000 2 2.000 6.26967 3.058E+06 6.743E+12 4.535E-07 5.405E-08
23 6.000 2 2.000 5.93188 1.878E+06 3.947E+12 4.759E-07 2.973E-08
28 6.000 2 2.000 5.74525 1.224E+06 2.506E+12 4.885E-07 1.817E-08
33 6.000 2 2.000 5.63029 8.378E+05 1.690E+12 4.959E-07 1.195E-08
38 6.000 2 2.000 5.55410 5.970E+05 1.193E+12 5.004E-07 8.285E-09
43 6.000 2 2.000 5.50086 4.397E+05 8.740E+11 5.030E-07 5.985E-09
48 6.000 2 2.000 5.46212 3.327E+05 6.597E+11 5.043E-07 4.465E-09
53 6.000 2 2.000 5.43303 2.575E+05 5.107E+11 5.042E-07 3.419E-09
58 6.000 2 2.000 5.41060 2.030E+05 4.040E+11 5.024E-07 2.673E-09
63 6.000 2 2.000 5.39294 1.627E+05 3.271E+11 4.974E-07 2.128E-09
68 6.000 2 2.000 5.37877 1.322E+05 2.755E+11 4.798E-07 1.720E-09
5 2.000 2 2.000 9.47382 8.360E+04 1.024E+13 8.166E-09 1.126E-09
10 2.000 2 2.000 7.02714 6.645E+04 6.094E+12 1.091E-08 4.920E-10
15 2.000 2 2.000 6.27921 4.288E+04 3.601E+12 1.191E-08 2.534E-10
20 2.000 2 2.000 5.93681 2.782E+04 2.255E+12 1.234E-08 1.470E-10
25 2.000 2 2.000 5.74816 1.872E+04 1.493E+12 1.254E-08 9.275E-11
30 2.000 2 2.000 5.63215 1.308E+04 1.035E+12 1.263E-08 6.220E-11
35 2.000 2 2.000 5.55537 9.455E+03 7.465E+11 1.267E-08 4.376E-11
40 2.000 2 2.000 5.50177 7.040E+03 5.556E+11 1.267E-08 3.194E-11
45 2.000 2 2.000 5.46280 5.370E+03 4.248E+11 1.264E-08 2.403E-11
50 2.000 2 2.000 5.43354 4.184E+03 3.325E+11 1.259E-08 1.852E-11
55 2.000 2 2.000 5.41101 3.320E+03 2.658E+11 1.249E-08 1.457E-11
60 2.000 2 2.000 5.39326 2.675E+03 2.178E+11 1.228E-08 1.166E-11
65 2.000 2 2.000 5.37903 2.192E+03 1.877E+11 1.168E-08 9.505E-12
8 6.000 3 4.000 9.53108 2.958E+13 2.960E+13 9.994E-01 6.043E-01
13 6.000 3 4.000 7.09167 9.745E+12 1.294E+13 7.531E-01 1.102E-01
7 4.000 3 4.000 9.54618 4.865E+12 2.975E+13 1.635E-01 6.645E-02
18 6.000 3 4.000 6.34004 4.510E+12 6.743E+12 6.688E-01 4.078E-02
23 6.000 3 4.000 5.99484 2.478E+12 3.947E+12 6.279E-01 2.003E-02
4 2.000 3 4.000 9.74707 2.510E+12 3.683E+12 6.816E-01 1.788E-02
12 4.000 3 4.000 7.09519 1.586E+12 1.303E+13 1.217E-01 1.197E-02
28 6.000 3 4.000 5.80428 1.514E+12 2.506E+12 6.041E-01 1.147E-02
33 6.000 3 4.000 5.68697 9.950E+11 1.690E+12 5.889E-01 7.238E-03
38 6.000 3 4.000 5.60925 6.898E+11 1.193E+12 5.782E-01 4.883E-03
17 4.000 3 4.000 6.34148 7.308E+11 6.796E+12 1.075E-01 4.405E-03
9 2.000 3 4.000 7.14055 1.014E+12 2.557E+12 3.966E-01 3.875E-03
43 6.000 3 4.000 5.55495 4.983E+11 8.740E+11 5.701E-01 3.458E-03
48 6.000 3 4.000 5.51545 3.717E+11 6.597E+11 5.634E-01 2.543E-03
22 4.000 3 4.000 5.99558 4.005E+11 3.979E+12 1.007E-01 2.159E-03
53 6.000 3 4.000 5.48579 2.847E+11 5.107E+11 5.574E-01 1.926E-03
14 2.000 3 4.000 6.35980 5.050E+11 1.630E+12 3.097E-01 1.532E-03
58 6.000 3 4.000 5.46293 2.227E+11 4.040E+11 5.511E-01 1.494E-03
27 4.000 3 4.000 5.80473 2.444E+11 2.527E+12 9.671E-02 1.234E-03
63 6.000 3 4.000 5.44492 1.772E+11 3.271E+11 5.417E-01 1.181E-03
68 6.000 3 4.000 5.43048 1.432E+11 2.755E+11 5.197E-01 9.498E-04
32 4.000 3 4.000 5.68725 1.605E+11 1.704E+12 9.417E-02 7.782E-04
19 2.000 3 4.000 6.00500 2.879E+11 1.069E+12 2.693E-01 7.780E-04
37 4.000 3 4.000 5.60944 1.112E+11 1.204E+12 9.237E-02 5.245E-04
24 2.000 3 4.000 5.81026 1.796E+11 7.299E+11 2.460E-01 4.545E-04
42 4.000 3 4.000 5.55509 8.028E+10 8.819E+11 9.103E-02 3.712E-04
29 2.000 3 4.000 5.69080 1.196E+11 5.181E+11 2.309E-01 2.903E-04
47 4.000 3 4.000 5.51556 5.985E+10 6.659E+11 8.988E-02 2.730E-04
52 4.000 3 4.000 5.48587 4.580E+10 5.156E+11 8.883E-02 2.067E-04
34 2.000 3 4.000 5.61188 8.365E+10 3.804E+11 2.199E-01 1.975E-04
57 4.000 3 4.000 5.46299 3.582E+10 4.081E+11 8.779E-02 1.603E-04
39 2.000 3 4.000 5.55683 6.085E+10 2.878E+11 2.114E-01 1.408E-04
62 4.000 3 4.000 5.44497 2.848E+10 3.308E+11 8.609E-02 1.266E-04
44 2.000 3 4.000 5.51685 4.562E+10 2.235E+11 2.041E-01 1.041E-04
67 4.000 3 4.000 5.43052 2.302E+10 2.798E+11 8.224E-02 1.018E-04
49 2.000 3 4.000 5.48685 3.508E+10 1.780E+11 1.971E-01 7.915E-05
54 2.000 3 4.000 5.46375 2.754E+10 1.452E+11 1.897E-01 6.163E-05
5 2.000 3 4.000 9.63542 7.402E+09 1.024E+13 7.230E-04 5.152E-05
6 4.000 3 4.000 9.58695 3.686E+09 9.888E+12 3.727E-04 5.081E-05
59 2.000 3 4.000 5.44558 2.199E+10 1.231E+11 1.786E-01 4.888E-05
64 2.000 3 4.000 5.43101 1.787E+10 1.145E+11 1.561E-01 3.950E-05
11 4.000 3 4.000 7.10449 1.616E+09 5.933E+12 2.723E-04 1.223E-05
10 2.000 3 4.000 7.11566 3.187E+09 6.094E+12 5.231E-04 1.210E-05
16 4.000 3 4.000 6.34525 8.333E+08 3.519E+12 2.368E-04 5.029E-06
15 2.000 3 4.000 6.34980 1.632E+09 3.601E+12 4.533E-04 4.932E-06
21 4.000 3 4.000 5.99752 4.834E+08 2.208E+12 2.190E-04 2.608E-06
20 2.000 3 4.000 5.99987 9.435E+08 2.255E+12 4.185E-04 2.546E-06
26 4.000 3 4.000 5.80587 3.051E+08 1.464E+12 2.085E-04 1.542E-06
25 2.000 3 4.000 5.80725 5.943E+08 1.493E+12 3.982E-04 1.502E-06
31 4.000 3 4.000 5.68798 2.047E+08 1.016E+12 2.015E-04 9.929E-07
30 2.000 3 4.000 5.68887 3.981E+08 1.035E+12 3.845E-04 9.660E-07
36 4.000 3 4.000 5.60994 1.440E+08 7.328E+11 1.965E-04 6.793E-07
35 2.000 3 4.000 5.61055 2.798E+08 7.465E+11 3.748E-04 6.604E-07
41 4.000 3 4.000 5.55545 1.051E+08 5.458E+11 1.926E-04 4.865E-07
40 2.000 3 4.000 5.55588 2.042E+08 5.556E+11 3.674E-04 4.723E-07
46 4.000 3 4.000 5.51582 7.906E+07 4.174E+11 1.894E-04 3.607E-07
45 2.000 3 4.000 5.51614 1.535E+08 4.248E+11 3.613E-04 3.502E-07
51 4.000 3 4.000 5.48607 6.095E+07 3.268E+11 1.865E-04 2.751E-07
50 2.000 3 4.000 5.48632 1.183E+08 3.325E+11 3.557E-04 2.669E-07
56 4.000 3 4.000 5.46315 4.795E+07 2.614E+11 1.834E-04 2.146E-07
55 2.000 3 4.000 5.46334 9.305E+07 2.658E+11 3.500E-04 2.082E-07
61 4.000 3 4.000 5.44510 3.837E+07 2.142E+11 1.791E-04 1.706E-07
60 2.000 3 4.000 5.44525 7.444E+07 2.178E+11 3.418E-04 1.655E-07
66 4.000 3 4.000 5.43062 3.126E+07 1.850E+11 1.690E-04 1.382E-07
65 2.000 3 4.000 5.43075 6.069E+07 1.877E+11 3.233E-04 1.341E-07
11 4.000 4 2.000 26.2047 1.297E+12 5.933E+12 2.186E-01 2.671E-01
10 2.000 4 2.000 26.3573 1.358E+12 6.094E+12 2.228E-01 1.414E-01
16 4.000 4 2.000 18.1807 7.200E+11 3.519E+12 2.046E-01 7.135E-02
15 2.000 4 2.000 18.2181 7.430E+11 3.601E+12 2.063E-01 3.698E-02
21 4.000 4 2.000 15.5907 4.273E+11 2.208E+12 1.935E-01 3.115E-02
26 4.000 4 2.000 14.3586 2.730E+11 1.464E+12 1.865E-01 1.688E-02
20 2.000 4 2.000 15.6066 4.385E+11 2.255E+12 1.945E-01 1.602E-02
31 4.000 4 2.000 13.6585 1.849E+11 1.016E+12 1.820E-01 1.035E-02
25 2.000 4 2.000 14.3671 2.792E+11 1.493E+12 1.871E-01 8.640E-03
36 4.000 4 2.000 13.2170 1.313E+11 7.328E+11 1.791E-01 6.875E-03
30 2.000 4 2.000 13.6637 1.888E+11 1.035E+12 1.823E-01 5.285E-03
41 4.000 4 2.000 12.9185 9.680E+10 5.458E+11 1.774E-01 4.844E-03
46 4.000 4 2.000 12.7062 7.373E+10 4.174E+11 1.766E-01 3.570E-03
35 2.000 4 2.000 13.2204 1.338E+11 7.465E+11 1.792E-01 3.507E-03
51 4.000 4 2.000 12.5494 5.780E+10 3.268E+11 1.769E-01 2.730E-03
40 2.000 4 2.000 12.9208 9.860E+10 5.556E+11 1.775E-01 2.468E-03
56 4.000 4 2.000 12.4301 4.663E+10 2.614E+11 1.784E-01 2.160E-03
45 2.000 4 2.000 12.7079 7.500E+10 4.248E+11 1.765E-01 1.816E-03
61 4.000 4 2.000 12.3371 3.920E+10 2.142E+11 1.830E-01 1.789E-03
66 4.000 4 2.000 12.2630 3.645E+10 1.850E+11 1.971E-01 1.644E-03
50 2.000 4 2.000 12.5507 5.875E+10 3.325E+11 1.767E-01 1.388E-03
55 2.000 4 2.000 12.4311 4.734E+10 2.658E+11 1.781E-01 1.097E-03
60 2.000 4 2.000 12.3379 3.973E+10 2.178E+11 1.824E-01 9.070E-04
65 2.000 4 2.000 12.2636 3.674E+10 1.877E+11 1.958E-01 8.285E-04
13 6.000 4 2.000 26.0310 1.327E+09 1.294E+13 1.026E-04 4.044E-04
12 4.000 4 2.000 26.0786 1.320E+09 1.303E+13 1.013E-04 2.691E-04
18 6.000 4 2.000 18.1380 4.500E+08 6.743E+12 6.673E-05 6.660E-05
17 4.000 4 2.000 18.1498 4.415E+08 6.796E+12 6.497E-05 4.362E-05
68 6.000 4 2.000 12.2623 3.552E+08 2.755E+11 1.289E-03 2.403E-05
23 6.000 4 2.000 15.5726 1.972E+08 3.947E+12 4.995E-05 2.151E-05
67 4.000 4 2.000 12.2625 3.490E+08 2.798E+11 1.247E-03 1.574E-05
22 4.000 4 2.000 15.5776 1.920E+08 3.979E+12 4.825E-05 1.397E-05
28 6.000 4 2.000 14.3489 1.040E+08 2.506E+12 4.150E-05 9.630E-06
27 4.000 4 2.000 14.3516 1.007E+08 2.527E+12 3.984E-05 6.220E-06
33 6.000 4 2.000 13.6527 6.263E+07 1.690E+12 3.707E-05 5.250E-06
63 6.000 4 2.000 12.3362 5.083E+07 3.271E+11 1.554E-04 3.479E-06
32 4.000 4 2.000 13.6543 6.045E+07 1.704E+12 3.547E-05 3.379E-06
38 6.000 4 2.000 13.2132 4.192E+07 1.193E+12 3.513E-05 3.292E-06
43 6.000 4 2.000 12.9158 3.083E+07 8.740E+11 3.528E-05 2.314E-06
62 4.000 4 2.000 12.3364 5.000E+07 3.308E+11 1.512E-04 2.282E-06
37 4.000 4 2.000 13.2142 4.038E+07 1.204E+12 3.355E-05 2.114E-06
58 6.000 4 2.000 12.4290 2.672E+07 4.040E+11 6.612E-05 1.856E-06
48 6.000 4 2.000 12.7042 2.512E+07 6.597E+11 3.807E-05 1.823E-06
53 6.000 4 2.000 12.5480 2.350E+07 5.107E+11 4.601E-05 1.664E-06
42 4.000 4 2.000 12.9165 2.968E+07 8.819E+11 3.365E-05 1.485E-06
57 4.000 4 2.000 12.4293 2.533E+07 4.081E+11 6.206E-05 1.173E-06
47 4.000 4 2.000 12.7048 2.421E+07 6.659E+11 3.636E-05 1.172E-06
52 4.000 4 2.000 12.5484 2.273E+07 5.156E+11 4.409E-05 1.074E-06
9 2.000 4 2.000 26.7020 3.480E+03 2.557E+12 1.361E-09 3.721E-10
14 2.000 4 2.000 18.3007 4.377E+03 1.630E+12 2.685E-09 2.198E-10
19 2.000 4 2.000 15.6414 3.666E+03 1.069E+12 3.430E-09 1.345E-10
24 2.000 4 2.000 14.3855 2.812E+03 7.299E+11 3.852E-09 8.725E-11
29 2.000 4 2.000 13.6748 2.120E+03 5.181E+11 4.092E-09 5.945E-11
34 2.000 4 2.000 13.2278 1.610E+03 3.804E+11 4.231E-09 4.221E-11
39 2.000 4 2.000 12.9259 1.239E+03 2.878E+11 4.305E-09 3.104E-11
44 2.000 4 2.000 12.7116 9.640E+02 2.235E+11 4.313E-09 2.335E-11
49 2.000 4 2.000 12.5535 7.555E+02 1.780E+11 4.245E-09 1.785E-11
54 2.000 4 2.000 12.4333 5.965E+02 1.452E+11 4.109E-09 1.382E-11
59 2.000 4 2.000 12.3396 4.961E+02 1.231E+11 4.029E-09 1.133E-11
64 2.000 4 2.000 12.2650 4.043E+02 1.145E+11 3.531E-09 9.120E-12
12 4.000 5 2.000 26.9130 2.648E+12 1.303E+13 2.032E-01 5.750E-01
17 4.000 5 2.000 18.5501 1.311E+12 6.796E+12 1.929E-01 1.353E-01
22 4.000 5 2.000 15.8716 7.350E+11 3.979E+12 1.847E-01 5.550E-02
9 2.000 5 2.000 27.5774 3.408E+11 2.557E+12 1.333E-01 3.886E-02
27 4.000 5 2.000 14.6007 4.538E+11 2.527E+12 1.796E-01 2.901E-02
32 4.000 5 2.000 13.8796 3.005E+11 1.704E+12 1.763E-01 1.737E-02
37 4.000 5 2.000 13.4251 2.100E+11 1.204E+12 1.745E-01 1.135E-02
14 2.000 5 2.000 18.7078 1.669E+11 1.630E+12 1.024E-01 8.760E-03
42 4.000 5 2.000 13.1180 1.529E+11 8.819E+11 1.734E-01 7.890E-03
47 4.000 5 2.000 12.8996 1.153E+11 6.659E+11 1.731E-01 5.750E-03
52 4.000 5 2.000 12.7384 8.953E+10 5.156E+11 1.736E-01 4.356E-03
19 2.000 5 2.000 15.9378 9.430E+10 1.069E+12 8.822E-02 3.592E-03
57 4.000 5 2.000 12.6157 7.150E+10 4.081E+11 1.752E-01 3.412E-03
62 4.000 5 2.000 12.5201 5.940E+10 3.308E+11 1.796E-01 2.793E-03
67 4.000 5 2.000 12.4439 5.403E+10 2.798E+11 1.931E-01 2.509E-03
24 2.000 5 2.000 14.6358 5.900E+10 7.299E+11 8.083E-02 1.895E-03
29 2.000 5 2.000 13.9008 3.972E+10 5.181E+11 7.668E-02 1.151E-03
34 2.000 5 2.000 13.4391 2.830E+10 3.804E+11 7.438E-02 7.660E-04
39 2.000 5 2.000 13.1277 2.110E+10 2.878E+11 7.330E-02 5.450E-04
44 2.000 5 2.000 12.9067 1.636E+10 2.235E+11 7.321E-02 4.087E-04
49 2.000 5 2.000 12.7437 1.320E+10 1.780E+11 7.417E-02 3.214E-04
54 2.000 5 2.000 12.6198 1.110E+10 1.452E+11 7.644E-02 2.650E-04
64 2.000 5 2.000 12.4465 1.108E+10 1.145E+11 9.677E-02 2.573E-04
59 2.000 5 2.000 12.5233 1.008E+10 1.231E+11 8.190E-02 2.371E-04
11 4.000 5 2.000 27.0473 4.063E+08 5.933E+12 6.848E-05 8.916E-05
66 4.000 5 2.000 12.4444 6.063E+08 1.850E+11 3.278E-03 2.816E-05
16 4.000 5 2.000 18.5824 2.316E+08 3.519E+12 6.583E-05 2.399E-05
21 4.000 5 2.000 15.8852 1.405E+08 2.208E+12 6.362E-05 1.063E-05
26 4.000 5 2.000 14.6080 9.204E+07 1.464E+12 6.288E-05 5.891E-06
61 4.000 5 2.000 12.5207 8.588E+07 2.142E+11 4.009E-04 4.037E-06
31 4.000 5 2.000 13.8840 6.468E+07 1.016E+12 6.366E-05 3.739E-06
36 4.000 5 2.000 13.4280 4.861E+07 7.328E+11 6.633E-05 2.628E-06
41 4.000 5 2.000 13.1200 3.918E+07 5.458E+11 7.179E-05 2.022E-06
56 4.000 5 2.000 12.6166 4.128E+07 2.614E+11 1.579E-04 1.971E-06
46 4.000 5 2.000 12.9011 3.453E+07 4.174E+11 8.272E-05 1.723E-06
51 4.000 5 2.000 12.7395 3.468E+07 3.268E+11 1.061E-04 1.688E-06
13 6.000 5 2.000 26.8624 1.148E+05 1.294E+13 8.870E-09 3.725E-08
18 6.000 5 2.000 18.5377 1.195E+05 6.743E+12 1.772E-08 1.848E-08
23 6.000 5 2.000 15.8664 9.150E+04 3.947E+12 2.318E-08 1.036E-08
28 6.000 5 2.000 14.5980 6.675E+04 2.506E+12 2.664E-08 6.400E-09
33 6.000 5 2.000 13.8779 4.893E+04 1.690E+12 2.896E-08 4.239E-09
38 6.000 5 2.000 13.4240 3.653E+04 1.193E+12 3.062E-08 2.962E-09
43 6.000 5 2.000 13.1172 2.788E+04 8.740E+11 3.190E-08 2.158E-09
48 6.000 5 2.000 12.8991 2.173E+04 6.597E+11 3.295E-08 1.626E-09
53 6.000 5 2.000 12.7380 1.732E+04 5.107E+11 3.391E-08 1.263E-09
58 6.000 5 2.000 12.6154 1.410E+04 4.040E+11 3.489E-08 1.009E-09
63 6.000 5 2.000 12.5198 1.191E+04 3.271E+11 3.642E-08 8.400E-10
68 6.000 5 2.000 12.4437 1.100E+04 2.755E+11 3.991E-08 7.660E-10
10 2.000 5 2.000 27.2099 1.034E+03 6.094E+12 1.698E-10 1.148E-10
15 2.000 5 2.000 18.6214 1.247E+03 3.601E+12 3.463E-10 6.485E-11
20 2.000 5 2.000 15.9017 1.024E+03 2.255E+12 4.542E-10 3.882E-11
25 2.000 5 2.000 14.6167 7.775E+02 1.493E+12 5.209E-10 2.491E-11
30 2.000 5 2.000 13.8893 5.830E+02 1.035E+12 5.631E-10 1.687E-11
35 2.000 5 2.000 13.4315 4.400E+02 7.465E+11 5.894E-10 1.190E-11
40 2.000 5 2.000 13.1224 3.352E+02 5.556E+11 6.034E-10 8.655E-12
45 2.000 5 2.000 12.9028 2.614E+02 4.248E+11 6.154E-10 6.525E-12
50 2.000 5 2.000 12.7408 2.101E+02 3.325E+11 6.317E-10 5.115E-12
55 2.000 5 2.000 12.6176 1.698E+02 2.658E+11 6.387E-10 4.053E-12
60 2.000 5 2.000 12.5215 1.347E+02 2.178E+11 6.182E-10 3.165E-12
65 2.000 5 2.000 12.4451 1.085E+02 1.877E+11 5.778E-10 2.518E-12
13 6.000 6 4.000 27.2464 3.190E+12 1.294E+13 2.465E-01 5.325E-01
18 6.000 6 4.000 18.7198 1.566E+12 6.743E+12 2.322E-01 1.234E-01
12 4.000 6 4.000 27.2985 5.325E+11 1.303E+13 4.087E-02 5.950E-02
23 6.000 6 4.000 15.9996 8.748E+11 3.947E+12 2.216E-01 5.038E-02
9 2.000 6 4.000 27.9824 7.240E+11 2.557E+12 2.832E-01 4.250E-02
28 6.000 6 4.000 14.7106 5.392E+11 2.506E+12 2.152E-01 2.625E-02
33 6.000 6 4.000 13.9797 3.567E+11 1.690E+12 2.111E-01 1.568E-02
17 4.000 6 4.000 18.7324 2.595E+11 6.796E+12 3.818E-02 1.366E-02
38 6.000 6 4.000 13.5193 2.488E+11 1.193E+12 2.086E-01 1.023E-02
14 2.000 6 4.000 18.8932 3.517E+11 1.630E+12 2.157E-01 9.413E-03
43 6.000 6 4.000 13.2081 1.810E+11 8.740E+11 2.071E-01 7.103E-03
22 4.000 6 4.000 16.0049 1.446E+11 3.979E+12 3.633E-02 5.553E-03
48 6.000 6 4.000 12.9870 1.363E+11 6.597E+11 2.065E-01 5.168E-03
53 6.000 6 4.000 12.8237 1.056E+11 5.107E+11 2.068E-01 3.908E-03
19 2.000 6 4.000 16.0722 1.980E+11 1.069E+12 1.852E-01 3.833E-03
58 6.000 6 4.000 12.6995 8.418E+10 4.040E+11 2.084E-01 3.053E-03
27 4.000 6 4.000 14.7135 8.892E+10 2.527E+12 3.519E-02 2.885E-03
63 6.000 6 4.000 12.6026 6.957E+10 3.271E+11 2.127E-01 2.485E-03
68 6.000 6 4.000 12.5255 6.235E+10 2.755E+11 2.263E-01 2.200E-03
24 2.000 6 4.000 14.7491 1.234E+11 7.299E+11 1.691E-01 2.013E-03
32 4.000 6 4.000 13.9815 5.875E+10 1.704E+12 3.448E-02 1.722E-03
29 2.000 6 4.000 14.0029 8.280E+10 5.181E+11 1.598E-01 1.217E-03
37 4.000 6 4.000 13.5204 4.095E+10 1.204E+12 3.402E-02 1.123E-03
34 2.000 6 4.000 13.5346 5.875E+10 3.804E+11 1.544E-01 8.070E-04
42 4.000 6 4.000 13.2089 2.978E+10 8.819E+11 3.376E-02 7.788E-04
39 2.000 6 4.000 13.2187 4.361E+10 2.878E+11 1.515E-01 5.713E-04
47 4.000 6 4.000 12.9875 2.240E+10 6.659E+11 3.364E-02 5.665E-04
52 4.000 6 4.000 12.8241 1.736E+10 5.156E+11 3.367E-02 4.280E-04
44 2.000 6 4.000 12.9947 3.365E+10 2.235E+11 1.505E-01 4.260E-04
57 4.000 6 4.000 12.6998 1.382E+10 4.081E+11 3.387E-02 3.343E-04
49 2.000 6 4.000 12.8295 2.695E+10 1.780E+11 1.514E-01 3.325E-04
62 4.000 6 4.000 12.6029 1.142E+10 3.308E+11 3.453E-02 2.720E-04
54 2.000 6 4.000 12.7039 2.243E+10 1.452E+11 1.545E-01 2.713E-04
64 2.000 6 4.000 12.5283 2.109E+10 1.145E+11 1.842E-01 2.481E-04
67 4.000 6 4.000 12.5257 1.022E+10 2.798E+11 3.653E-02 2.405E-04
59 2.000 6 4.000 12.6061 2.002E+10 1.231E+11 1.625E-01 2.385E-04
10 2.000 6 4.000 27.6040 8.081E+08 6.094E+12 1.326E-04 4.616E-05
11 4.000 6 4.000 27.4367 4.018E+08 5.933E+12 6.771E-05 4.535E-05
16 4.000 6 4.000 18.7653 2.256E+08 3.519E+12 6.412E-05 1.191E-05
15 2.000 6 4.000 18.8052 4.463E+08 3.601E+12 1.239E-04 1.183E-05
66 4.000 6 4.000 12.5262 4.710E+08 1.850E+11 2.546E-03 1.108E-05
65 2.000 6 4.000 12.5269 9.090E+08 1.877E+11 4.843E-03 1.070E-05
21 4.000 6 4.000 16.0187 1.359E+08 2.208E+12 6.155E-05 5.228E-06
20 2.000 6 4.000 16.0355 2.670E+08 2.255E+12 1.184E-04 5.146E-06
26 4.000 6 4.000 14.7208 8.861E+07 1.464E+12 6.053E-05 2.878E-06
25 2.000 6 4.000 14.7297 1.735E+08 1.493E+12 1.163E-04 2.823E-06
31 4.000 6 4.000 13.9859 6.195E+07 1.016E+12 6.097E-05 1.817E-06
30 2.000 6 4.000 13.9913 1.212E+08 1.035E+12 1.170E-04 1.778E-06
61 4.000 6 4.000 12.6035 7.250E+07 2.142E+11 3.385E-04 1.727E-06
60 2.000 6 4.000 12.6043 1.434E+08 2.178E+11 6.584E-04 1.708E-06
36 4.000 6 4.000 13.5233 4.625E+07 7.328E+11 6.312E-05 1.268E-06
35 2.000 6 4.000 13.5268 9.042E+07 7.465E+11 1.211E-04 1.240E-06
41 4.000 6 4.000 13.2109 3.695E+07 5.458E+11 6.771E-05 9.673E-07
40 2.000 6 4.000 13.2134 7.231E+07 5.556E+11 1.301E-04 9.467E-07
56 4.000 6 4.000 12.7006 3.668E+07 2.614E+11 1.403E-04 8.870E-07
55 2.000 6 4.000 12.7017 7.226E+07 2.658E+11 2.718E-04 8.741E-07
46 4.000 6 4.000 12.9890 3.215E+07 4.174E+11 7.703E-05 8.133E-07
45 2.000 6 4.000 12.9908 6.306E+07 4.248E+11 1.484E-04 7.976E-07
51 4.000 6 4.000 12.8252 3.168E+07 3.268E+11 9.693E-05 7.810E-07
50 2.000 6 4.000 12.8266 6.231E+07 3.325E+11 1.874E-04 7.683E-07
10 2.000 7 4.000 27.9476 1.915E+11 6.094E+12 3.142E-02 1.121E-02
15 2.000 7 4.000 18.9640 8.185E+10 3.601E+12 2.273E-02 2.207E-03
11 4.000 7 4.000 27.7761 1.733E+10 5.933E+12 2.921E-03 2.005E-03
20 2.000 7 4.000 16.1508 4.304E+10 2.255E+12 1.909E-02 8.415E-04
25 2.000 7 4.000 14.8270 2.574E+10 1.493E+12 1.724E-02 4.240E-04
16 4.000 7 4.000 18.9235 7.448E+09 3.519E+12 2.116E-03 3.997E-04
30 2.000 7 4.000 14.0790 1.678E+10 1.035E+12 1.621E-02 2.493E-04
35 2.000 7 4.000 13.6088 1.165E+10 7.465E+11 1.561E-02 1.617E-04
21 4.000 7 4.000 16.1338 3.920E+09 2.208E+12 1.775E-03 1.530E-04
40 2.000 7 4.000 13.2916 8.490E+09 5.556E+11 1.528E-02 1.124E-04
45 2.000 7 4.000 13.0664 6.440E+09 4.248E+11 1.516E-02 8.240E-05
26 4.000 7 4.000 14.8180 2.346E+09 1.464E+12 1.603E-03 7.725E-05
50 2.000 7 4.000 12.9003 5.065E+09 3.325E+11 1.523E-02 6.315E-05
55 2.000 7 4.000 12.7739 4.122E+09 2.658E+11 1.550E-02 5.043E-05
31 4.000 7 4.000 14.0735 1.531E+09 1.016E+12 1.507E-03 4.548E-05
60 2.000 7 4.000 12.6755 3.551E+09 2.178E+11 1.630E-02 4.278E-05
65 2.000 7 4.000 12.5972 3.481E+09 1.877E+11 1.855E-02 4.140E-05
12 4.000 7 4.000 27.6345 2.580E+08 1.303E+13 1.980E-05 2.955E-05
36 4.000 7 4.000 13.6052 1.064E+09 7.328E+11 1.452E-03 2.952E-05
41 4.000 7 4.000 13.2891 7.762E+08 5.458E+11 1.422E-03 2.055E-05
46 4.000 7 4.000 13.0646 5.895E+08 4.174E+11 1.412E-03 1.508E-05
13 6.000 7 4.000 27.5811 7.392E+07 1.294E+13 5.713E-06 1.265E-05
51 4.000 7 4.000 12.8989 4.642E+08 3.268E+11 1.421E-03 1.158E-05
56 4.000 7 4.000 12.7729 3.790E+08 2.614E+11 1.450E-03 9.270E-06
9 2.000 7 4.000 28.3355 1.408E+08 2.557E+12 5.507E-05 8.475E-06
61 4.000 7 4.000 12.6747 3.282E+08 2.142E+11 1.532E-03 7.902E-06
66 4.000 7 4.000 12.5965 3.262E+08 1.850E+11 1.764E-03 7.763E-06
17 4.000 7 4.000 18.8900 1.244E+08 6.796E+12 1.831E-05 6.655E-06
18 6.000 7 4.000 18.8772 3.588E+07 6.743E+12 5.321E-06 2.875E-06
22 4.000 7 4.000 16.1198 6.910E+07 3.979E+12 1.737E-05 2.693E-06
14 2.000 7 4.000 19.0536 8.555E+07 1.630E+12 5.247E-05 2.329E-06
27 4.000 7 4.000 14.8105 4.263E+07 2.527E+12 1.687E-05 1.402E-06
23 6.000 7 4.000 16.1144 2.000E+07 3.947E+12 5.067E-06 1.168E-06
67 4.000 7 4.000 12.5960 4.710E+07 2.798E+11 1.683E-04 1.121E-06
19 2.000 7 4.000 16.1880 5.300E+07 1.069E+12 4.958E-05 1.042E-06
64 2.000 7 4.000 12.5986 8.545E+07 1.145E+11 7.463E-04 1.017E-06
32 4.000 7 4.000 14.0691 2.840E+07 1.704E+12 1.667E-05 8.425E-07
28 6.000 7 4.000 14.8077 1.236E+07 2.506E+12 4.931E-06 6.093E-07
24 2.000 7 4.000 14.8466 3.484E+07 7.299E+11 4.773E-05 5.758E-07
37 4.000 7 4.000 13.6023 2.011E+07 1.204E+12 1.671E-05 5.578E-07
68 6.000 7 4.000 12.5958 1.365E+07 2.755E+11 4.954E-05 4.870E-07
42 4.000 7 4.000 13.2871 1.505E+07 8.819E+11 1.706E-05 3.983E-07
33 6.000 7 4.000 14.0673 8.240E+06 1.690E+12 4.877E-06 3.668E-07
29 2.000 7 4.000 14.0908 2.425E+07 5.181E+11 4.680E-05 3.608E-07
62 4.000 7 4.000 12.6740 1.277E+07 3.308E+11 3.859E-05 3.075E-07
47 4.000 7 4.000 13.0631 1.191E+07 6.659E+11 1.789E-05 3.048E-07
52 4.000 7 4.000 12.8978 1.018E+07 5.156E+11 1.975E-05 2.540E-07
34 2.000 7 4.000 13.6166 1.782E+07 3.804E+11 4.683E-05 2.476E-07
38 6.000 7 4.000 13.6012 5.840E+06 1.193E+12 4.895E-06 2.430E-07
57 4.000 7 4.000 12.7720 9.565E+06 4.081E+11 2.344E-05 2.339E-07
59 2.000 7 4.000 12.6773 1.784E+07 1.231E+11 1.449E-04 2.150E-07
39 2.000 7 4.000 13.2970 1.384E+07 2.878E+11 4.809E-05 1.835E-07
43 6.000 7 4.000 13.2863 4.370E+06 8.740E+11 5.000E-06 1.735E-07
44 2.000 7 4.000 13.0703 1.149E+07 2.235E+11 5.140E-05 1.472E-07
54 2.000 7 4.000 12.7762 1.099E+07 1.452E+11 7.568E-05 1.344E-07
63 6.000 7 4.000 12.6737 3.685E+06 3.271E+11 1.127E-05 1.331E-07
48 6.000 7 4.000 13.0625 3.458E+06 6.597E+11 5.243E-06 1.327E-07
49 2.000 7 4.000 12.9032 1.054E+07 1.780E+11 5.919E-05 1.315E-07
53 6.000 7 4.000 12.8974 2.953E+06 5.107E+11 5.783E-06 1.105E-07
58 6.000 7 4.000 12.7717 2.803E+06 4.040E+11 6.939E-06 1.028E-07
11 4.000 8 6.000 27.9048 1.598E+11 5.933E+12 2.694E-02 1.244E-02
16 4.000 8 6.000 18.9831 6.848E+10 3.519E+12 1.946E-02 2.467E-03
21 4.000 8 6.000 16.1771 3.598E+10 2.208E+12 1.629E-02 9.413E-04
26 4.000 8 6.000 14.8545 2.151E+10 1.464E+12 1.470E-02 4.745E-04
31 4.000 8 6.000 14.1065 1.402E+10 1.016E+12 1.380E-02 2.788E-04
36 4.000 8 6.000 13.6360 9.733E+09 7.328E+11 1.328E-02 1.808E-04
41 4.000 8 6.000 13.3185 7.090E+09 5.458E+11 1.299E-02 1.257E-04
46 4.000 8 6.000 13.0930 5.375E+09 4.174E+11 1.288E-02 9.212E-05
51 4.000 8 6.000 12.9266 4.225E+09 3.268E+11 1.293E-02 7.058E-05
56 4.000 8 6.000 12.8000 3.440E+09 2.614E+11 1.316E-02 5.633E-05
61 4.000 8 6.000 12.7014 2.960E+09 2.142E+11 1.382E-02 4.773E-05
66 4.000 8 6.000 12.6229 2.915E+09 1.850E+11 1.576E-02 4.643E-05
13 6.000 8 6.000 27.7080 2.933E+08 1.294E+13 2.267E-05 3.377E-05
9 2.000 8 6.000 28.4694 2.110E+08 2.557E+12 8.253E-05 8.547E-06
12 4.000 8 6.000 27.7618 1.097E+08 1.303E+13 8.419E-06 8.451E-06
18 6.000 8 6.000 18.9366 1.415E+08 6.743E+12 2.098E-05 7.605E-06
23 6.000 8 6.000 16.1576 7.861E+07 3.947E+12 1.991E-05 3.077E-06
14 2.000 8 6.000 19.1140 1.278E+08 1.630E+12 7.842E-05 2.335E-06
17 4.000 8 6.000 18.9494 5.253E+07 6.796E+12 7.730E-06 1.885E-06
28 6.000 8 6.000 14.8441 4.847E+07 2.506E+12 1.934E-05 1.601E-06
68 6.000 8 6.000 12.6221 5.030E+07 2.755E+11 1.826E-04 1.202E-06
19 2.000 8 6.000 16.2317 7.915E+07 1.069E+12 7.404E-05 1.042E-06
33 6.000 8 6.000 14.1003 3.227E+07 1.690E+12 1.910E-05 9.619E-07
64 2.000 8 6.000 12.6250 1.177E+08 1.145E+11 1.028E-03 9.375E-07
22 4.000 8 6.000 16.1630 2.910E+07 3.979E+12 7.315E-06 7.598E-07
38 6.000 8 6.000 13.6319 2.284E+07 1.193E+12 1.914E-05 6.364E-07
24 2.000 8 6.000 14.8833 5.195E+07 7.299E+11 7.117E-05 5.750E-07
43 6.000 8 6.000 13.3156 1.707E+07 8.740E+11 1.953E-05 4.536E-07
27 4.000 8 6.000 14.8470 1.791E+07 2.527E+12 7.087E-06 3.946E-07
29 2.000 8 6.000 14.1238 3.611E+07 5.181E+11 6.970E-05 3.600E-07
48 6.000 8 6.000 13.0909 1.347E+07 6.597E+11 2.041E-05 3.460E-07
63 6.000 8 6.000 12.7004 1.387E+07 3.271E+11 4.242E-05 3.355E-07
67 4.000 8 6.000 12.6224 1.860E+07 2.798E+11 6.647E-05 2.962E-07
53 6.000 8 6.000 12.9250 1.145E+07 5.107E+11 2.242E-05 2.869E-07
58 6.000 8 6.000 12.7988 1.080E+07 4.040E+11 2.673E-05 2.652E-07
34 2.000 8 6.000 13.6475 2.649E+07 3.804E+11 6.963E-05 2.467E-07
32 4.000 8 6.000 14.1020 1.191E+07 1.704E+12 6.990E-06 2.367E-07
59 2.000 8 6.000 12.7040 2.512E+07 1.231E+11 2.040E-04 2.027E-07
39 2.000 8 6.000 13.3264 2.053E+07 2.878E+11 7.133E-05 1.822E-07
37 4.000 8 6.000 13.6331 8.424E+06 1.204E+12 6.999E-06 1.565E-07
44 2.000 8 6.000 13.0988 1.698E+07 2.235E+11 7.594E-05 1.456E-07
54 2.000 8 6.000 12.8034 1.596E+07 1.452E+11 1.099E-04 1.307E-07
49 2.000 8 6.000 12.9309 1.546E+07 1.780E+11 8.687E-05 1.292E-07
42 4.000 8 6.000 13.3164 6.291E+06 8.819E+11 7.134E-06 1.115E-07
47 4.000 8 6.000 13.0915 4.968E+06 6.659E+11 7.461E-06 8.510E-08
62 4.000 8 6.000 12.7007 5.148E+06 3.308E+11 1.556E-05 8.299E-08
52 4.000 8 6.000 12.9255 4.228E+06 5.156E+11 8.201E-06 7.061E-08
57 4.000 8 6.000 12.7992 3.948E+06 4.081E+11 9.675E-06 6.464E-08
10 2.000 8 6.000 28.0779 1.188E+04 6.094E+12 1.950E-09 4.682E-10
15 2.000 8 6.000 19.0239 1.107E+04 3.601E+12 3.074E-09 2.002E-10
20 2.000 8 6.000 16.1942 8.030E+03 2.255E+12 3.562E-09 1.053E-10
25 2.000 8 6.000 14.8636 5.700E+03 1.493E+12 3.819E-09 6.292E-11
30 2.000 8 6.000 14.1120 4.120E+03 1.035E+12 3.980E-09 4.100E-11
35 2.000 8 6.000 13.6396 3.060E+03 7.465E+11 4.099E-09 2.845E-11
40 2.000 8 6.000 13.3210 2.336E+03 5.556E+11 4.203E-09 2.072E-11
45 2.000 8 6.000 13.0948 1.830E+03 4.248E+11 4.308E-09 1.568E-11
50 2.000 8 6.000 12.9280 1.472E+03 3.325E+11 4.429E-09 1.230E-11
55 2.000 8 6.000 12.8011 1.218E+03 2.658E+11 4.582E-09 9.975E-12
60 2.000 8 6.000 12.7022 1.060E+03 2.178E+11 4.867E-09 8.548E-12
65 2.000 8 6.000 12.6236 1.044E+03 1.877E+11 5.562E-09 8.313E-12
21 4.000 9 2.000 37.4669 1.913E+11 2.208E+12 8.663E-02 8.050E-02
20 2.000 9 2.000 37.5588 1.987E+11 2.255E+12 8.813E-02 4.202E-02
26 4.000 9 2.000 31.0614 1.235E+11 1.464E+12 8.439E-02 3.574E-02
31 4.000 9 2.000 27.9611 8.390E+10 1.016E+12 8.257E-02 1.967E-02
25 2.000 9 2.000 31.1011 1.276E+11 1.493E+12 8.552E-02 1.851E-02
36 4.000 9 2.000 26.1714 5.955E+10 7.328E+11 8.126E-02 1.223E-02
30 2.000 9 2.000 27.9827 8.640E+10 1.035E+12 8.345E-02 1.014E-02
41 4.000 9 2.000 25.0262 4.383E+10 5.458E+11 8.030E-02 8.230E-03
35 2.000 9 2.000 26.1846 6.120E+10 7.465E+11 8.198E-02 6.290E-03
46 4.000 9 2.000 24.2416 3.328E+10 4.174E+11 7.972E-02 5.865E-03
51 4.000 9 2.000 23.6773 2.598E+10 3.268E+11 7.949E-02 4.368E-03
40 2.000 9 2.000 25.0350 4.500E+10 5.556E+11 8.098E-02 4.228E-03
56 4.000 9 2.000 23.2562 2.081E+10 2.614E+11 7.963E-02 3.376E-03
45 2.000 9 2.000 24.2479 3.414E+10 4.248E+11 8.035E-02 3.009E-03
61 4.000 9 2.000 22.9326 1.727E+10 2.142E+11 8.060E-02 2.723E-03
66 4.000 9 2.000 22.6780 1.551E+10 1.850E+11 8.384E-02 2.392E-03
50 2.000 9 2.000 23.6819 2.662E+10 3.325E+11 8.005E-02 2.238E-03
55 2.000 9 2.000 23.2596 2.130E+10 2.658E+11 8.012E-02 1.728E-03
60 2.000 9 2.000 22.9353 1.764E+10 2.178E+11 8.099E-02 1.391E-03
65 2.000 9 2.000 22.6801 1.578E+10 1.877E+11 8.404E-02 1.216E-03
23 6.000 9 2.000 37.3624 9.023E+07 3.947E+12 2.286E-05 5.665E-05
22 4.000 9 2.000 37.3914 8.913E+07 3.979E+12 2.240E-05 3.736E-05
28 6.000 9 2.000 31.0162 4.927E+07 2.506E+12 1.966E-05 2.131E-05
27 4.000 9 2.000 31.0288 4.838E+07 2.527E+12 1.914E-05 1.397E-05
33 6.000 9 2.000 27.9366 2.987E+07 1.690E+12 1.768E-05 1.049E-05
68 6.000 9 2.000 22.6755 3.683E+07 2.755E+11 1.337E-04 8.520E-06
32 4.000 9 2.000 27.9435 2.923E+07 1.704E+12 1.715E-05 6.845E-06
38 6.000 9 2.000 26.1563 1.968E+07 1.193E+12 1.650E-05 6.055E-06
67 4.000 9 2.000 22.6762 3.615E+07 2.798E+11 1.292E-04 5.575E-06
37 4.000 9 2.000 26.1605 1.921E+07 1.204E+12 1.596E-05 3.942E-06
43 6.000 9 2.000 25.0161 1.390E+07 8.740E+11 1.590E-05 3.911E-06
48 6.000 9 2.000 24.2345 1.048E+07 6.597E+11 1.589E-05 2.769E-06
42 4.000 9 2.000 25.0189 1.354E+07 8.819E+11 1.536E-05 2.542E-06
63 6.000 9 2.000 22.9295 9.853E+06 3.271E+11 3.013E-05 2.330E-06
53 6.000 9 2.000 23.6721 8.565E+06 5.107E+11 1.677E-05 2.159E-06
58 6.000 9 2.000 23.2522 7.833E+06 4.040E+11 1.939E-05 1.905E-06
47 4.000 9 2.000 24.2365 1.021E+07 6.659E+11 1.533E-05 1.799E-06
62 4.000 9 2.000 22.9304 9.663E+06 3.308E+11 2.921E-05 1.524E-06
52 4.000 9 2.000 23.6736 8.345E+06 5.156E+11 1.619E-05 1.403E-06
57 4.000 9 2.000 23.2533 7.553E+06 4.081E+11 1.851E-05 1.225E-06
19 2.000 9 2.000 37.7607 1.977E+02 1.069E+12 1.849E-10 4.225E-11
24 2.000 9 2.000 31.1876 1.944E+02 7.299E+11 2.663E-10 2.835E-11
29 2.000 9 2.000 28.0294 1.687E+02 5.181E+11 3.256E-10 1.987E-11
34 2.000 9 2.000 26.2136 1.375E+02 3.804E+11 3.614E-10 1.417E-11
39 2.000 9 2.000 25.0542 1.109E+02 2.878E+11 3.853E-10 1.044E-11
44 2.000 9 2.000 24.2614 8.900E+01 2.235E+11 3.982E-10 7.855E-12
49 2.000 9 2.000 23.6919 7.105E+01 1.780E+11 3.992E-10 5.980E-12
54 2.000 9 2.000 23.2672 5.660E+01 1.452E+11 3.899E-10 4.595E-12
59 2.000 9 2.000 22.9411 4.838E+01 1.231E+11 3.929E-10 3.818E-12
64 2.000 9 2.000 22.6848 3.963E+01 1.145E+11 3.461E-10 3.057E-12
22 4.000 10 2.000 38.0889 3.268E+11 3.979E+12 8.213E-02 1.422E-01
27 4.000 10 2.000 31.5076 2.048E+11 2.527E+12 8.105E-02 6.095E-02
32 4.000 10 2.000 28.3312 1.364E+11 1.704E+12 8.003E-02 3.282E-02
37 4.000 10 2.000 26.5001 9.540E+10 1.204E+12 7.926E-02 2.009E-02
19 2.000 10 2.000 38.4722 6.490E+10 1.069E+12 6.071E-02 1.440E-02
42 4.000 10 2.000 25.3293 6.948E+10 8.819E+11 7.878E-02 1.337E-02
47 4.000 10 2.000 24.5277 5.228E+10 6.659E+11 7.851E-02 9.430E-03
52 4.000 10 2.000 23.9513 4.048E+10 5.156E+11 7.850E-02 6.960E-03
24 2.000 10 2.000 31.6714 3.956E+10 7.299E+11 5.420E-02 5.950E-03
57 4.000 10 2.000 23.5212 3.215E+10 4.081E+11 7.878E-02 5.330E-03
62 4.000 10 2.000 23.1908 2.640E+10 3.308E+11 7.982E-02 4.257E-03
67 4.000 10 2.000 22.9309 2.326E+10 2.798E+11 8.310E-02 3.667E-03
29 2.000 10 2.000 28.4196 2.608E+10 5.181E+11 5.034E-02 3.158E-03
34 2.000 10 2.000 26.5546 1.823E+10 3.804E+11 4.792E-02 1.927E-03
39 2.000 10 2.000 25.3655 1.334E+10 2.878E+11 4.637E-02 1.288E-03
44 2.000 10 2.000 24.5532 1.016E+10 2.235E+11 4.543E-02 9.180E-04
49 2.000 10 2.000 23.9700 8.005E+09 1.780E+11 4.498E-02 6.895E-04
54 2.000 10 2.000 23.5354 6.535E+09 1.452E+11 4.502E-02 5.430E-04
59 2.000 10 2.000 23.2019 5.650E+09 1.231E+11 4.588E-02 4.561E-04
64 2.000 10 2.000 22.9397 5.595E+09 1.145E+11 4.886E-02 4.414E-04
21 4.000 10 2.000 38.1673 4.813E+07 2.208E+12 2.180E-05 2.102E-05
26 4.000 10 2.000 31.5413 3.223E+07 1.464E+12 2.202E-05 9.616E-06
66 4.000 10 2.000 22.9327 5.593E+07 1.850E+11 3.024E-04 8.820E-06
31 4.000 10 2.000 28.3494 2.253E+07 1.016E+12 2.218E-05 5.430E-06
36 4.000 10 2.000 26.5112 1.650E+07 7.328E+11 2.251E-05 3.476E-06
41 4.000 10 2.000 25.3367 1.266E+07 5.458E+11 2.320E-05 2.438E-06
61 4.000 10 2.000 23.1931 1.280E+07 2.142E+11 5.976E-05 2.065E-06
46 4.000 10 2.000 24.5329 1.028E+07 4.174E+11 2.463E-05 1.856E-06
51 4.000 10 2.000 23.9551 9.033E+06 3.268E+11 2.764E-05 1.555E-06
56 4.000 10 2.000 23.5241 8.873E+06 2.614E+11 3.395E-05 1.472E-06
23 6.000 10 2.000 38.0589 7.052E+03 3.947E+12 1.786E-09 4.595E-09
28 6.000 10 2.000 31.4947 6.460E+03 2.506E+12 2.578E-09 2.882E-09
33 6.000 10 2.000 28.3242 5.322E+03 1.690E+12 3.150E-09 1.920E-09
38 6.000 10 2.000 26.4958 4.255E+03 1.193E+12 3.566E-09 1.344E-09
43 6.000 10 2.000 25.3264 3.393E+03 8.740E+11 3.882E-09 9.790E-10
48 6.000 10 2.000 24.5257 2.723E+03 6.597E+11 4.128E-09 7.365E-10
53 6.000 10 2.000 23.9498 2.212E+03 5.107E+11 4.331E-09 5.705E-10
58 6.000 10 2.000 23.5201 1.822E+03 4.040E+11 4.509E-09 4.532E-10
63 6.000 10 2.000 23.1899 1.541E+03 3.271E+11 4.710E-09 3.727E-10
68 6.000 10 2.000 22.9302 1.391E+03 2.755E+11 5.049E-09 3.289E-10
20 2.000 10 2.000 38.2626 6.050E+01 2.255E+12 2.683E-11 1.328E-11
25 2.000 10 2.000 31.5822 5.905E+01 1.493E+12 3.956E-11 8.830E-12
30 2.000 10 2.000 28.3715 5.090E+01 1.035E+12 4.916E-11 6.140E-12
35 2.000 10 2.000 26.5248 4.151E+01 7.465E+11 5.561E-11 4.379E-12
40 2.000 10 2.000 25.3458 3.316E+01 5.556E+11 5.967E-11 3.193E-12
45 2.000 10 2.000 24.5393 2.677E+01 4.248E+11 6.300E-11 2.417E-12
50 2.000 10 2.000 23.9598 2.220E+01 3.325E+11 6.677E-11 1.910E-12
55 2.000 10 2.000 23.5277 1.834E+01 2.658E+11 6.901E-11 1.523E-12
60 2.000 10 2.000 23.1958 1.461E+01 2.178E+11 6.708E-11 1.179E-12
65 2.000 10 2.000 22.9349 1.179E+01 1.877E+11 6.281E-11 9.295E-13
