j g(j) i g(i) wl A A+A^a A/(A+A^a) f
68 7.000 1 5.000 13.5180 1.853E+13 1.889E+13 9.807E-01 7.116E-01
71 5.000 1 5.000 13.4970 1.296E+13 1.462E+13 8.863E-01 3.550E-01
74 3.000 1 5.000 13.4620 1.411E+13 1.875E+13 7.524E-01 2.306E-01
53 7.000 1 5.000 13.7950 5.337E+12 5.398E+12 9.887E-01 2.136E-01
76 7.000 1 5.000 13.4230 5.006E+12 1.181E+13 4.238E-01 1.895E-01
243 7.000 1 5.000 10.8279 5.604E+12 6.507E+12 8.612E-01 1.379E-01
65 5.000 1 5.000 13.5510 4.388E+12 1.337E+13 3.281E-01 1.212E-01
57 7.000 1 5.000 13.6450 2.469E+12 2.566E+12 9.620E-01 9.668E-02
277 7.000 1 5.000 10.6499 3.684E+12 4.617E+12 7.979E-01 8.770E-02
280 5.000 1 5.000 10.6422 5.164E+12 6.240E+12 8.276E-01 8.768E-02
106 5.000 1 5.000 12.9321 3.352E+12 3.457E+12 9.696E-01 8.406E-02
368 7.000 1 5.000 9.85632 3.469E+12 4.168E+12 8.321E-01 7.074E-02
97 7.000 1 5.000 13.0306 1.959E+12 2.011E+12 9.741E-01 6.980E-02
268 7.000 1 5.000 10.6954 2.237E+12 3.290E+12 6.800E-01 5.374E-02
105 7.000 1 5.000 12.9410 1.433E+12 1.484E+12 9.658E-01 5.038E-02
50 5.000 1 5.000 13.8600 1.747E+12 3.006E+12 5.812E-01 5.032E-02
282 3.000 1 5.000 10.6304 4.723E+12 7.645E+12 6.178E-01 4.802E-02
104 3.000 1 5.000 12.9459 3.034E+12 3.269E+12 9.281E-01 4.574E-02
15 7.000 1 5.000 14.6640 9.567E+11 1.048E+12 9.133E-01 4.328E-02
159 7.000 1 5.000 12.2332 1.350E+12 2.050E+12 6.588E-01 4.242E-02
508 7.000 1 5.000 9.39965 2.287E+12 2.820E+12 8.110E-01 4.242E-02
12 3.000 1 5.000 14.9610 1.991E+12 2.898E+12 6.872E-01 4.024E-02
80 5.000 1 5.000 13.3753 1.402E+12 1.480E+13 9.474E-02 3.760E-02
67 3.000 1 5.000 13.5548 2.222E+12 6.093E+12 3.647E-01 3.672E-02
311 7.000 1 5.000 10.1425 1.671E+12 2.229E+12 7.497E-01 3.608E-02
436 5.000 1 5.000 9.69456 2.492E+12 3.250E+12 7.669E-01 3.510E-02
73 5.000 1 5.000 13.4973 1.173E+12 6.058E+12 1.937E-01 3.204E-02
56 5.000 1 5.000 13.6823 1.135E+12 1.524E+12 7.450E-01 3.186E-02
87 7.000 1 5.000 13.2658 8.274E+11 8.738E+11 9.469E-01 3.056E-02
13 5.000 1 5.000 14.7250 8.456E+11 1.148E+12 7.368E-01 2.762E-02
410 7.000 1 5.000 9.73355 1.388E+12 2.326E+12 5.967E-01 2.760E-02
433 7.000 1 5.000 9.69729 1.347E+12 2.026E+12 6.647E-01 2.658E-02
240 5.000 1 5.000 10.8404 1.420E+12 4.157E+12 3.416E-01 2.502E-02
314 5.000 1 5.000 10.1204 1.552E+12 2.137E+12 7.264E-01 2.384E-02
61 3.000 1 5.000 13.6431 1.245E+12 6.025E+12 2.066E-01 2.084E-02
59 7.000 1 5.000 13.6470 5.176E+11 8.029E+11 6.446E-01 2.024E-02
72 3.000 1 5.000 13.5155 1.208E+12 1.148E+13 1.052E-01 1.985E-02
438 3.000 1 5.000 9.68921 2.160E+12 3.927E+12 5.501E-01 1.824E-02
550 7.000 1 5.000 9.22906 9.267E+11 1.397E+12 6.632E-01 1.657E-02
135 5.000 1 5.000 12.4851 6.806E+11 3.261E+12 2.087E-01 1.591E-02
524 7.000 1 5.000 9.28370 8.620E+11 1.631E+12 5.287E-01 1.559E-02
540 5.000 1 5.000 9.24847 1.205E+12 1.714E+12 7.029E-01 1.545E-02
101 3.000 1 5.000 12.9550 1.010E+12 1.156E+12 8.742E-01 1.525E-02
262 5.000 1 5.000 10.7038 8.642E+11 2.370E+12 3.646E-01 1.484E-02
271 5.000 1 5.000 10.6806 8.382E+11 5.849E+12 1.433E-01 1.434E-02
313 3.000 1 5.000 10.1317 1.500E+12 2.051E+12 7.314E-01 1.385E-02
128 7.000 1 5.000 12.5388 4.120E+11 3.930E+12 1.048E-01 1.359E-02
553 5.000 1 5.000 9.21899 1.010E+12 1.455E+12 6.941E-01 1.287E-02
364 5.000 1 5.000 9.86120 8.668E+11 2.617E+12 3.313E-01 1.264E-02
281 3.000 1 5.000 10.6412 1.233E+12 8.425E+12 1.464E-01 1.256E-02
452 7.000 1 5.000 9.64844 6.161E+11 1.550E+12 3.974E-01 1.204E-02
538 7.000 1 5.000 9.25019 6.547E+11 1.114E+12 5.877E-01 1.176E-02
227 7.000 1 5.000 10.9035 4.554E+11 9.606E+11 4.741E-01 1.137E-02
317 5.000 1 5.000 10.0818 7.054E+11 1.308E+12 5.391E-01 1.075E-02
85 5.000 1 5.000 13.3055 3.994E+11 3.261E+12 1.225E-01 1.060E-02
285 7.000 1 5.000 10.6204 4.116E+11 7.340E+12 5.607E-02 9.744E-03
696 7.000 1 5.000 8.80634 5.961E+11 9.710E+11 6.139E-01 9.704E-03
316 7.000 1 5.000 10.0822 4.464E+11 9.590E+11 4.655E-01 9.526E-03
542 3.000 1 5.000 9.24588 1.219E+12 2.281E+12 5.343E-01 9.370E-03
111 5.000 1 5.000 12.8584 3.732E+11 3.410E+12 1.094E-01 9.250E-03
157 5.000 1 5.000 12.2704 3.848E+11 9.237E+11 4.166E-01 8.684E-03
98 5.000 1 5.000 12.9789 3.240E+11 6.667E+11 4.859E-01 8.182E-03
123 3.000 1 5.000 12.5932 5.647E+11 3.679E+12 1.535E-01 8.056E-03
551 3.000 1 5.000 9.22343 1.038E+12 1.509E+12 6.877E-01 7.944E-03
506 5.000 1 5.000 9.40198 5.924E+11 2.012E+12 2.944E-01 7.850E-03
416 5.000 1 5.000 9.72894 5.484E+11 3.309E+12 1.657E-01 7.782E-03
315 3.000 1 5.000 10.0927 8.443E+11 1.473E+12 5.731E-01 7.736E-03
130 5.000 1 5.000 12.5240 3.230E+11 5.074E+11 6.366E-01 7.598E-03
299 7.000 1 5.000 10.4838 3.286E+11 1.542E+12 2.131E-01 7.580E-03
43 5.000 1 5.000 13.9546 2.546E+11 2.792E+11 9.120E-01 7.430E-03
140 3.000 1 5.000 12.4692 5.207E+11 2.824E+12 1.844E-01 7.280E-03
213 3.000 1 5.000 11.1053 6.440E+11 1.463E+12 4.401E-01 7.146E-03
401 5.000 1 5.000 9.73766 4.798E+11 1.571E+12 3.054E-01 6.822E-03
698 5.000 1 5.000 8.80007 5.780E+11 9.452E+11 6.115E-01 6.710E-03
437 3.000 1 5.000 9.69267 7.143E+11 2.097E+12 3.406E-01 6.036E-03
89 7.000 1 5.000 13.2258 1.494E+11 2.630E+13 5.682E-03 5.484E-03
222 5.000 1 5.000 10.9495 3.048E+11 9.233E+11 3.301E-01 5.478E-03
155 5.000 1 5.000 12.3045 2.408E+11 9.005E+11 2.674E-01 5.468E-03
78 7.000 1 5.000 13.4036 1.373E+11 2.824E+12 4.861E-02 5.176E-03
690 7.000 1 5.000 8.81615 3.104E+11 9.742E+11 3.187E-01 5.064E-03
265 7.000 1 5.000 10.6989 2.073E+11 1.494E+12 1.387E-01 4.980E-03
264 3.000 1 5.000 10.6993 4.803E+11 2.514E+12 1.911E-01 4.948E-03
160 3.000 1 5.000 12.2185 3.497E+11 9.815E+11 3.562E-01 4.694E-03
293 7.000 1 5.000 10.5583 1.866E+11 2.814E+12 6.630E-02 4.364E-03
684 5.000 1 5.000 8.82166 3.704E+11 1.070E+12 3.461E-01 4.322E-03
45 3.000 1 5.000 13.9542 2.458E+11 3.439E+11 7.148E-01 4.306E-03
96 3.000 1 5.000 13.0402 2.767E+11 3.201E+11 8.645E-01 4.232E-03
52 3.000 1 5.000 13.8117 2.465E+11 5.421E+12 4.548E-02 4.230E-03
525 5.000 1 5.000 9.28142 3.210E+11 1.965E+12 1.634E-01 4.146E-03
697 3.000 1 5.000 8.80267 5.877E+11 9.915E+11 5.927E-01 4.096E-03
272 3.000 1 5.000 10.6744 3.777E+11 4.581E+12 8.244E-02 3.870E-03
81 3.000 1 5.000 13.3435 2.402E+11 1.652E+13 1.454E-02 3.846E-03
519 5.000 1 5.000 9.28610 2.958E+11 1.073E+12 2.756E-01 3.824E-03
25 5.000 1 5.000 14.3757 1.174E+11 1.284E+12 9.148E-02 3.638E-03
802 7.000 1 5.000 8.43142 2.396E+11 7.797E+11 3.073E-01 3.574E-03
94 5.000 1 5.000 13.1097 1.349E+11 1.682E+11 8.018E-01 3.474E-03
16 5.000 1 5.000 14.6373 1.048E+11 2.159E+12 4.855E-02 3.368E-03
574 7.000 1 5.000 9.17641 1.891E+11 6.040E+11 3.132E-01 3.344E-03
11 5.000 1 5.000 15.0790 9.726E+10 1.014E+11 9.589E-01 3.330E-03
90 5.000 1 5.000 13.2233 1.189E+11 1.678E+13 7.083E-03 3.116E-03
541 3.000 1 5.000 9.24826 3.863E+11 1.527E+12 2.530E-01 2.972E-03
687 3.000 1 5.000 8.81883 4.070E+11 1.284E+12 3.170E-01 2.848E-03
575 5.000 1 5.000 9.17589 2.212E+11 7.628E+11 2.900E-01 2.794E-03
366 5.000 1 5.000 9.85842 1.851E+11 1.070E+12 1.730E-01 2.698E-03
297 5.000 1 5.000 10.4934 1.632E+11 1.381E+12 1.182E-01 2.694E-03
370 7.000 1 5.000 9.84863 1.319E+11 8.556E+11 1.542E-01 2.686E-03
372 7.000 1 5.000 9.83931 1.291E+11 2.566E+12 5.031E-02 2.624E-03
300 7.000 1 5.000 10.4808 1.096E+11 6.681E+12 1.640E-02 2.526E-03
44 7.000 1 5.000 13.9544 6.030E+10 6.845E+10 8.809E-01 2.464E-03
435 3.000 1 5.000 9.69497 2.874E+11 2.496E+12 1.151E-01 2.430E-03
371 3.000 1 5.000 9.84238 2.755E+11 1.308E+12 2.106E-01 2.400E-03
419 3.000 1 5.000 9.72419 2.767E+11 1.759E+12 1.573E-01 2.354E-03
132 3.000 1 5.000 12.5073 1.630E+11 1.358E+12 1.201E-01 2.294E-03
476 7.000 1 5.000 9.56141 1.170E+11 2.340E+12 5.001E-02 2.246E-03
403 3.000 1 5.000 9.73667 2.615E+11 1.431E+12 1.827E-01 2.230E-03
448 5.000 1 5.000 9.65698 1.586E+11 1.081E+12 1.466E-01 2.216E-03
628 7.000 1 5.000 8.98333 1.243E+11 9.129E+11 1.361E-01 2.106E-03
153 3.000 1 5.000 12.3432 1.523E+11 1.424E+12 1.069E-01 2.088E-03
799 5.000 1 5.000 8.43397 1.821E+11 7.459E+11 2.441E-01 1.942E-03
383 7.000 1 5.000 9.79426 9.557E+10 5.687E+11 1.681E-01 1.924E-03
77 5.000 1 5.000 13.4151 7.056E+10 3.131E+12 2.254E-02 1.904E-03
142 5.000 1 5.000 12.4652 8.134E+10 3.116E+12 2.610E-02 1.895E-03
121 5.000 1 5.000 12.6014 7.882E+10 3.061E+11 2.575E-01 1.877E-03
162 3.000 1 5.000 12.1593 1.411E+11 1.945E+12 7.252E-02 1.876E-03
378 5.000 1 5.000 9.82468 1.290E+11 2.045E+12 6.307E-02 1.867E-03
233 5.000 1 5.000 10.8701 1.041E+11 1.030E+12 1.011E-01 1.844E-03
450 3.000 1 5.000 9.64901 2.167E+11 1.091E+12 1.986E-01 1.815E-03
125 7.000 1 5.000 12.5767 5.429E+10 2.766E+11 1.963E-01 1.802E-03
308 5.000 1 5.000 10.1594 1.154E+11 6.369E+11 1.811E-01 1.785E-03
724 7.000 1 5.000 8.75727 1.096E+11 4.139E+11 2.648E-01 1.765E-03
301 5.000 1 5.000 10.4781 1.057E+11 5.267E+12 2.007E-02 1.740E-03
230 5.000 1 5.000 10.8880 9.676E+10 2.260E+11 4.281E-01 1.720E-03
475 7.000 1 5.000 9.56210 8.831E+10 1.511E+12 5.845E-02 1.695E-03
307 7.000 1 5.000 10.1607 7.801E+10 5.957E+11 1.310E-01 1.691E-03
93 7.000 1 5.000 13.1107 4.677E+10 6.961E+10 6.719E-01 1.687E-03
170 3.000 1 5.000 12.0888 1.247E+11 3.138E+12 3.974E-02 1.639E-03
21 3.000 1 5.000 14.4989 8.667E+10 1.400E+12 6.189E-02 1.639E-03
365 3.000 1 5.000 9.85852 1.867E+11 1.853E+12 1.008E-01 1.632E-03
341 3.000 1 5.000 9.96711 1.823E+11 6.086E+11 2.996E-01 1.629E-03
603 7.000 1 5.000 9.12803 9.257E+10 1.286E+12 7.198E-02 1.619E-03
242 3.000 1 5.000 10.8317 1.530E+11 5.161E+12 2.964E-02 1.614E-03
725 5.000 1 5.000 8.75694 1.297E+11 4.910E+11 2.641E-01 1.491E-03
260 5.000 1 5.000 10.7365 8.548E+10 1.060E+12 8.061E-02 1.477E-03
457 7.000 1 5.000 9.62257 7.071E+10 1.655E+12 4.272E-02 1.374E-03
569 3.000 1 5.000 9.18143 1.761E+11 7.637E+11 2.305E-01 1.335E-03
520 3.000 1 5.000 9.28563 1.687E+11 8.733E+11 1.932E-01 1.308E-03
800 3.000 1 5.000 8.43198 1.967E+11 7.667E+11 2.566E-01 1.258E-03
662 7.000 1 5.000 8.92368 7.506E+10 1.078E+12 6.960E-02 1.255E-03
493 3.000 1 5.000 9.45774 1.545E+11 5.747E+11 2.689E-01 1.244E-03
445 5.000 1 5.000 9.66754 8.480E+10 6.754E+11 1.256E-01 1.188E-03
759 7.000 1 5.000 8.58113 7.620E+10 6.919E+11 1.101E-01 1.178E-03
471 5.000 1 5.000 9.56763 8.574E+10 1.263E+12 6.787E-02 1.177E-03
369 5.000 1 5.000 9.85046 8.010E+10 8.565E+11 9.353E-02 1.165E-03
440 7.000 1 5.000 9.68529 5.710E+10 4.047E+12 1.411E-02 1.124E-03
323 5.000 1 5.000 10.0509 7.364E+10 1.861E+12 3.958E-02 1.115E-03
234 3.000 1 5.000 10.8701 1.040E+11 1.053E+12 9.871E-02 1.105E-03
361 5.000 1 5.000 9.87365 7.476E+10 7.513E+11 9.951E-02 1.093E-03
630 5.000 1 5.000 8.97872 8.460E+10 8.352E+11 1.013E-01 1.023E-03
568 7.000 1 5.000 9.18335 5.744E+10 1.148E+12 5.003E-02 1.017E-03
86 3.000 1 5.000 13.2973 5.973E+10 1.721E+13 3.471E-03 9.498E-04
376 7.000 1 5.000 9.82847 4.579E+10 1.379E+12 3.319E-02 9.284E-04
722 3.000 1 5.000 8.75968 1.329E+11 4.737E+11 2.806E-01 9.176E-04
158 5.000 1 5.000 12.2377 4.066E+10 8.832E+11 4.604E-02 9.128E-04
548 5.000 1 5.000 9.23534 6.680E+10 4.869E+11 1.372E-01 8.542E-04
258 7.000 1 5.000 10.7412 3.324E+10 2.872E+11 1.157E-01 8.052E-04
451 5.000 1 5.000 9.64861 5.614E+10 8.268E+11 6.790E-02 7.834E-04
679 7.000 1 5.000 8.84535 4.687E+10 1.149E+12 4.078E-02 7.696E-04
602 7.000 1 5.000 9.12840 4.371E+10 1.091E+12 4.007E-02 7.644E-04
517 7.000 1 5.000 9.30215 4.191E+10 3.236E+11 1.295E-01 7.612E-04
298 3.000 1 5.000 10.4926 7.520E+10 5.118E+12 1.469E-02 7.448E-04
156 3.000 1 5.000 12.2903 5.073E+10 3.351E+12 1.514E-02 6.892E-04
526 3.000 1 5.000 9.28022 8.470E+10 1.815E+12 4.666E-02 6.562E-04
600 5.000 1 5.000 9.13020 5.178E+10 5.731E+11 9.035E-02 6.472E-04
545 7.000 1 5.000 9.23639 3.511E+10 4.523E+11 7.763E-02 6.288E-04
211 5.000 1 5.000 11.1269 3.230E+10 5.041E+11 6.408E-02 5.994E-04
629 3.000 1 5.000 8.98296 8.170E+10 8.039E+11 1.016E-01 5.930E-04
510 5.000 1 5.000 9.33721 4.472E+10 3.673E+11 1.218E-01 5.844E-04
650 5.000 1 5.000 8.93277 4.836E+10 1.095E+12 4.418E-02 5.786E-04
633 7.000 1 5.000 8.97407 3.391E+10 1.494E+12 2.269E-02 5.732E-04
478 5.000 1 5.000 9.55828 4.180E+10 9.873E+11 4.234E-02 5.726E-04
631 3.000 1 5.000 8.97779 7.687E+10 5.870E+11 1.310E-01 5.572E-04
573 3.000 1 5.000 9.17925 7.260E+10 4.850E+11 1.497E-01 5.504E-04
235 7.000 1 5.000 10.8698 2.139E+10 9.593E+11 2.229E-02 5.302E-04
360 3.000 1 5.000 9.87367 5.987E+10 7.370E+11 8.123E-02 5.250E-04
201 5.000 1 5.000 11.5283 2.624E+10 1.818E+11 1.444E-01 5.228E-04
637 5.000 1 5.000 8.96604 4.338E+10 1.676E+12 2.589E-02 5.228E-04
507 3.000 1 5.000 9.40016 6.560E+10 2.344E+12 2.799E-02 5.214E-04
760 5.000 1 5.000 8.57902 4.628E+10 6.342E+11 7.297E-02 5.106E-04
278 3.000 1 5.000 10.6490 4.967E+10 2.555E+13 1.944E-03 5.066E-04
134 7.000 1 5.000 12.4921 1.523E+10 9.372E+11 1.625E-02 4.988E-04
604 5.000 1 5.000 9.12733 3.872E+10 1.581E+12 2.450E-02 4.836E-04
503 5.000 1 5.000 9.40894 3.626E+10 4.866E+11 7.452E-02 4.812E-04
692 7.000 1 5.000 8.81015 2.923E+10 3.294E+11 8.872E-02 4.762E-04
758 3.000 1 5.000 8.58200 7.070E+10 7.023E+11 1.007E-01 4.684E-04
544 7.000 1 5.000 9.24404 2.573E+10 2.607E+12 9.867E-03 4.616E-04
226 3.000 1 5.000 10.9080 4.230E+10 3.294E+11 1.284E-01 4.528E-04
838 7.000 1 5.000 8.25017 3.031E+10 8.206E+11 3.694E-02 4.330E-04
455 3.000 1 5.000 9.62612 5.130E+10 1.161E+12 4.418E-02 4.274E-04
26 3.000 1 5.000 14.3425 2.309E+10 2.143E+12 1.078E-02 4.274E-04
693 5.000 1 5.000 8.80954 3.638E+10 3.400E+11 1.070E-01 4.234E-04
247 3.000 1 5.000 10.8091 3.860E+10 9.942E+11 3.883E-02 4.058E-04
107 5.000 1 5.000 12.8963 1.494E+10 1.342E+11 1.113E-01 3.726E-04
688 5.000 1 5.000 8.81712 3.172E+10 7.709E+11 4.115E-02 3.696E-04
362 7.000 1 5.000 9.87355 1.753E+10 6.925E+11 2.531E-02 3.588E-04
238 7.000 1 5.000 10.8487 1.411E+10 1.930E+11 7.307E-02 3.484E-04
237 5.000 1 5.000 10.8627 1.883E+10 1.954E+11 9.638E-02 3.330E-04
261 3.000 1 5.000 10.7309 3.111E+10 1.238E+12 2.513E-02 3.222E-04
472 3.000 1 5.000 9.56690 3.803E+10 2.865E+12 1.327E-02 3.132E-04
379 5.000 1 5.000 9.82265 2.160E+10 1.916E+12 1.127E-02 3.124E-04
169 5.000 1 5.000 12.0922 1.314E+10 8.295E+11 1.584E-02 2.880E-04
863 7.000 1 5.000 7.92665 2.130E+10 6.251E+11 3.408E-02 2.810E-04
761 3.000 1 5.000 8.57892 4.133E+10 4.753E+11 8.696E-02 2.736E-04
292 5.000 1 5.000 10.5598 1.634E+10 3.847E+12 4.247E-03 2.732E-04
367 3.000 1 5.000 9.85728 3.101E+10 2.905E+12 1.068E-02 2.710E-04
626 5.000 1 5.000 8.98763 2.230E+10 5.857E+11 3.807E-02 2.702E-04
767 5.000 1 5.000 8.56730 2.426E+10 1.101E+12 2.203E-02 2.670E-04
502 3.000 1 5.000 9.40897 2.988E+10 4.766E+11 6.269E-02 2.380E-04
138 9.000 1 5.000 12.4750 5.602E+09 2.320E+10 2.414E-01 2.354E-04
429 5.000 1 5.000 9.70004 1.622E+10 7.167E+11 2.263E-02 2.288E-04
601 3.000 1 5.000 9.13007 2.966E+10 1.553E+12 1.910E-02 2.224E-04
613 5.000 1 5.000 9.09931 1.756E+10 6.400E+11 2.744E-02 2.180E-04
801 5.000 1 5.000 8.43173 2.040E+10 6.053E+11 3.370E-02 2.174E-04
338 5.000 1 5.000 9.97376 1.454E+10 3.698E+11 3.932E-02 2.170E-04
763 7.000 1 5.000 8.57105 1.277E+10 8.479E+11 1.506E-02 1.968E-04
638 3.000 1 5.000 8.95982 2.707E+10 1.787E+12 1.515E-02 1.955E-04
835 5.000 1 5.000 8.25348 1.834E+10 8.085E+11 2.268E-02 1.873E-04
439 5.000 1 5.000 9.68762 1.271E+10 3.991E+12 3.186E-03 1.789E-04
228 5.000 1 5.000 10.8959 1.000E+10 1.155E+12 8.659E-03 1.780E-04
405 7.000 1 5.000 9.73608 8.757E+09 8.729E+11 1.003E-02 1.742E-04
202 3.000 1 5.000 11.5026 1.441E+10 1.087E+12 1.326E-02 1.716E-04
477 5.000 1 5.000 9.56101 1.221E+10 2.131E+12 5.728E-03 1.673E-04
148 5.000 1 5.000 12.4284 6.998E+09 6.317E+12 1.108E-03 1.620E-04
184 3.000 1 5.000 11.9888 1.222E+10 1.273E+12 9.599E-03 1.580E-04
329 3.000 1 5.000 10.0383 1.697E+10 2.855E+12 5.945E-03 1.539E-04
757 5.000 1 5.000 8.58340 1.360E+10 4.349E+11 3.128E-02 1.503E-04
145 7.000 1 5.000 12.4445 4.489E+09 1.304E+12 3.441E-03 1.459E-04
192 9.000 1 5.000 11.8107 3.834E+09 1.679E+11 2.284E-02 1.443E-04
543 5.000 1 5.000 9.24461 1.124E+10 2.355E+12 4.773E-03 1.440E-04
446 3.000 1 5.000 9.66414 1.682E+10 7.574E+11 2.220E-02 1.413E-04
427 3.000 1 5.000 9.70639 1.651E+10 1.740E+12 9.486E-03 1.399E-04
644 3.000 1 5.000 8.93844 1.892E+10 1.165E+12 1.624E-02 1.360E-04
380 3.000 1 5.000 9.81725 1.550E+10 2.603E+12 5.956E-03 1.344E-04
620 3.000 1 5.000 9.01339 1.818E+10 1.024E+12 1.774E-02 1.328E-04
504 7.000 1 5.000 9.40889 7.101E+09 4.546E+11 1.562E-02 1.320E-04
804 3.000 1 5.000 8.42664 2.065E+10 6.388E+11 3.233E-02 1.319E-04
321 3.000 1 5.000 10.0564 1.426E+10 2.288E+12 6.232E-03 1.297E-04
636 7.000 1 5.000 8.96662 7.596E+09 7.005E+11 1.084E-02 1.282E-04
861 5.000 1 5.000 7.92836 1.289E+10 6.046E+11 2.131E-02 1.214E-04
571 3.000 1 5.000 9.18109 1.571E+10 2.127E+12 7.386E-03 1.192E-04
588 5.000 1 5.000 9.15485 9.310E+09 8.339E+11 1.116E-02 1.170E-04
126 9.000 1 5.000 12.5465 2.258E+09 1.935E+10 1.167E-01 9.594E-05
147 3.000 1 5.000 12.4332 6.810E+09 5.209E+12 1.307E-03 9.470E-05
518 5.000 1 5.000 9.30090 7.260E+09 4.837E+11 1.501E-02 9.416E-05
320 5.000 1 5.000 10.0716 5.846E+09 1.202E+12 4.863E-03 8.890E-05
547 3.000 1 5.000 9.23549 1.156E+10 3.601E+11 3.210E-02 8.868E-05
580 5.000 1 5.000 9.17111 6.850E+09 1.059E+12 6.469E-03 8.638E-05
473 3.000 1 5.000 9.56417 1.009E+10 3.547E+12 2.844E-03 8.300E-05
490 5.000 1 5.000 9.46193 6.000E+09 2.715E+11 2.210E-02 8.054E-05
572 5.000 1 5.000 9.18082 6.364E+09 3.346E+11 1.902E-02 8.042E-05
318 3.000 1 5.000 10.0743 8.750E+09 8.738E+11 1.001E-02 7.988E-05
677 5.000 1 5.000 8.84993 6.658E+09 1.063E+12 6.261E-03 7.818E-05
189 7.000 1 5.000 11.8484 2.601E+09 3.386E+12 7.682E-04 7.664E-05
256 5.000 1 5.000 10.7577 4.194E+09 1.697E+11 2.471E-02 7.276E-05
377 3.000 1 5.000 9.82620 7.960E+09 4.588E+11 1.735E-02 6.914E-05
652 7.000 1 5.000 8.93082 3.999E+09 1.011E+12 3.954E-03 6.694E-05
454 5.000 1 5.000 9.62727 4.554E+09 9.005E+11 5.057E-03 6.328E-05
34 9.000 1 5.000 14.1355 1.162E+09 5.449E+09 2.133E-01 6.266E-05
768 3.000 1 5.000 8.56553 9.317E+09 1.128E+12 8.261E-03 6.150E-05
283 5.000 1 5.000 10.6263 3.403E+09 6.163E+12 5.522E-04 5.762E-05
566 5.000 1 5.000 9.18593 4.526E+09 5.934E+11 7.628E-03 5.726E-05
766 7.000 1 5.000 8.56751 3.637E+09 5.448E+11 6.676E-03 5.604E-05
152 7.000 1 5.000 12.3555 1.676E+09 1.036E+13 1.618E-04 5.368E-05
190 5.000 1 5.000 11.8273 2.490E+09 8.757E+12 2.843E-04 5.222E-05
581 3.000 1 5.000 9.17013 6.843E+09 1.011E+12 6.766E-03 5.178E-05
143 7.000 1 5.000 12.4618 1.497E+09 1.208E+12 1.240E-03 4.882E-05
823 5.000 1 5.000 8.32357 4.604E+09 5.205E+11 8.845E-03 4.782E-05
30 7.000 1 5.000 14.2174 1.067E+09 5.334E+09 2.001E-01 4.528E-05
250 3.000 1 5.000 10.7973 4.223E+09 5.514E+12 7.659E-04 4.428E-05
832 3.000 1 5.000 8.25591 6.923E+09 8.744E+11 7.918E-03 4.244E-05
330 9.000 1 5.000 10.0256 1.520E+09 9.118E+11 1.667E-03 4.124E-05
413 3.000 1 5.000 9.73195 4.777E+09 2.194E+12 2.177E-03 4.070E-05
375 5.000 1 5.000 9.83109 2.808E+09 6.655E+11 4.219E-03 4.070E-05
294 3.000 1 5.000 10.5468 3.743E+09 7.020E+12 5.332E-04 3.744E-05
735 5.000 1 5.000 8.73874 3.078E+09 5.271E+11 5.840E-03 3.524E-05
727 3.000 1 5.000 8.75339 5.017E+09 8.815E+11 5.691E-03 3.458E-05
22 3.000 1 5.000 14.4718 1.806E+09 5.809E+09 3.109E-01 3.402E-05
174 9.000 1 5.000 12.0817 8.581E+08 5.085E+10 1.688E-02 3.380E-05
290 5.000 1 5.000 10.5678 2.016E+09 1.690E+12 1.193E-03 3.376E-05
481 3.000 1 5.000 9.55170 3.917E+09 1.916E+12 2.044E-03 3.216E-05
591 3.000 1 5.000 9.14936 4.250E+09 1.643E+12 2.588E-03 3.200E-05
14 3.000 1 5.000 14.7541 1.607E+09 1.356E+12 1.185E-03 3.146E-05
131 7.000 1 5.000 12.5115 9.529E+08 1.012E+12 9.419E-04 3.130E-05
333 7.000 1 5.000 10.0111 1.484E+09 4.286E+12 3.463E-04 3.124E-05
635 5.000 1 5.000 8.96899 2.572E+09 4.969E+11 5.176E-03 3.100E-05
110 3.000 1 5.000 12.8626 2.066E+09 3.352E+12 6.164E-04 3.074E-05
182 7.000 1 5.000 12.0110 9.587E+08 1.927E+12 4.975E-04 2.902E-05
193 3.000 1 5.000 11.8020 2.278E+09 1.138E+13 2.002E-04 2.854E-05
694 3.000 1 5.000 8.80855 3.947E+09 1.141E+12 3.461E-03 2.756E-05
23 5.000 1 5.000 14.4270 8.760E+08 6.008E+09 1.458E-01 2.734E-05
146 1.000 1 5.000 12.4400 5.892E+09 2.964E+12 1.988E-03 2.734E-05
847 7.000 1 5.000 8.17988 1.929E+09 8.189E+11 2.355E-03 2.708E-05
765 5.000 1 5.000 8.56892 2.390E+09 3.735E+11 6.400E-03 2.632E-05
858 3.000 1 5.000 7.92958 4.650E+09 6.230E+11 7.464E-03 2.630E-05
614 3.000 1 5.000 9.09559 3.292E+09 1.062E+12 3.098E-03 2.450E-05
175 5.000 1 5.000 12.0700 1.072E+09 1.179E+13 9.096E-05 2.342E-05
172 3.000 1 5.000 12.0844 1.618E+09 9.433E+12 1.715E-04 2.126E-05
739 3.000 1 5.000 8.73505 3.001E+09 1.082E+12 2.775E-03 2.060E-05
334 5.000 1 5.000 10.0078 1.341E+09 5.046E+12 2.658E-04 2.014E-05
483 9.000 1 5.000 9.54849 8.109E+08 1.061E+12 7.644E-04 1.995E-05
112 3.000 1 5.000 12.8320 1.251E+09 4.010E+12 3.121E-04 1.854E-05
730 3.000 1 5.000 8.74557 2.626E+09 1.557E+12 1.687E-03 1.806E-05
873 7.000 1 5.000 7.86091 1.364E+09 6.176E+11 2.209E-03 1.769E-05
164 9.000 1 5.000 12.1448 4.426E+08 4.434E+10 9.980E-03 1.762E-05
583 3.000 1 5.000 9.15841 2.232E+09 9.856E+11 2.265E-03 1.684E-05
24 1.000 1 5.000 14.4097 2.608E+09 7.569E+09 3.446E-01 1.624E-05
681 3.000 1 5.000 8.82823 2.311E+09 9.019E+12 2.562E-04 1.620E-05
726 5.000 1 5.000 8.75436 1.394E+09 8.198E+11 1.700E-03 1.602E-05
678 5.000 1 5.000 8.84655 1.315E+09 1.079E+12 1.219E-03 1.543E-05
570 9.000 1 5.000 9.18137 6.694E+08 6.793E+11 9.856E-04 1.523E-05
336 9.000 1 5.000 9.97572 5.650E+08 9.421E+11 5.997E-04 1.517E-05
657 5.000 1 5.000 8.92703 1.246E+09 1.031E+12 1.209E-03 1.489E-05
173 1.000 1 5.000 12.0837 3.267E+09 1.517E+13 2.154E-04 1.431E-05
824 3.000 1 5.000 8.32128 2.264E+09 7.252E+11 3.122E-03 1.410E-05
339 5.000 1 5.000 9.97051 9.370E+08 2.708E+12 3.460E-04 1.397E-05
257 5.000 1 5.000 10.7449 8.044E+08 2.515E+11 3.199E-03 1.393E-05
340 7.000 1 5.000 9.96971 6.671E+08 1.717E+12 3.885E-04 1.392E-05
204 3.000 1 5.000 11.3719 1.196E+09 1.153E+12 1.038E-03 1.392E-05
149 5.000 1 5.000 12.3766 5.746E+08 2.173E+12 2.644E-04 1.320E-05
194 1.000 1 5.000 11.7804 3.143E+09 7.225E+12 4.350E-04 1.308E-05
791 5.000 1 5.000 8.47118 1.205E+09 4.630E+11 2.603E-03 1.297E-05
479 7.000 1 5.000 9.55595 6.737E+08 1.887E+12 3.570E-04 1.291E-05
253 9.000 1 5.000 10.7783 4.091E+08 4.813E+11 8.500E-04 1.283E-05
178 7.000 1 5.000 12.0584 4.183E+08 1.189E+13 3.517E-05 1.277E-05
732 3.000 1 5.000 8.74227 1.833E+09 8.689E+11 2.109E-03 1.260E-05
577 7.000 1 5.000 9.17433 7.113E+08 3.194E+12 2.227E-04 1.257E-05
790 3.000 1 5.000 8.47291 1.844E+09 6.622E+11 2.784E-03 1.191E-05
18 5.000 1 5.000 14.5801 3.600E+08 3.630E+09 9.919E-02 1.147E-05
168 3.000 1 5.000 12.0943 8.650E+08 1.741E+13 4.969E-05 1.138E-05
177 9.000 1 5.000 12.0605 2.788E+08 5.291E+10 5.269E-03 1.094E-05
337 3.000 1 5.000 9.97418 1.168E+09 2.886E+12 4.047E-04 1.045E-05
332 3.000 1 5.000 10.0128 1.156E+09 3.468E+12 3.333E-04 1.043E-05
191 7.000 1 5.000 11.8116 3.404E+08 1.663E+11 2.047E-03 9.970E-06
133 5.000 1 5.000 12.5043 4.036E+08 1.235E+12 3.268E-04 9.460E-06
480 5.000 1 5.000 9.55204 6.904E+08 2.931E+12 2.355E-04 9.444E-06
28 5.000 1 5.000 14.2634 3.086E+08 4.147E+09 7.442E-02 9.417E-06
176 5.000 1 5.000 12.0617 4.160E+08 1.843E+13 2.257E-05 9.074E-06
713 9.000 1 5.000 8.77698 4.353E+08 8.064E+11 5.398E-04 9.050E-06
302 3.000 1 5.000 10.4531 9.098E+08 1.120E+13 8.120E-05 8.944E-06
579 5.000 1 5.000 9.17256 6.878E+08 3.673E+12 1.873E-04 8.676E-06
195 3.000 1 5.000 11.7554 6.950E+08 1.256E+13 5.534E-05 8.638E-06
36 3.000 1 5.000 14.0636 4.824E+08 4.802E+10 1.005E-02 8.585E-06
382 5.000 1 5.000 9.79438 5.874E+08 4.709E+11 1.247E-03 8.450E-06
219 3.000 1 5.000 10.9776 7.725E+08 4.959E+11 1.558E-03 8.375E-06
167 5.000 1 5.000 12.1006 3.568E+08 1.446E+11 2.467E-03 7.834E-06
707 7.000 1 5.000 8.78033 4.817E+08 7.763E+11 6.205E-04 7.794E-06
244 7.000 1 5.000 10.8242 3.091E+08 4.907E+11 6.298E-04 7.601E-06
672 3.000 1 5.000 8.86451 1.074E+09 9.402E+11 1.142E-03 7.590E-06
733 3.000 1 5.000 8.74072 1.053E+09 4.883E+11 2.156E-03 7.236E-06
395 9.000 1 5.000 9.75084 2.692E+08 4.524E+11 5.951E-04 6.908E-06
186 5.000 1 5.000 11.8953 3.098E+08 1.114E+12 2.780E-04 6.572E-06
484 3.000 1 5.000 9.54826 7.971E+08 3.236E+12 2.463E-04 6.536E-06
709 5.000 1 5.000 8.77935 5.382E+08 7.993E+11 6.734E-04 6.218E-06
220 5.000 1 5.000 10.9673 3.308E+08 4.898E+11 6.754E-04 5.964E-06
39 5.000 1 5.000 13.9702 2.010E+08 2.404E+10 8.359E-03 5.879E-06
33 7.000 1 5.000 14.1457 1.396E+08 5.087E+09 2.745E-02 5.866E-06
485 3.000 1 5.000 9.54587 6.740E+08 3.658E+12 1.843E-04 5.524E-06
849 5.000 1 5.000 7.96526 5.210E+08 4.291E+11 1.214E-03 4.956E-06
417 9.000 1 5.000 9.72711 1.899E+08 9.310E+11 2.040E-04 4.848E-06
578 3.000 1 5.000 9.17389 6.317E+08 2.744E+12 2.302E-04 4.782E-06
706 9.000 1 5.000 8.78195 2.224E+08 5.051E+11 4.404E-04 4.630E-06
17 3.000 1 5.000 14.5893 2.408E+08 3.844E+09 6.264E-02 4.610E-06
223 3.000 1 5.000 10.9493 4.144E+08 9.239E+11 4.485E-04 4.468E-06
387 7.000 1 5.000 9.78814 2.133E+08 4.298E+11 4.963E-04 4.291E-06
221 1.000 1 5.000 10.9623 1.183E+09 4.740E+11 2.496E-03 4.264E-06
816 3.000 1 5.000 8.36543 6.610E+08 1.040E+12 6.356E-04 4.160E-06
19 7.000 1 5.000 14.5376 9.347E+07 4.167E+09 2.243E-02 4.146E-06
181 5.000 1 5.000 12.0192 1.783E+08 5.470E+12 3.260E-05 3.862E-06
179 3.000 1 5.000 12.0554 2.870E+08 1.950E+13 1.472E-05 3.752E-06
335 1.000 1 5.000 9.97669 1.254E+09 2.726E+12 4.600E-04 3.742E-06
171 7.000 1 5.000 12.0886 1.180E+08 8.057E+11 1.465E-04 3.620E-06
595 9.000 1 5.000 9.13327 1.557E+08 6.880E+11 2.263E-04 3.504E-06
397 9.000 1 5.000 9.74683 1.333E+08 9.642E+11 1.383E-04 3.420E-06
710 3.000 1 5.000 8.77884 4.817E+08 1.376E+12 3.501E-04 3.340E-06
331 1.000 1 5.000 10.0188 1.104E+09 2.350E+12 4.698E-04 3.324E-06
860 7.000 1 5.000 7.92836 2.429E+08 6.043E+11 4.019E-04 3.204E-06
731 5.000 1 5.000 8.74452 2.660E+08 7.323E+11 3.633E-04 3.048E-06
599 7.000 1 5.000 9.13046 1.709E+08 9.713E+11 1.759E-04 2.990E-06
808 9.000 1 5.000 8.41012 1.552E+08 6.121E+11 2.536E-04 2.964E-06
608 3.000 1 5.000 9.12203 3.941E+08 3.595E+12 1.096E-04 2.951E-06
41 5.000 1 5.000 13.9598 1.008E+08 1.556E+10 6.478E-03 2.944E-06
834 7.000 1 5.000 8.25352 2.039E+08 8.040E+11 2.536E-04 2.916E-06
35 1.000 1 5.000 14.1048 4.827E+08 4.289E+10 1.125E-02 2.880E-06
423 7.000 1 5.000 9.71032 1.441E+08 1.030E+12 1.399E-04 2.852E-06
530 9.000 1 5.000 9.27610 1.211E+08 2.730E+11 4.437E-04 2.812E-06
129 3.000 1 5.000 12.5310 1.971E+08 7.663E+11 2.573E-04 2.784E-06
37 5.000 1 5.000 14.0277 9.121E+07 1.051E+11 8.681E-04 2.690E-06
509 3.000 1 5.000 9.33724 3.414E+08 3.585E+11 9.522E-04 2.676E-06
597 5.000 1 5.000 9.13115 1.990E+08 1.213E+12 1.640E-04 2.488E-06
163 7.000 1 5.000 12.1548 7.894E+07 5.897E+10 1.339E-03 2.448E-06
217 5.000 1 5.000 11.0067 1.332E+08 4.984E+11 2.672E-04 2.420E-06
49 7.000 1 5.000 13.8677 5.899E+07 1.336E+10 4.416E-03 2.381E-06
715 7.000 1 5.000 8.77676 1.428E+08 1.883E+12 7.584E-05 2.308E-06
198 5.000 1 5.000 11.6699 1.126E+08 1.521E+12 7.400E-05 2.298E-06
356 3.000 1 5.000 9.91408 2.418E+08 7.013E+11 3.447E-04 2.139E-06
404 3.000 1 5.000 9.73648 2.506E+08 5.154E+12 4.863E-05 2.138E-06
486 1.000 1 5.000 9.54086 7.763E+08 3.109E+12 2.497E-04 2.120E-06
817 5.000 1 5.000 8.36483 2.014E+08 5.844E+11 3.446E-04 2.112E-06
498 3.000 1 5.000 9.43012 2.629E+08 3.356E+11 7.833E-04 2.102E-06
118 5.000 1 5.000 12.6265 8.708E+07 2.623E+10 3.320E-03 2.082E-06
245 5.000 1 5.000 10.8224 1.150E+08 4.855E+11 2.370E-04 2.020E-06
845 5.000 1 5.000 8.18185 2.006E+08 7.966E+11 2.518E-04 2.014E-06
850 3.000 1 5.000 7.96403 3.350E+08 5.610E+11 5.971E-04 1.910E-06
29 5.000 1 5.000 14.2259 6.247E+07 7.642E+09 8.175E-03 1.895E-06
805 7.000 1 5.000 8.41157 1.267E+08 8.179E+11 1.549E-04 1.882E-06
641 9.000 1 5.000 8.94099 8.512E+07 7.146E+11 1.191E-04 1.836E-06
388 5.000 1 5.000 9.78524 1.276E+08 5.235E+11 2.437E-04 1.832E-06
350 7.000 1 5.000 9.93236 8.747E+07 1.851E+12 4.725E-05 1.811E-06
144 1.000 1 5.000 12.4571 3.813E+08 1.273E+12 2.996E-04 1.774E-06
120 3.000 1 5.000 12.6080 1.226E+08 1.098E+11 1.116E-03 1.753E-06
414 5.000 1 5.000 9.73143 1.207E+08 4.774E+12 2.529E-05 1.714E-06
185 3.000 1 5.000 11.9052 1.326E+08 5.067E+11 2.617E-04 1.691E-06
594 3.000 1 5.000 9.13327 2.230E+08 1.303E+12 1.711E-04 1.673E-06
818 3.000 1 5.000 8.36327 2.620E+08 6.043E+11 4.336E-04 1.648E-06
513 7.000 1 5.000 9.31116 8.575E+07 2.905E+11 2.952E-04 1.561E-06
197 7.000 1 5.000 11.6887 5.416E+07 1.566E+11 3.458E-04 1.553E-06
576 1.000 1 5.000 9.17553 6.011E+08 1.880E+12 3.197E-04 1.518E-06
124 1.000 1 5.000 12.5789 3.198E+08 1.425E+11 2.245E-03 1.517E-06
252 7.000 1 5.000 10.7796 6.170E+07 4.938E+11 1.249E-04 1.505E-06
738 9.000 1 5.000 8.73507 7.201E+07 4.709E+11 1.529E-04 1.483E-06
196 5.000 1 5.000 11.7495 7.108E+07 9.270E+12 7.668E-06 1.471E-06
231 7.000 1 5.000 10.8820 5.821E+07 2.052E+11 2.837E-04 1.447E-06
499 5.000 1 5.000 9.42812 1.074E+08 3.409E+11 3.151E-04 1.431E-06
871 5.000 1 5.000 7.86196 1.522E+08 5.986E+11 2.542E-04 1.410E-06
259 5.000 1 5.000 10.7396 8.011E+07 4.352E+11 1.841E-04 1.385E-06
806 5.000 1 5.000 8.41080 1.270E+08 1.059E+12 1.199E-04 1.347E-06
251 7.000 1 5.000 10.7913 5.454E+07 5.095E+11 1.070E-04 1.333E-06
396 7.000 1 5.000 9.75001 6.670E+07 5.840E+11 1.142E-04 1.331E-06
358 5.000 1 5.000 9.90728 8.839E+07 1.751E+12 5.047E-05 1.301E-06
668 3.000 1 5.000 8.90536 1.704E+08 7.128E+12 2.390E-05 1.216E-06
711 1.000 1 5.000 8.77880 5.218E+08 1.245E+12 4.190E-04 1.206E-06
357 1.000 1 5.000 9.90894 4.043E+08 4.384E+11 9.222E-04 1.190E-06
241 5.000 1 5.000 10.8333 6.712E+07 5.060E+11 1.327E-04 1.181E-06
741 7.000 1 5.000 8.73362 7.287E+07 6.338E+11 1.150E-04 1.167E-06
411 7.000 1 5.000 9.73308 5.726E+07 1.547E+12 3.702E-05 1.139E-06
399 1.000 1 5.000 9.73828 3.969E+08 6.114E+12 6.492E-05 1.129E-06
48 3.000 1 5.000 13.8707 6.242E+07 6.797E+10 9.184E-04 1.080E-06
500 1.000 1 5.000 9.42686 4.034E+08 3.236E+11 1.247E-03 1.075E-06
714 3.000 1 5.000 8.77695 1.540E+08 1.076E+12 1.431E-04 1.067E-06
426 5.000 1 5.000 9.70719 7.406E+07 3.139E+12 2.359E-05 1.046E-06
102 7.000 1 5.000 12.9504 2.893E+07 1.351E+12 2.142E-05 1.018E-06
116 7.000 1 5.000 12.6371 3.037E+07 2.315E+10 1.312E-03 1.018E-06
839 3.000 1 5.000 8.24941 1.529E+08 1.160E+12 1.318E-04 9.360E-07
393 7.000 1 5.000 9.75533 4.679E+07 5.330E+11 8.778E-05 9.346E-07
54 5.000 1 5.000 13.8075 3.262E+07 1.141E+10 2.858E-03 9.322E-07
740 5.000 1 5.000 8.73407 8.114E+07 7.735E+11 1.049E-04 9.280E-07
188 5.000 1 5.000 11.8505 4.352E+07 3.299E+12 1.319E-05 9.162E-07
770 9.000 1 5.000 8.55955 4.634E+07 5.051E+11 9.175E-05 9.162E-07
218 7.000 1 5.000 10.9970 3.547E+07 4.788E+11 7.409E-05 9.004E-07
216 3.000 1 5.000 11.0088 8.132E+07 5.003E+11 1.625E-04 8.867E-07
409 5.000 1 5.000 9.73381 6.170E+07 5.451E+11 1.132E-04 8.766E-07
27 3.000 1 5.000 14.3113 4.753E+07 5.488E+09 8.661E-03 8.759E-07
716 5.000 1 5.000 8.77570 7.566E+07 3.295E+12 2.296E-05 8.736E-07
648 7.000 1 5.000 8.93601 5.144E+07 1.088E+12 4.727E-05 8.622E-07
809 3.000 1 5.000 8.40948 1.288E+08 1.251E+12 1.030E-04 8.196E-07
459 7.000 1 5.000 9.61677 4.189E+07 4.746E+11 8.826E-05 8.131E-07
286 7.000 1 5.000 10.6182 3.312E+07 5.032E+11 6.583E-05 7.840E-07
348 7.000 1 5.000 9.94109 3.756E+07 3.981E+12 9.434E-06 7.792E-07
663 7.000 1 5.000 8.92125 4.574E+07 7.128E+11 6.417E-05 7.640E-07
248 3.000 1 5.000 10.8078 7.143E+07 4.739E+11 1.508E-04 7.504E-07
647 5.000 1 5.000 8.93624 5.998E+07 2.997E+12 2.002E-05 7.182E-07
482 7.000 1 5.000 9.54872 3.729E+07 1.059E+12 3.521E-05 7.134E-07
514 5.000 1 5.000 9.30989 5.058E+07 2.919E+11 1.733E-04 6.572E-07
386 5.000 1 5.000 9.79177 4.522E+07 4.344E+11 1.041E-04 6.501E-07
712 7.000 1 5.000 8.77772 3.903E+07 1.702E+12 2.293E-05 6.312E-07
737 3.000 1 5.000 8.73518 8.947E+07 8.054E+11 1.111E-04 6.140E-07
487 3.000 1 5.000 9.53380 7.467E+07 5.817E+12 1.284E-05 6.104E-07
593 1.000 1 5.000 9.13474 2.374E+08 1.305E+12 1.819E-04 5.942E-07
656 9.000 1 5.000 8.92769 2.589E+07 7.045E+11 3.675E-05 5.568E-07
239 3.000 1 5.000 10.8445 5.166E+07 5.164E+11 1.000E-04 5.465E-07
326 5.000 1 5.000 10.0457 3.550E+07 9.563E+11 3.712E-05 5.372E-07
92 3.000 1 5.000 13.1222 3.465E+07 2.683E+13 1.292E-06 5.369E-07
115 9.000 1 5.000 12.6374 1.241E+07 1.900E+10 6.531E-04 5.350E-07
31 3.000 1 5.000 14.1946 2.928E+07 7.302E+09 4.010E-03 5.307E-07
100 5.000 1 5.000 12.9669 2.081E+07 1.242E+12 1.675E-05 5.244E-07
708 5.000 1 5.000 8.78024 4.434E+07 4.098E+11 1.082E-04 5.124E-07
496 5.000 1 5.000 9.43689 3.836E+07 2.777E+11 1.381E-04 5.121E-07
327 3.000 1 5.000 10.0408 5.060E+07 1.005E+12 5.035E-05 4.588E-07
864 3.000 1 5.000 7.92130 8.095E+07 3.774E+12 2.145E-05 4.569E-07
775 7.000 1 5.000 8.55699 2.949E+07 8.068E+11 3.655E-05 4.532E-07
347 5.000 1 5.000 9.94187 3.042E+07 1.925E+12 1.580E-05 4.508E-07
119 3.000 1 5.000 12.6109 2.990E+07 2.141E+12 1.397E-05 4.278E-07
346 5.000 1 5.000 9.94871 2.779E+07 9.209E+11 3.017E-05 4.123E-07
776 5.000 1 5.000 8.55672 3.738E+07 1.755E+12 2.129E-05 4.104E-07
665 5.000 1 5.000 8.91918 3.440E+07 2.369E+12 1.452E-05 4.102E-07
384 3.000 1 5.000 9.79278 4.695E+07 6.221E+11 7.546E-05 4.049E-07
424 3.000 1 5.000 9.70772 4.707E+07 5.346E+12 8.805E-06 3.988E-07
32 7.000 1 5.000 14.1885 9.436E+06 8.316E+09 1.135E-03 3.987E-07
270 5.000 1 5.000 10.6823 2.290E+07 5.046E+11 4.538E-05 3.916E-07
836 5.000 1 5.000 8.25149 3.829E+07 7.989E+11 4.793E-05 3.907E-07
718 1.000 1 5.000 8.77365 1.600E+08 2.164E+12 7.392E-05 3.692E-07
531 7.000 1 5.000 9.27594 1.998E+07 3.148E+11 6.346E-05 3.608E-07
649 3.000 1 5.000 8.93587 5.007E+07 1.571E+12 3.186E-05 3.596E-07
150 3.000 1 5.000 12.3664 2.569E+07 6.820E+12 3.767E-06 3.534E-07
88 3.000 1 5.000 13.2467 2.216E+07 2.005E+12 1.105E-05 3.499E-07
773 3.000 1 5.000 8.55774 5.240E+07 1.570E+12 3.337E-05 3.452E-07
456 5.000 1 5.000 9.62367 2.479E+07 1.791E+12 1.385E-05 3.442E-07
55 5.000 1 5.000 13.7563 1.209E+07 2.934E+10 4.121E-04 3.431E-07
136 5.000 1 5.000 12.4780 1.444E+07 1.110E+11 1.301E-04 3.370E-07
420 5.000 1 5.000 9.72167 2.368E+07 5.587E+12 4.239E-06 3.356E-07
527 7.000 1 5.000 9.27931 1.845E+07 3.274E+11 5.635E-05 3.334E-07
46 9.000 1 5.000 13.9478 6.336E+06 4.752E+09 1.333E-03 3.326E-07
643 1.000 1 5.000 8.93873 1.370E+08 3.141E+12 4.362E-05 3.282E-07
567 5.000 1 5.000 9.18431 2.568E+07 1.099E+12 2.337E-05 3.249E-07
254 3.000 1 5.000 10.7704 2.953E+07 4.612E+11 6.402E-05 3.081E-07
810 1.000 1 5.000 8.40849 1.445E+08 1.196E+12 1.209E-04 3.064E-07
207 7.000 1 5.000 11.2215 1.136E+07 2.278E+12 4.985E-06 3.002E-07
40 3.000 1 5.000 13.9621 1.702E+07 2.167E+10 7.854E-04 2.984E-07
352 5.000 1 5.000 9.92615 1.979E+07 7.573E+11 2.613E-05 2.923E-07
390 3.000 1 5.000 9.77867 3.393E+07 5.289E+11 6.416E-05 2.918E-07
442 5.000 1 5.000 9.67344 2.058E+07 4.483E+11 4.591E-05 2.886E-07
783 7.000 1 5.000 8.54448 1.827E+07 5.240E+11 3.487E-05 2.800E-07
418 3.000 1 5.000 9.72521 3.290E+07 7.217E+12 4.558E-06 2.798E-07
391 3.000 1 5.000 9.75833 3.240E+07 1.147E+12 2.825E-05 2.776E-07
862 5.000 1 5.000 7.92736 2.907E+07 6.084E+11 4.777E-05 2.739E-07
463 5.000 1 5.000 9.61083 1.957E+07 4.194E+11 4.666E-05 2.710E-07
400 5.000 1 5.000 9.73781 1.867E+07 1.226E+12 1.523E-05 2.654E-07
187 7.000 1 5.000 11.8901 8.916E+06 4.698E+12 1.898E-06 2.646E-07
206 5.000 1 5.000 11.2389 1.293E+07 2.065E+12 6.262E-06 2.449E-07
719 3.000 1 5.000 8.77077 3.497E+07 2.822E+12 1.239E-05 2.420E-07
289 5.000 1 5.000 10.6051 1.427E+07 4.830E+11 2.954E-05 2.407E-07
460 5.000 1 5.000 9.61483 1.710E+07 4.805E+11 3.558E-05 2.368E-07
642 3.000 1 5.000 8.94099 3.118E+07 2.729E+12 1.143E-05 2.242E-07
325 7.000 1 5.000 10.0488 1.053E+07 9.514E+11 1.107E-05 2.232E-07
736 1.000 1 5.000 8.73596 9.396E+07 7.964E+11 1.180E-04 2.150E-07
866 3.000 1 5.000 7.89719 3.533E+07 4.687E+11 7.539E-05 1.982E-07
441 3.000 1 5.000 9.68159 2.302E+07 4.783E+11 4.814E-05 1.941E-07
646 3.000 1 5.000 8.93758 2.658E+07 5.034E+12 5.280E-06 1.910E-07
611 7.000 1 5.000 9.10993 1.094E+07 2.130E+12 5.134E-06 1.905E-07
47 1.000 1 5.000 13.8762 3.233E+07 6.796E+10 4.757E-04 1.866E-07
516 3.000 1 5.000 9.30741 2.393E+07 2.951E+11 8.111E-05 1.865E-07
563 5.000 1 5.000 9.18921 1.470E+07 6.961E+11 2.111E-05 1.860E-07
872 5.000 1 5.000 7.86142 2.004E+07 6.136E+11 3.266E-05 1.857E-07
497 7.000 1 5.000 9.43494 9.927E+06 2.653E+11 3.742E-05 1.855E-07
38 3.000 1 5.000 14.0198 1.047E+07 1.650E+10 6.344E-04 1.851E-07
82 5.000 1 5.000 13.3370 6.930E+06 1.505E+12 4.605E-06 1.848E-07
342 5.000 1 5.000 9.96348 1.232E+07 1.229E+12 1.003E-05 1.834E-07
263 3.000 1 5.000 10.7022 1.739E+07 5.356E+11 3.247E-05 1.791E-07
495 3.000 1 5.000 9.43732 2.185E+07 2.761E+11 7.916E-05 1.751E-07
287 3.000 1 5.000 10.6116 1.697E+07 5.204E+11 3.260E-05 1.719E-07
661 9.000 1 5.000 8.92439 7.962E+06 7.080E+11 1.125E-05 1.711E-07
645 5.000 1 5.000 8.93840 1.398E+07 8.593E+11 1.627E-05 1.675E-07
488 5.000 1 5.000 9.53051 1.223E+07 7.595E+12 1.610E-06 1.665E-07
512 5.000 1 5.000 9.31281 1.267E+07 2.918E+11 4.343E-05 1.648E-07
840 3.000 1 5.000 8.24031 2.689E+07 4.659E+12 5.772E-06 1.643E-07
666 3.000 1 5.000 8.91883 2.289E+07 3.949E+12 5.797E-06 1.638E-07
778 9.000 1 5.000 8.54775 8.248E+06 5.008E+11 1.647E-05 1.626E-07
772 1.000 1 5.000 8.55824 7.367E+07 2.006E+12 3.673E-05 1.618E-07
392 5.000 1 5.000 9.75600 1.106E+07 1.001E+12 1.105E-05 1.579E-07
91 1.000 1 5.000 13.2114 2.998E+07 1.928E+12 1.555E-05 1.569E-07
586 7.000 1 5.000 9.15590 8.777E+06 2.832E+11 3.099E-05 1.544E-07
249 1.000 1 5.000 10.8054 4.410E+07 4.517E+11 9.763E-05 1.544E-07
200 5.000 1 5.000 11.6171 7.622E+06 2.701E+13 2.822E-07 1.542E-07
408 3.000 1 5.000 9.73452 1.789E+07 3.466E+12 5.162E-06 1.525E-07
461 3.000 1 5.000 9.61446 1.821E+07 4.561E+11 3.993E-05 1.515E-07
255 5.000 1 5.000 10.7677 8.571E+06 4.537E+11 1.889E-05 1.490E-07
533 5.000 1 5.000 9.26990 1.125E+07 3.865E+11 2.911E-05 1.449E-07
784 5.000 1 5.000 8.54324 1.292E+07 1.475E+12 8.763E-06 1.414E-07
324 9.000 1 5.000 10.0488 5.066E+06 9.534E+11 5.313E-06 1.380E-07
565 3.000 1 5.000 9.18714 1.794E+07 7.272E+11 2.467E-05 1.362E-07
511 3.000 1 5.000 9.31513 1.714E+07 3.070E+11 5.582E-05 1.338E-07
351 3.000 1 5.000 9.92734 1.499E+07 4.192E+11 3.575E-05 1.329E-07
846 5.000 1 5.000 8.18074 1.318E+07 8.177E+11 1.611E-05 1.322E-07
639 7.000 1 5.000 8.94326 7.630E+06 7.188E+11 1.062E-05 1.281E-07
529 5.000 1 5.000 9.27680 9.429E+06 3.507E+11 2.689E-05 1.217E-07
381 3.000 1 5.000 9.80845 1.397E+07 1.004E+12 1.391E-05 1.209E-07
720 5.000 1 5.000 8.76947 9.964E+06 4.316E+12 2.309E-06 1.149E-07
236 9.000 1 5.000 10.8682 3.571E+06 9.325E+11 3.830E-06 1.138E-07
443 3.000 1 5.000 9.67310 1.317E+07 4.508E+11 2.922E-05 1.109E-07
425 1.000 1 5.000 9.70726 3.708E+07 7.978E+12 4.648E-06 1.048E-07
398 5.000 1 5.000 9.74018 7.359E+06 7.646E+11 9.624E-06 1.047E-07
389 1.000 1 5.000 9.77891 3.545E+07 5.384E+11 6.584E-05 1.017E-07
99 3.000 1 5.000 12.9733 6.470E+06 1.283E+12 5.041E-06 9.796E-08
183 1.000 1 5.000 12.0009 2.256E+07 1.829E+13 1.233E-06 9.744E-08
444 1.000 1 5.000 9.66941 3.283E+07 4.320E+11 7.599E-05 9.204E-08
208 3.000 1 5.000 11.2080 8.079E+06 2.592E+12 3.117E-06 9.131E-08
562 7.000 1 5.000 9.19065 5.116E+06 6.862E+11 7.455E-06 9.073E-08
465 5.000 1 5.000 9.60028 6.094E+06 2.251E+12 2.707E-06 8.422E-08
491 5.000 1 5.000 9.46143 6.124E+06 1.505E+12 4.070E-06 8.220E-08
701 5.000 1 5.000 8.78583 7.074E+06 4.766E+11 1.484E-05 8.186E-08
137 3.000 1 5.000 12.4775 5.780E+06 2.109E+12 2.741E-06 8.097E-08
674 3.000 1 5.000 8.85870 1.145E+07 1.648E+12 6.945E-06 8.081E-08
659 5.000 1 5.000 8.92519 6.444E+06 2.847E+12 2.263E-06 7.696E-08
703 3.000 1 5.000 8.78486 1.089E+07 5.540E+11 1.966E-05 7.562E-08
345 3.000 1 5.000 9.95295 7.821E+06 1.308E+12 5.979E-06 6.968E-08
771 5.000 1 5.000 8.55841 6.068E+06 6.363E+11 9.536E-06 6.664E-08
560 1.000 1 5.000 9.19175 2.621E+07 9.741E+11 2.691E-05 6.640E-08
782 9.000 1 5.000 8.54593 3.342E+06 5.105E+11 6.548E-06 6.588E-08
587 5.000 1 5.000 9.15509 5.172E+06 3.227E+11 1.603E-05 6.499E-08
109 5.000 1 5.000 12.8629 2.571E+06 7.765E+11 3.311E-06 6.380E-08
288 5.000 1 5.000 10.6104 3.759E+06 5.213E+11 7.212E-06 6.345E-08
811 3.000 1 5.000 8.40695 9.930E+06 2.091E+12 4.749E-06 6.312E-08
95 9.000 1 5.000 13.0534 1.326E+06 1.769E+10 7.493E-05 6.096E-08
605 7.000 1 5.000 9.12532 3.356E+06 1.613E+12 2.081E-06 5.866E-08
769 7.000 1 5.000 8.56080 3.810E+06 5.038E+11 7.563E-06 5.860E-08
807 7.000 1 5.000 8.41016 3.917E+06 6.217E+11 6.302E-06 5.816E-08
355 5.000 1 5.000 9.91987 3.824E+06 8.142E+11 4.697E-06 5.643E-08
209 5.000 1 5.000 11.1862 2.992E+06 2.195E+12 1.363E-06 5.614E-08
774 3.000 1 5.000 8.55726 8.340E+06 2.458E+12 3.393E-06 5.494E-08
673 5.000 1 5.000 8.86169 4.648E+06 6.462E+11 7.193E-06 5.472E-08
534 5.000 1 5.000 9.26494 4.166E+06 5.237E+11 7.955E-06 5.361E-08
557 5.000 1 5.000 9.20893 4.189E+06 3.026E+11 1.384E-05 5.325E-08
786 3.000 1 5.000 8.54293 8.050E+06 2.390E+12 3.368E-06 5.284E-08
363 9.000 1 5.000 9.87285 2.000E+06 6.675E+11 2.996E-06 5.260E-08
658 3.000 1 5.000 8.92618 7.003E+06 3.490E+12 2.007E-06 5.020E-08
489 7.000 1 5.000 9.46513 2.654E+06 1.056E+12 2.515E-06 4.992E-08
655 5.000 1 5.000 8.92807 4.148E+06 1.602E+12 2.590E-06 4.959E-08
462 3.000 1 5.000 9.61272 5.962E+06 4.530E+11 1.316E-05 4.956E-08
589 3.000 1 5.000 9.15473 6.514E+06 3.321E+11 1.962E-05 4.911E-08
780 5.000 1 5.000 8.54627 4.288E+06 1.890E+12 2.269E-06 4.696E-08
269 3.000 1 5.000 10.6847 4.407E+06 4.997E+11 8.819E-06 4.524E-08
51 3.000 1 5.000 13.8196 2.604E+06 3.373E+10 7.720E-05 4.474E-08
205 3.000 1 5.000 11.2778 3.581E+06 2.466E+12 1.452E-06 4.098E-08
559 3.000 1 5.000 9.19925 5.287E+06 6.227E+11 8.491E-06 4.025E-08
354 7.000 1 5.000 9.92139 1.928E+06 5.089E+11 3.788E-06 3.984E-08
561 9.000 1 5.000 9.19074 1.737E+06 6.853E+11 2.534E-06 3.960E-08
75 5.000 1 5.000 13.4357 1.421E+06 3.855E+11 3.687E-06 3.846E-08
555 3.000 1 5.000 9.21342 5.005E+06 3.111E+11 1.608E-05 3.822E-08
309 3.000 1 5.000 10.1574 3.856E+06 1.142E+12 3.376E-06 3.579E-08
310 9.000 1 5.000 10.1482 1.240E+06 4.982E+11 2.489E-06 3.446E-08
700 7.000 1 5.000 8.78654 2.093E+06 4.641E+11 4.510E-06 3.392E-08
468 5.000 1 5.000 9.59021 2.428E+06 1.837E+12 1.322E-06 3.348E-08
70 1.000 1 5.000 13.5234 6.083E+06 6.617E+12 9.193E-07 3.336E-08
812 5.000 1 5.000 8.40602 3.082E+06 2.926E+12 1.053E-06 3.266E-08
210 1.000 1 5.000 11.1293 8.606E+06 2.477E+12 3.474E-06 3.196E-08
742 7.000 1 5.000 8.73039 1.949E+06 1.358E+12 1.435E-06 3.118E-08
180 3.000 1 5.000 12.0231 2.351E+06 1.025E+13 2.293E-07 3.058E-08
505 9.000 1 5.000 9.40853 1.261E+06 4.419E+11 2.854E-06 3.012E-08
747 7.000 1 5.000 8.71603 1.884E+06 1.124E+12 1.676E-06 3.004E-08
750 5.000 1 5.000 8.70414 2.472E+06 1.074E+12 2.302E-06 2.806E-08
464 3.000 1 5.000 9.60257 3.319E+06 1.709E+12 1.942E-06 2.752E-08
467 1.000 1 5.000 9.59340 9.828E+06 3.730E+11 2.635E-05 2.712E-08
66 1.000 1 5.000 13.5703 4.776E+06 1.290E+11 3.701E-05 2.638E-08
273 1.000 1 5.000 10.6715 7.509E+06 4.824E+11 1.556E-05 2.564E-08
590 5.000 1 5.000 9.15327 1.962E+06 2.868E+11 6.843E-06 2.466E-08
312 1.000 1 5.000 10.1418 7.378E+06 1.306E+12 5.651E-06 2.276E-08
779 3.000 1 5.000 8.54687 3.440E+06 2.323E+12 1.481E-06 2.260E-08
664 1.000 1 5.000 8.91996 9.243E+06 3.162E+12 2.923E-06 2.206E-08
199 3.000 1 5.000 11.6364 1.722E+06 1.794E+13 9.600E-08 2.098E-08
291 1.000 1 5.000 10.5602 5.900E+06 4.151E+11 1.421E-05 1.973E-08
549 9.000 1 5.000 9.23142 7.610E+05 4.025E+11 1.891E-06 1.750E-08
667 1.000 1 5.000 8.90762 7.219E+06 3.718E+12 1.942E-06 1.718E-08
214 3.000 1 5.000 11.0754 1.543E+06 2.558E+12 6.035E-07 1.703E-08
422 9.000 1 5.000 9.71947 6.187E+05 9.109E+11 6.792E-07 1.577E-08
699 9.000 1 5.000 8.78658 7.269E+05 4.607E+11 1.578E-06 1.515E-08
304 5.000 1 5.000 10.2376 9.476E+05 1.054E+12 8.992E-07 1.489E-08
279 1.000 1 5.000 10.6461 4.310E+06 3.565E+12 1.209E-06 1.465E-08
612 5.000 1 5.000 9.10043 1.171E+06 3.426E+12 3.419E-07 1.454E-08
653 3.000 1 5.000 8.93038 1.981E+06 1.297E+12 1.527E-06 1.422E-08
556 3.000 1 5.000 9.20967 1.708E+06 3.381E+11 5.052E-06 1.303E-08
344 3.000 1 5.000 9.96106 1.413E+06 1.831E+12 7.717E-07 1.261E-08
212 3.000 1 5.000 11.1132 1.053E+06 2.514E+12 4.189E-07 1.170E-08
215 5.000 1 5.000 11.0719 6.296E+05 2.176E+12 2.893E-07 1.157E-08
515 1.000 1 5.000 9.30759 4.411E+06 2.913E+11 1.514E-05 1.146E-08
609 5.000 1 5.000 9.11161 9.050E+05 1.126E+12 8.034E-07 1.126E-08
785 1.000 1 5.000 8.54321 4.998E+06 2.787E+12 1.793E-06 1.094E-08
695 9.000 1 5.000 8.80761 5.147E+05 2.892E+11 1.779E-06 1.077E-08
385 1.000 1 5.000 9.79188 3.562E+06 1.095E+12 3.252E-06 1.024E-08
492 3.000 1 5.000 9.45782 1.220E+06 5.588E+12 2.183E-07 9.814E-09
797 5.000 1 5.000 8.45007 9.066E+05 1.059E+12 8.562E-07 9.704E-09
83 9.000 1 5.000 13.3326 1.988E+05 5.105E+09 3.894E-05 9.534E-09
139 3.000 1 5.000 12.4729 6.544E+05 2.106E+11 3.107E-06 9.160E-09
796 7.000 1 5.000 8.45007 6.029E+05 9.855E+11 6.117E-07 9.036E-09
58 1.000 1 5.000 13.6570 1.567E+06 1.041E+10 1.505E-04 8.762E-09
69 7.000 1 5.000 13.5235 2.144E+05 4.579E+10 4.683E-06 8.233E-09
434 1.000 1 5.000 9.69604 2.693E+06 1.956E+12 1.377E-06 7.592E-09
62 9.000 1 5.000 13.6002 1.506E+05 4.995E+09 3.014E-05 7.514E-09
306 3.000 1 5.000 10.1785 7.914E+05 6.912E+11 1.145E-06 7.375E-09
624 7.000 1 5.000 9.00653 4.238E+05 6.999E+11 6.056E-07 7.216E-09
874 3.000 1 5.000 7.85765 1.262E+06 2.707E+12 4.660E-07 7.006E-09
751 3.000 1 5.000 8.70261 1.025E+06 3.127E+12 3.277E-07 6.980E-09
64 9.000 1 5.000 13.5734 1.399E+05 5.744E+09 2.435E-05 6.956E-09
669 3.000 1 5.000 8.90273 9.020E+05 5.199E+11 1.735E-06 6.430E-09
820 5.000 1 5.000 8.34340 5.704E+05 7.444E+11 7.662E-07 5.954E-09
114 1.000 1 5.000 12.6657 1.204E+06 1.131E+12 1.065E-06 5.792E-09
113 3.000 1 5.000 12.7230 3.975E+05 1.356E+12 2.931E-07 5.789E-09
705 1.000 1 5.000 8.78264 2.492E+06 6.217E+11 4.008E-06 5.764E-09
554 3.000 1 5.000 9.21489 7.535E+05 6.006E+11 1.255E-06 5.756E-09
781 7.000 1 5.000 8.54608 3.706E+05 1.203E+12 3.082E-07 5.680E-09
305 5.000 1 5.000 10.1885 3.514E+05 6.725E+11 5.225E-07 5.470E-09
592 1.000 1 5.000 9.14419 2.180E+06 3.023E+11 7.211E-06 5.464E-09
532 3.000 1 5.000 9.27501 6.694E+05 3.104E+11 2.156E-06 5.179E-09
749 7.000 1 5.000 8.70569 3.193E+05 8.164E+11 3.911E-07 5.078E-09
660 7.000 1 5.000 8.92473 3.025E+05 1.825E+12 1.658E-07 5.057E-09
606 5.000 1 5.000 9.12459 3.636E+05 1.276E+12 2.850E-07 4.538E-09
610 3.000 1 5.000 9.11014 5.873E+05 2.732E+12 2.150E-07 4.386E-09
623 5.000 1 5.000 9.01053 3.531E+05 1.615E+12 2.186E-07 4.297E-09
353 5.000 1 5.000 9.92165 2.852E+05 3.997E+12 7.137E-08 4.210E-09
848 3.000 1 5.000 8.17352 6.996E+05 4.384E+12 1.596E-07 4.204E-09
721 3.000 1 5.000 8.76223 5.998E+05 3.458E+11 1.734E-06 4.141E-09
675 5.000 1 5.000 8.85740 3.428E+05 5.294E+11 6.475E-07 4.032E-09
539 1.000 1 5.000 9.24957 1.568E+06 1.154E+12 1.359E-06 4.024E-09
621 3.000 1 5.000 9.01247 5.377E+05 1.717E+12 3.131E-07 3.929E-09
745 5.000 1 5.000 8.71693 3.200E+05 6.810E+11 4.699E-07 3.646E-09
717 3.000 1 5.000 8.77418 5.261E+05 1.956E+12 2.689E-07 3.645E-09
161 1.000 1 5.000 12.1908 8.140E+05 2.186E+11 3.723E-06 3.628E-09
853 7.000 1 5.000 7.94701 2.501E+05 9.293E+11 2.691E-07 3.315E-09
10 1.000 1 5.000 45.9758 5.142E+04 1.737E+11 2.960E-07 3.260E-09
349 3.000 1 5.000 9.93496 3.600E+05 4.995E+12 7.206E-08 3.198E-09
670 1.000 1 5.000 8.89569 1.315E+06 9.546E+11 1.378E-06 3.120E-09
117 5.000 1 5.000 12.6309 1.278E+05 8.739E+11 1.462E-07 3.057E-09
295 9.000 1 5.000 10.4987 9.971E+04 9.301E+11 1.072E-07 2.966E-09
229 9.000 1 5.000 10.8905 9.136E+04 1.227E+11 7.447E-07 2.924E-09
412 3.000 1 5.000 9.73205 3.427E+05 4.299E+12 7.971E-08 2.919E-09
108 1.000 1 5.000 12.8684 5.760E+05 3.088E+12 1.865E-07 2.860E-09
79 3.000 1 5.000 13.3754 1.750E+05 9.951E+10 1.759E-06 2.817E-09
685 5.000 1 5.000 8.82094 2.338E+05 1.417E+12 1.650E-07 2.726E-09
752 5.000 1 5.000 8.70103 2.374E+05 3.349E+12 7.090E-08 2.694E-09
743 5.000 1 5.000 8.72969 2.220E+05 1.115E+12 1.991E-07 2.536E-09
625 5.000 1 5.000 9.00029 2.074E+05 1.220E+12 1.700E-07 2.518E-09
521 7.000 1 5.000 9.28535 1.375E+05 5.957E+11 2.308E-07 2.489E-09
558 1.000 1 5.000 9.20768 9.467E+05 3.112E+11 3.042E-06 2.406E-09
60 9.000 1 5.000 13.6457 4.548E+04 4.969E+09 9.153E-06 2.286E-09
274 9.000 1 5.000 10.6586 7.367E+04 9.295E+11 7.925E-08 2.258E-09
813 3.000 1 5.000 8.38565 3.380E+05 4.857E+11 6.960E-07 2.138E-09
852 5.000 1 5.000 7.94812 2.197E+05 9.640E+11 2.279E-07 2.081E-09
798 5.000 1 5.000 8.44771 1.892E+05 1.034E+12 1.831E-07 2.024E-09
127 9.000 1 5.000 12.5431 4.739E+04 4.557E+10 1.040E-06 2.012E-09
607 3.000 1 5.000 9.12255 2.444E+05 2.212E+12 1.105E-07 1.830E-09
552 5.000 1 5.000 9.22045 1.382E+05 4.496E+11 3.074E-07 1.761E-09
528 7.000 1 5.000 9.27771 9.717E+04 3.614E+11 2.689E-07 1.756E-09
795 3.000 1 5.000 8.45056 2.643E+05 8.390E+11 3.150E-07 1.698E-09
683 3.000 1 5.000 8.82199 2.386E+05 1.238E+12 1.927E-07 1.670E-09
141 1.000 1 5.000 12.4656 3.554E+05 2.671E+12 1.331E-07 1.656E-09
154 5.000 1 5.000 12.3266 7.129E+04 6.074E+12 1.174E-08 1.624E-09
819 7.000 1 5.000 8.34415 1.090E+05 6.028E+11 1.808E-07 1.592E-09
453 1.000 1 5.000 9.64164 5.489E+05 7.866E+11 6.978E-07 1.530E-09
619 7.000 1 5.000 9.02394 8.900E+04 2.025E+12 4.396E-08 1.521E-09
276 9.000 1 5.000 10.6536 4.950E+04 9.193E+11 5.384E-08 1.516E-09
266 9.000 1 5.000 10.6981 4.714E+04 9.230E+11 5.108E-08 1.456E-09
343 7.000 1 5.000 9.96331 6.475E+04 1.411E+12 4.590E-08 1.349E-09
470 9.000 1 5.000 9.56781 5.422E+04 6.672E+11 8.127E-08 1.340E-09
676 3.000 1 5.000 8.85598 1.774E+05 6.270E+11 2.830E-07 1.252E-09
303 7.000 1 5.000 10.2617 5.419E+04 5.117E+11 1.059E-07 1.198E-09
691 1.000 1 5.000 8.81531 5.082E+05 7.427E+11 6.843E-07 1.184E-09
430 9.000 1 5.000 9.69990 4.620E+04 6.651E+11 6.946E-08 1.173E-09
788 1.000 1 5.000 8.49061 5.380E+05 4.413E+11 1.219E-06 1.163E-09
794 3.000 1 5.000 8.45220 1.806E+05 6.601E+11 2.737E-07 1.161E-09
447 3.000 1 5.000 9.66200 1.370E+05 8.512E+11 1.609E-07 1.151E-09
689 5.000 1 5.000 8.81639 9.661E+04 1.380E+12 7.003E-08 1.126E-09
793 5.000 1 5.000 8.45293 1.043E+05 4.632E+11 2.251E-07 1.117E-09
284 3.000 1 5.000 10.6234 1.030E+05 5.006E+11 2.058E-07 1.046E-09
827 7.000 1 5.000 8.28924 7.118E+04 1.286E+12 5.537E-08 1.027E-09
814 1.000 1 5.000 8.38494 4.682E+05 4.474E+11 1.046E-06 9.872E-10
756 5.000 1 5.000 8.58877 8.751E+04 4.098E+11 2.135E-07 9.677E-10
627 1.000 1 5.000 8.98536 3.746E+05 2.407E+12 1.557E-07 9.068E-10
854 3.000 1 5.000 7.94619 1.580E+05 1.003E+12 1.576E-07 8.975E-10
322 1.000 1 5.000 10.0511 2.911E+05 2.561E+12 1.137E-07 8.818E-10
373 9.000 1 5.000 9.83462 3.287E+04 5.343E+11 6.151E-08 8.578E-10
42 1.000 1 5.000 13.9554 1.456E+05 1.679E+11 8.673E-07 8.502E-10
617 3.000 1 5.000 9.02749 1.144E+05 1.416E+12 8.079E-08 8.386E-10
753 3.000 1 5.000 8.60347 1.212E+05 3.962E+11 3.060E-07 8.072E-10
803 1.000 1 5.000 8.43005 3.697E+05 5.908E+11 6.258E-07 7.878E-10
596 9.000 1 5.000 9.13125 3.480E+04 4.440E+11 7.837E-08 7.830E-10
466 7.000 1 5.000 9.60023 4.020E+04 2.409E+12 1.669E-08 7.778E-10
618 5.000 1 5.000 9.02475 6.304E+04 9.333E+11 6.755E-08 7.698E-10
406 9.000 1 5.000 9.73592 2.878E+04 6.670E+11 4.314E-08 7.360E-10
374 1.000 1 5.000 9.83250 2.535E+05 8.548E+11 2.965E-07 7.348E-10
421 7.000 1 5.000 9.71979 3.633E+04 3.698E+12 9.826E-09 7.206E-10
458 3.000 1 5.000 9.61822 8.631E+04 3.455E+12 2.498E-08 7.182E-10
682 5.000 1 5.000 8.82662 6.137E+04 4.966E+11 1.236E-07 7.170E-10
723 1.000 1 5.000 8.75763 3.048E+05 4.174E+11 7.303E-07 7.010E-10
224 1.000 1 5.000 10.9232 1.822E+05 5.234E+12 3.481E-08 6.518E-10
394 7.000 1 5.000 9.75143 3.222E+04 9.318E+11 3.458E-08 6.432E-10
634 9.000 1 5.000 8.97200 2.932E+04 4.690E+11 6.252E-08 6.370E-10
748 5.000 1 5.000 8.71064 5.524E+04 2.104E+12 2.625E-08 6.286E-10
821 3.000 1 5.000 8.34274 9.970E+04 1.829E+12 5.451E-08 6.242E-10
856 1.000 1 5.000 7.93744 3.185E+05 1.239E+12 2.570E-07 6.018E-10
787 3.000 1 5.000 8.49336 8.450E+04 4.310E+11 1.961E-07 5.484E-10
826 5.000 1 5.000 8.29131 5.283E+04 1.299E+12 4.068E-08 5.445E-10
432 9.000 1 5.000 9.69815 2.130E+04 6.655E+11 3.201E-08 5.408E-10
686 7.000 1 5.000 8.82088 3.163E+04 1.328E+12 2.382E-08 5.164E-10
535 9.000 1 5.000 9.25147 2.166E+04 4.451E+11 4.865E-08 5.002E-10
20 1.000 1 5.000 14.5163 7.532E+04 1.016E+12 7.413E-08 4.760E-10
651 9.000 1 5.000 8.93274 2.128E+04 1.001E+12 2.126E-08 4.582E-10
632 1.000 1 5.000 8.97738 1.828E+05 5.833E+11 3.134E-07 4.418E-10
582 1.000 1 5.000 9.16758 1.679E+05 8.779E+11 1.912E-07 4.230E-10
522 9.000 1 5.000 9.28530 1.484E+04 4.514E+11 3.289E-08 3.456E-10
828 3.000 1 5.000 8.28752 5.430E+04 1.340E+12 4.052E-08 3.355E-10
537 9.000 1 5.000 9.25056 1.428E+04 4.515E+11 3.162E-08 3.298E-10
267 1.000 1 5.000 10.6968 9.601E+04 1.205E+12 7.965E-08 3.294E-10
792 3.000 1 5.000 8.47007 5.024E+04 1.066E+12 4.712E-08 3.242E-10
680 7.000 1 5.000 8.83175 1.964E+04 3.003E+11 6.541E-08 3.216E-10
830 1.000 1 5.000 8.27255 1.517E+05 1.624E+12 9.343E-08 3.112E-10
833 9.000 1 5.000 8.25440 1.612E+04 7.832E+11 2.059E-08 2.964E-10
319 1.000 1 5.000 10.0716 9.444E+04 5.614E+11 1.682E-07 2.872E-10
728 1.000 1 5.000 8.75315 1.220E+05 1.111E+12 1.098E-07 2.804E-10
494 5.000 1 5.000 9.45295 1.931E+04 7.181E+12 2.689E-09 2.586E-10
764 9.000 1 5.000 8.56979 1.304E+04 3.270E+11 3.989E-08 2.584E-10
762 1.000 1 5.000 8.57833 1.117E+05 4.250E+11 2.629E-07 2.466E-10
585 3.000 1 5.000 9.15684 3.226E+04 3.002E+11 1.075E-07 2.433E-10
851 3.000 1 5.000 7.94935 4.248E+04 9.224E+11 4.606E-08 2.414E-10
232 1.000 1 5.000 10.8704 5.891E+04 9.626E+11 6.120E-08 2.088E-10
754 5.000 1 5.000 8.60233 1.773E+04 3.962E+11 4.476E-08 1.967E-10
84 1.000 1 5.000 13.3302 3.525E+04 1.381E+13 2.553E-09 1.878E-10
415 1.000 1 5.000 9.73092 6.537E+04 6.020E+11 1.086E-07 1.856E-10
855 5.000 1 5.000 7.94521 1.827E+04 9.506E+11 1.922E-08 1.729E-10
859 9.000 1 5.000 7.92881 1.016E+04 5.798E+11 1.751E-08 1.723E-10
428 1.000 1 5.000 9.70525 5.682E+04 5.077E+11 1.119E-07 1.605E-10
246 1.000 1 5.000 10.8127 4.162E+04 8.063E+11 5.162E-08 1.459E-10
584 1.000 1 5.000 9.15775 5.377E+04 1.191E+12 4.516E-08 1.352E-10
755 7.000 1 5.000 8.59156 7.836E+03 3.844E+11 2.038E-08 1.214E-10
103 1.000 1 5.000 12.9499 2.370E+04 6.264E+10 3.784E-07 1.192E-10
869 5.000 1 5.000 7.87914 1.214E+04 9.543E+11 1.273E-08 1.130E-10
744 3.000 1 5.000 8.72836 1.494E+04 2.041E+12 7.319E-09 1.024E-10
359 1.000 1 5.000 9.87377 2.847E+04 6.778E+11 4.200E-08 8.324E-11
166 1.000 1 5.000 12.1009 1.811E+04 2.074E+11 8.730E-08 7.954E-11
867 3.000 1 5.000 7.88155 1.414E+04 9.860E+11 1.435E-08 7.904E-11
402 1.000 1 5.000 9.73731 2.550E+04 1.493E+12 1.709E-08 7.250E-11
616 5.000 1 5.000 9.02934 5.242E+03 1.803E+12 2.907E-09 6.406E-11
615 3.000 1 5.000 9.03176 8.566E+03 1.972E+12 4.344E-09 6.286E-11
729 1.000 1 5.000 8.74653 2.718E+04 4.803E+11 5.659E-08 6.236E-11
704 3.000 1 5.000 8.78464 7.180E+03 7.082E+11 1.014E-08 4.983E-11
734 1.000 1 5.000 8.73984 1.935E+04 5.776E+11 3.350E-08 4.432E-11
844 1.000 1 5.000 8.20746 2.017E+04 1.672E+12 1.206E-08 4.074E-11
501 1.000 1 5.000 9.40903 1.528E+04 4.483E+11 3.409E-08 4.056E-11
868 3.000 1 5.000 7.87952 6.301E+03 9.494E+11 6.636E-09 3.520E-11
843 5.000 1 5.000 8.21476 2.552E+03 1.301E+12 1.962E-09 2.582E-11
822 5.000 1 5.000 8.34184 2.314E+03 2.049E+12 1.129E-09 2.414E-11
523 1.000 1 5.000 9.28458 8.859E+03 6.888E+11 1.286E-08 2.290E-11
151 1.000 1 5.000 12.3588 4.960E+03 6.599E+11 7.516E-09 2.272E-11
225 1.000 1 5.000 10.9189 4.323E+03 2.483E+11 1.741E-08 1.546E-11
746 3.000 1 5.000 8.71651 2.234E+03 1.112E+12 2.009E-09 1.527E-11
449 1.000 1 5.000 9.65286 3.664E+03 6.358E+11 5.763E-09 1.024E-11
841 3.000 1 5.000 8.21935 1.666E+03 1.347E+12 1.237E-09 1.013E-11
469 1.000 1 5.000 9.57323 2.937E+03 2.516E+12 1.167E-09 8.072E-12
825 3.000 1 5.000 8.29380 9.767E+02 1.290E+12 7.569E-10 6.043E-12
622 1.000 1 5.000 9.01246 2.152E+03 6.349E+11 3.390E-09 5.242E-12
640 1.000 1 5.000 8.94193 1.652E+03 1.101E+12 1.500E-09 3.962E-12
546 1.000 1 5.000 9.23625 1.403E+03 2.986E+11 4.698E-09 3.590E-12
474 1.000 1 5.000 9.56237 1.096E+03 1.080E+12 1.015E-09 3.006E-12
203 1.000 1 5.000 11.3908 5.314E+02 1.822E+11 2.916E-09 2.068E-12
296 1.000 1 5.000 10.4973 6.109E+02 5.291E+12 1.155E-10 2.018E-12
831 1.000 1 5.000 8.25744 8.824E+02 8.023E+11 1.100E-09 1.804E-12
829 5.000 1 5.000 8.28559 7.816E+01 1.285E+12 6.080E-11 8.044E-13
842 3.000 1 5.000 8.21534 9.594E+01 1.308E+12 7.336E-11 5.826E-13
789 1.000 1 5.000 8.47379 1.865E+02 5.034E+11 3.705E-10 4.016E-13
857 1.000 1 5.000 7.93040 2.017E+02 5.904E+11 3.416E-10 3.804E-13
671 1.000 1 5.000 8.86580 1.579E+02 6.465E+11 2.442E-10 3.720E-13
815 1.000 1 5.000 8.36625 1.473E+02 5.701E+11 2.584E-10 3.090E-13
837 1.000 1 5.000 8.25019 6.924E+01 5.334E+11 1.298E-10 1.413E-13
865 1.000 1 5.000 7.89790 4.431E+01 4.395E+11 1.008E-10 8.288E-14
870 1.000 1 5.000 7.87542 2.658E+01 1.198E+12 2.220E-11 4.944E-14
598 1.000 1 5.000 9.13095 4.340E+00 1.592E+12 2.726E-12 1.085E-14
