j g(j) i g(i) wl A A+A^a A/(A+A^a) f
4 4.000 1 2.000 24.7782 1.503E+12 1.503E+12 1.000E+00 2.768E-01
2 2.000 1 2.000 24.7836 1.500E+12 1.500E+12 1.000E+00 1.381E-01
8 4.000 1 2.000 20.9086 4.018E+11 4.556E+11 8.818E-01 5.265E-02
5 2.000 1 2.000 20.9098 4.004E+11 4.543E+11 8.812E-01 2.624E-02
13 4.000 1 2.000 19.8249 1.639E+11 1.952E+11 8.392E-01 1.931E-02
10 2.000 1 2.000 19.8253 1.632E+11 1.946E+11 8.385E-01 9.615E-03
20 4.000 1 2.000 19.3604 8.263E+10 1.010E+11 8.179E-01 9.285E-03
29 4.000 1 2.000 19.1171 4.743E+10 5.888E+10 8.055E-01 5.195E-03
17 2.000 1 2.000 19.3606 8.225E+10 1.007E+11 8.171E-01 4.622E-03
40 4.000 1 2.000 18.9734 2.970E+10 3.725E+10 7.974E-01 3.207E-03
26 2.000 1 2.000 19.1172 4.720E+10 5.866E+10 8.046E-01 2.586E-03
37 2.000 1 2.000 18.9734 2.957E+10 3.712E+10 7.965E-01 1.596E-03
9 6.000 1 2.000 20.9083 6.973E+07 1.553E+11 4.490E-04 1.371E-05
7 4.000 1 2.000 20.9086 6.958E+07 1.554E+11 4.478E-04 9.120E-06
15 6.000 1 2.000 19.8247 3.840E+07 6.649E+10 5.775E-04 6.790E-06
12 4.000 1 2.000 19.8249 3.830E+07 6.652E+10 5.757E-04 4.513E-06
22 6.000 1 2.000 19.3603 2.168E+07 3.450E+10 6.284E-04 3.656E-06
19 4.000 1 2.000 19.3604 2.162E+07 3.452E+10 6.263E-04 2.430E-06
31 6.000 1 2.000 19.1171 1.317E+07 2.018E+10 6.527E-04 2.165E-06
28 4.000 1 2.000 19.1171 1.313E+07 2.019E+10 6.503E-04 1.439E-06
42 6.000 1 2.000 18.9733 8.527E+06 1.281E+10 6.654E-04 1.380E-06
39 4.000 1 2.000 18.9734 8.500E+06 1.282E+10 6.629E-04 9.175E-07
3 2.000 1 2.000 24.7833 7.065E+02 7.065E+02 1.000E+00 6.510E-11
6 2.000 1 2.000 20.9097 3.140E+02 1.522E+10 2.063E-08 2.058E-11
11 2.000 1 2.000 19.8253 1.502E+02 1.064E+10 1.411E-08 8.850E-12
18 2.000 1 2.000 19.3606 8.130E+01 6.840E+09 1.189E-08 4.568E-12
27 2.000 1 2.000 19.1172 4.845E+01 4.502E+09 1.076E-08 2.655E-12
38 2.000 1 2.000 18.9734 3.105E+01 3.076E+09 1.009E-08 1.676E-12
14 6.000 1 2.000 19.8247 2.260E-05 3.311E+10 6.825E-16 3.994E-18
21 6.000 1 2.000 19.3603 1.980E-05 1.712E+10 1.157E-15 3.338E-18
30 6.000 1 2.000 19.1171 1.450E-05 1.001E+10 1.448E-15 2.384E-18
41 6.000 1 2.000 18.9733 1.039E-05 6.365E+09 1.633E-15 1.682E-18
