j g(j) i g(i) wl A A+A^a A/(A+A^a) f
90 0 0 0 16.1761 5.21068E+12 3.07607E+14 0 2.86174E-01
89 0 0 0 16.1788 8.62609E+12 2.97823E+14 0 2.03104E-01
74 0 0 0 16.2578 3.36108E+12 3.07406E+14 0 1.86462E-01
85 0 0 0 16.1897 4.67103E+12 4.02645E+14 0 1.83549E-01
45 0 0 0 16.4476 3.20366E+12 2.82798E+14 0 1.81903E-01
77 0 0 0 16.2363 4.06175E+12 5.03234E+14 0 1.60525E-01
83 0 0 0 16.2073 2.91540E+12 5.99245E+14 0 1.14809E-01
101 0 0 0 16.0769 1.93773E+12 8.74715E+14 0 1.05120E-01
95 0 0 0 16.1264 1.44944E+12 5.89172E+14 0 7.91155E-02
65 0 0 0 16.3163 1.41370E+12 6.12352E+14 0 7.89925E-02
118 0 0 0 14.8674 2.37714E+12 3.07755E+14 0 7.87740E-02
84 0 0 0 16.2026 3.27058E+12 4.15906E+14 0 7.72334E-02
46 0 0 0 16.4384 1.77813E+12 5.61904E+14 0 7.20343E-02
81 0 0 0 16.2154 2.90157E+12 4.57587E+14 0 6.86271E-02
114 0 0 0 15.8903 1.33176E+12 5.16388E+14 0 5.04135E-02
40 0 0 0 16.4993 1.14915E+12 5.49920E+14 0 4.68989E-02
63 0 0 0 16.3299 8.21712E+11 7.17669E+14 0 4.59912E-02
99 0 0 0 16.1050 1.79914E+12 5.36766E+14 0 4.19757E-02
56 0 0 0 16.3796 7.40211E+11 3.10825E+14 0 4.16818E-02
96 0 0 0 16.1200 8.70770E+11 7.97843E+14 0 3.39229E-02
44 0 0 0 16.4610 1.18679E+12 2.77054E+14 0 2.89265E-02
24 0 0 0 16.5768 6.71182E+11 8.71384E+13 0 2.76504E-02
59 0 0 0 16.3565 6.85945E+11 2.11951E+14 0 2.75123E-02
92 0 0 0 16.1577 6.60557E+11 5.68644E+14 0 2.58538E-02
17 0 0 0 16.6128 4.37267E+11 5.15947E+13 0 2.53292E-02
70 0 0 0 16.2853 4.29953E+11 1.09571E+14 0 2.39332E-02
80 0 0 0 16.2233 4.29503E+11 2.74113E+14 0 2.37264E-02
104 0 0 0 16.0545 4.37998E+11 4.93021E+14 0 2.36948E-02
36 0 0 0 16.5163 9.54392E+11 2.28183E+14 0 2.34187E-02
79 0 0 0 16.2238 5.74899E+11 2.88646E+14 0 2.26858E-02
97 0 0 0 16.1169 9.34574E+11 5.77807E+14 0 2.18367E-02
61 0 0 0 16.3345 8.90271E+11 1.93814E+14 0 2.13671E-02
43 0 0 0 16.4661 8.45244E+11 2.07951E+14 0 2.06145E-02
120 0 0 0 14.8446 8.75765E+11 3.31344E+14 0 1.73593E-02
78 0 0 0 16.2331 4.11884E+11 4.18276E+14 0 1.62718E-02
53 0 0 0 16.3909 2.75329E+11 2.90547E+14 0 1.55254E-02
28 0 0 0 16.5642 2.61817E+11 4.72403E+13 0 1.50773E-02
67 0 0 0 16.3030 2.45454E+11 4.30663E+14 0 1.36927E-02
41 0 0 0 16.4698 2.36364E+11 7.59122E+14 0 1.34569E-02
62 0 0 0 16.3317 3.11453E+11 2.03419E+14 0 1.24541E-02
66 0 0 0 16.3078 3.07734E+11 2.35227E+14 0 1.22694E-02
119 0 0 0 14.8464 5.87133E+11 3.43098E+14 0 1.16409E-02
27 0 0 0 16.5668 2.00464E+11 7.95216E+13 0 1.15478E-02
57 0 0 0 16.3696 2.84695E+11 2.72818E+14 0 1.14370E-02
13 0 0 0 16.6695 2.68629E+11 3.38399E+13 0 1.11907E-02
72 0 0 0 16.2692 2.66470E+11 2.82126E+14 0 1.05740E-02
50 0 0 0 16.4109 4.17007E+11 1.15857E+14 0 1.01022E-02
108 0 0 0 16.0032 1.83116E+11 5.64625E+14 0 9.84302E-03
30 0 0 0 16.5511 3.93544E+11 2.41831E+14 0 9.69736E-03
107 0 0 0 16.0250 2.50744E+11 5.35712E+14 0 9.65343E-03
75 0 0 0 16.2552 3.75937E+11 4.82975E+14 0 8.93533E-03
91 0 0 0 16.1670 3.58027E+11 5.66371E+14 0 8.41746E-03
60 0 0 0 16.3350 1.42846E+11 4.04240E+14 0 8.00009E-03
52 0 0 0 16.3944 1.31923E+11 4.28011E+14 0 7.44216E-03
51 0 0 0 16.3966 1.79032E+11 3.92256E+14 0 7.21603E-03
18 0 0 0 16.6117 1.70218E+11 8.58721E+13 0 7.04190E-03
21 0 0 0 16.5922 1.59723E+11 5.15922E+13 0 6.59223E-03
37 0 0 0 16.5080 1.45176E+11 1.51924E+14 0 5.93118E-03
39 0 0 0 16.5000 1.03282E+11 2.23439E+14 0 5.90166E-03
69 0 0 0 16.2915 2.22738E+11 5.67979E+14 0 5.31775E-03
20 0 0 0 16.6018 8.31788E+10 5.00622E+13 0 4.81183E-03
33 0 0 0 16.5361 1.09993E+11 5.69019E+13 0 4.50908E-03
47 0 0 0 16.4354 1.75500E+11 2.41726E+14 0 4.26431E-03
100 0 0 0 16.0955 1.09549E+11 6.98348E+14 0 4.25477E-03
48 0 0 0 16.4286 9.82578E+10 5.10361E+14 0 3.97579E-03
14 0 0 0 16.6484 1.28672E+11 2.31192E+14 0 3.20803E-03
87 0 0 0 16.1865 1.35258E+11 2.40611E+14 0 3.18770E-03
86 0 0 0 16.1873 5.59520E+10 5.27086E+14 0 3.07715E-03
110 0 0 0 15.9449 1.31317E+11 4.76356E+14 0 3.00310E-03
93 0 0 0 16.1393 5.35444E+10 2.75212E+14 0 2.92730E-03
68 0 0 0 16.2976 7.10985E+10 8.08990E+13 0 2.83118E-03
5 0 0 0 16.7515 4.35143E+10 3.13701E+13 0 2.56287E-03
58 0 0 0 16.3639 4.19432E+10 4.49053E+14 0 2.35732E-03
73 0 0 0 16.2648 3.90394E+10 4.03296E+14 0 2.16762E-03
113 0 0 0 15.8979 9.21960E+10 2.14582E+14 0 2.09605E-03
34 0 0 0 16.5314 8.44975E+10 2.78799E+14 0 2.07718E-03
22 0 0 0 16.5921 3.55619E+10 6.12532E+13 0 2.05482E-03
2 0 0 0 16.9534 4.62878E+10 4.27221E+14 0 1.99453E-03
10 0 0 0 16.6893 3.30190E+10 4.73845E+13 0 1.93030E-03
76 0 0 0 16.2415 7.35343E+10 6.64323E+14 0 1.74481E-03
26 0 0 0 16.5686 3.96755E+10 6.07306E+13 0 1.63287E-03
71 0 0 0 16.2823 3.96822E+10 3.99622E+14 0 1.57720E-03
103 0 0 0 16.0606 2.79103E+10 6.43193E+14 0 1.51104E-03
55 0 0 0 16.3812 6.03519E+10 4.73084E+14 0 1.45678E-03
3 0 0 0 16.9098 5.45644E+10 3.36171E+14 0 1.40344E-03
111 0 0 0 15.9243 5.99541E+10 4.06387E+14 0 1.36758E-03
109 0 0 0 15.9735 5.49167E+10 4.71670E+14 0 1.26042E-03
11 0 0 0 16.6837 4.86402E+10 3.87030E+13 0 1.21784E-03
4 0 0 0 16.7651 2.72606E+10 2.24794E+13 0 1.14869E-03
38 0 0 0 16.5050 4.50476E+10 2.89905E+14 0 1.10385E-03
23 0 0 0 16.5822 1.83579E+10 4.34844E+13 0 1.05948E-03
116 0 0 0 15.8453 1.43369E+10 6.83318E+14 0 7.55510E-04
105 0 0 0 16.0495 1.94731E+10 4.39025E+14 0 7.51999E-04
94 0 0 0 16.1357 2.99115E+10 4.81087E+14 0 7.00528E-04
29 0 0 0 16.5534 1.18212E+10 1.56054E+14 0 6.79868E-04
25 0 0 0 16.5766 2.53349E+10 5.81397E+13 0 6.26210E-04
12 0 0 0 16.6790 1.38940E+10 4.51601E+13 0 5.79464E-04
64 0 0 0 16.3267 2.41042E+10 7.86428E+14 0 5.77961E-04
16 0 0 0 16.6327 1.34321E+10 3.15952E+13 0 5.57091E-04
115 0 0 0 15.8682 1.45731E+10 6.06502E+14 0 5.50132E-04
98 0 0 0 16.1144 1.17158E+10 2.36240E+14 0 4.56101E-04
19 0 0 0 16.6075 1.75381E+10 5.86328E+13 0 4.35112E-04
35 0 0 0 16.5243 7.42094E+09 1.71919E+14 0 4.25296E-04
117 0 0 0 15.7765 1.85911E+10 7.03129E+14 0 4.16230E-04
49 0 0 0 16.4192 1.63600E+10 2.49868E+14 0 3.96729E-04
82 0 0 0 16.2109 6.77900E+09 1.77538E+14 0 3.73908E-04
31 0 0 0 16.5442 7.77899E+09 3.61803E+14 0 3.19207E-04
112 0 0 0 15.9164 7.30974E+09 9.86577E+13 0 2.77620E-04
42 0 0 0 16.4685 5.27842E+09 7.07679E+14 0 2.14620E-04
121 0 0 0 14.7988 9.49046E+09 2.65768E+14 0 1.86960E-04
102 0 0 0 16.0646 4.63121E+09 4.52957E+14 0 1.79180E-04
7 0 0 0 16.7249 3.85039E+09 4.34962E+13 0 1.61470E-04
8 0 0 0 16.7249 2.01895E+09 3.96098E+13 0 1.18532E-04
54 0 0 0 16.3851 2.01442E+09 2.36548E+14 0 8.10782E-05
32 0 0 0 16.5427 1.18494E+09 3.62711E+14 0 6.80610E-05
9 0 0 0 16.7186 2.69908E+09 4.96367E+13 0 6.78616E-05
88 0 0 0 16.1854 1.59948E+09 6.20652E+14 0 6.28180E-05
6 0 0 0 16.7508 2.26584E+09 1.68508E+13 0 5.71886E-05
15 0 0 0 16.6384 1.01820E+09 4.65413E+13 0 4.22585E-05
106 0 0 0 16.0460 1.41346E+09 7.01537E+14 0 3.27360E-05
