!@# 6 5.00 10.0 30.0 100. 300. 0.100E+04
i j E(eV) a0 a1 a2
1 98 390.878446 2.853E-10 1.813E+02 -3.116E+00
6 98 87.218657 9.861E-13 6.054E+01 -2.766E+00
12 98 38.181632 8.157E-14 2.580E+01 -2.605E+00
22 98 21.322793 1.869E-14 1.424E+01 -2.523E+00
47 98 13.579832 6.790E-15 9.212E+00 -2.474E+00
70 98 9.386050 3.151E-15 6.621E+00 -2.442E+00
96 98 6.835623 1.728E-15 5.333E+00 -2.417E+00
2 98 92.934643 4.204E-13 5.827E+01 -2.798E+00
8 98 39.920224 2.993E-14 2.428E+01 -2.619E+00
13 98 37.771872 1.321E-10 2.237E+01 -4.563E+00
18 98 22.109593 6.628E-15 1.337E+01 -2.534E+00
27 98 21.233565 3.677E-11 2.248E+01 -4.459E+00
32 98 14.020911 2.378E-15 8.656E+00 -2.485E+00
44 98 13.581216 1.161E-11 2.041E+01 -4.373E+00
50 98 9.675413 1.097E-15 6.203E+00 -2.453E+00
66 98 9.424936 4.312E-12 1.828E+01 -4.299E+00
72 98 7.072498 5.991E-16 4.863E+00 -2.433E+00
92 98 6.917890 1.990E-12 1.674E+01 -4.249E+00
3 98 87.352761 9.524E-11 4.355E+01 -3.743E+00
9 98 38.378146 9.004E-12 3.410E+01 -3.583E+00
19 98 21.465393 1.502E-12 2.494E+01 -3.451E+00
33 98 13.687936 4.066E-13 1.924E+01 -3.359E+00
51 98 9.477910 1.482E-13 1.558E+01 -3.292E+00
73 98 6.940212 6.888E-14 1.339E+01 -3.245E+00
4 98 87.343157 4.242E-11 4.355E+01 -3.744E+00
7 98 83.155268 4.226E-11 4.497E+01 -3.714E+00
10 98 38.375413 4.009E-12 3.409E+01 -3.584E+00
17 98 37.023855 4.595E-12 3.513E+01 -3.570E+00
20 98 21.464282 6.685E-13 2.493E+01 -3.452E+00
31 98 20.833080 7.958E-13 2.562E+01 -3.443E+00
34 98 13.687388 1.810E-13 1.924E+01 -3.360E+00
49 98 13.324262 2.185E-13 1.974E+01 -3.352E+00
52 98 9.477608 6.594E-14 1.557E+01 -3.292E+00
71 98 9.232288 8.023E-14 1.601E+01 -3.284E+00
74 98 6.940043 3.065E-14 1.339E+01 -3.246E+00
97 98 6.726029 3.782E-14 1.400E+01 -3.234E+00
5 98 87.323828 3.841E-11 4.355E+01 -3.745E+00
11 98 38.369914 3.628E-12 3.409E+01 -3.584E+00
21 98 21.462047 6.047E-13 2.494E+01 -3.453E+00
23 98 21.245478 2.474E-10 1.538E+01 -5.427E+00
35 98 13.686288 1.637E-13 1.924E+01 -3.361E+00
40 98 13.591866 1.313E-10 1.652E+01 -5.357E+00
53 98 9.477004 5.956E-14 1.557E+01 -3.293E+00
62 98 9.434446 5.944E-11 1.611E+01 -5.287E+00
75 98 6.939704 2.765E-14 1.339E+01 -3.246E+00
88 98 6.927655 6.712E-11 1.744E+01 -5.380E+00
14 98 37.770829 9.420E-11 2.238E+01 -4.564E+00
16 98 37.728424 1.047E-10 2.243E+01 -4.564E+00
28 98 21.233129 2.631E-11 2.248E+01 -4.460E+00
30 98 21.208547 2.906E-11 2.252E+01 -4.460E+00
45 98 13.580995 8.316E-12 2.041E+01 -4.373E+00
48 98 13.566363 9.161E-12 2.044E+01 -4.374E+00
67 98 9.424809 3.097E-12 1.829E+01 -4.300E+00
69 98 9.415349 3.408E-12 1.832E+01 -4.300E+00
93 98 6.917809 1.427E-12 1.674E+01 -4.250E+00
95 98 6.910999 1.567E-12 1.676E+01 -4.250E+00
15 98 37.769159 8.551E-11 2.239E+01 -4.564E+00
29 98 21.232443 2.379E-11 2.249E+01 -4.461E+00
46 98 13.580650 7.508E-12 2.042E+01 -4.374E+00
36 98 13.592426 5.807E-10 1.241E+01 -6.349E+00
68 98 9.424611 2.797E-12 1.831E+01 -4.301E+00
54 98 9.434998 7.707E-10 1.435E+01 -6.392E+00
94 98 6.917685 1.284E-12 1.675E+01 -4.250E+00
76 98 6.928193 1.214E-10 1.200E+01 -6.091E+00
24 98 21.245400 1.785E-10 1.538E+01 -5.427E+00
26 98 21.244738 2.355E-10 1.540E+01 -5.429E+00
41 98 13.591810 9.585E-11 1.652E+01 -5.357E+00
43 98 13.591431 1.237E-10 1.653E+01 -5.358E+00
63 98 9.434408 4.365E-11 1.611E+01 -5.287E+00
65 98 9.434169 5.520E-11 1.610E+01 -5.287E+00
89 98 6.927629 4.935E-11 1.744E+01 -5.379E+00
91 98 6.927465 6.123E-11 1.739E+01 -5.377E+00
25 98 21.244888 1.846E-10 1.540E+01 -5.429E+00
42 98 13.591563 9.785E-11 1.653E+01 -5.358E+00
64 98 9.434267 4.386E-11 1.610E+01 -5.287E+00
56 98 9.434907 1.869E-08 1.488E+01 -7.771E+00
90 98 6.927536 4.872E-11 1.739E+01 -5.376E+00
78 98 6.928137 5.608E-14 -1.605E+00 -5.279E+00
37 98 13.592426 4.517E-10 1.241E+01 -6.349E+00
39 98 13.592244 5.637E-10 1.240E+01 -6.348E+00
55 98 9.434997 5.995E-10 1.435E+01 -6.392E+00
59 98 9.434890 7.425E-10 1.430E+01 -6.392E+00
77 98 6.928193 9.443E-11 1.200E+01 -6.091E+00
81 98 6.928121 1.417E-10 1.229E+01 -6.127E+00
38 98 13.592245 4.612E-10 1.240E+01 -6.348E+00
58 98 9.434891 6.075E-10 1.430E+01 -6.392E+00
80 98 6.928122 1.159E-10 1.229E+01 -6.127E+00
84 98 6.928091 1.177E-15 -4.996E+00 -5.222E+00
57 98 9.434907 1.529E-08 1.488E+01 -7.771E+00
60 98 9.434837 3.428E-08 1.589E+01 -7.883E+00
79 98 6.928137 4.588E-14 -1.605E+00 -5.279E+00
83 98 6.928091 5.880E-14 -1.564E+00 -5.297E+00
61 98 9.434837 2.901E-08 1.589E+01 -7.883E+00
82 98 6.928091 4.975E-14 -1.564E+00 -5.297E+00
85 98 6.928091 9.960E-16 -4.996E+00 -5.222E+00
87 98 6.928059 1.888E-15 -4.522E+00 -5.311E+00
86 98 6.928059 1.636E-15 -4.522E+00 -5.311E+00
