j g(j) i g(i) wl A A^a A/A^a f
19 5.000 1 5.000 23.5214 9.204E+11 1.346E+14 6.840E-03 7.634E-02
20 3.000 1 5.000 23.5196 5.113E+11 1.341E+14 3.812E-03 2.544E-02
37 7.000 1 5.000 22.8666 4.789E+10 2.566E+12 1.866E-02 5.256E-03
1112 5.000 1 5.000 22.5768 3.766E+10 7.451E+14 5.054E-05 2.878E-03
501 7.000 1 5.000 22.7422 1.314E+10 4.152E+37 3.164E-28 1.426E-03
493 5.000 1 5.000 22.7507 1.788E+10 7.231E+11 2.473E-02 1.388E-03
41 3.000 1 5.000 22.8612 2.648E+10 2.738E+12 9.669E-03 1.245E-03
496 7.000 1 5.000 22.7443 1.048E+10 3.179E+25 3.298E-16 1.138E-03
38 5.000 1 5.000 22.8652 1.256E+10 2.527E+12 4.972E-03 9.846E-04
1113 3.000 1 5.000 22.5757 2.117E+10 5.282E+14 4.008E-05 9.706E-04
510 3.000 1 5.000 22.7313 1.274E+10 4.039E+13 3.154E-04 5.922E-04
42 5.000 1 5.000 22.8390 6.942E+09 6.922E+11 1.003E-02 5.428E-04
491 3.000 1 5.000 22.7509 1.057E+10 7.186E+11 1.471E-02 4.922E-04
520 5.000 1 5.000 22.6822 6.338E+09 1.429E+14 4.436E-05 4.890E-04
82 7.000 1 5.000 22.7987 3.549E+09 2.553E+11 1.390E-02 3.872E-04
580 5.000 1 5.000 22.6518 4.798E+09 9.666E+13 4.964E-05 3.690E-04
502 5.000 1 5.000 22.7413 4.248E+09 5.492E+34 7.735E-26 3.294E-04
1122 5.000 1 5.000 22.5323 3.918E+09 7.004E+13 5.594E-05 2.982E-04
85 7.000 1 5.000 22.7976 2.306E+09 2.181E+11 1.057E-02 2.516E-04
986 5.000 1 5.000 22.6259 2.862E+09 5.503E+13 5.201E-05 2.196E-04
692 5.000 1 5.000 22.6383 2.828E+09 5.984E+13 4.726E-05 2.174E-04
555 7.000 1 5.000 22.6691 1.941E+09 4.548E+11 4.268E-03 2.094E-04
836 5.000 1 5.000 22.6297 2.638E+09 3.324E+13 7.936E-05 2.026E-04
521 3.000 1 5.000 22.6817 3.917E+09 1.070E+14 3.661E-05 1.813E-04
152 7.000 1 5.000 22.7765 1.651E+09 9.931E+10 1.663E-02 1.798E-04
88 5.000 1 5.000 22.7968 2.072E+09 2.400E+11 8.632E-03 1.614E-04
154 5.000 1 5.000 22.7763 2.052E+09 8.880E+10 2.311E-02 1.596E-04
92 5.000 1 5.000 22.7950 2.038E+09 2.110E+11 9.660E-03 1.587E-04
596 3.000 1 5.000 22.6513 3.262E+09 7.142E+13 4.567E-05 1.505E-04
87 3.000 1 5.000 22.7970 3.031E+09 2.849E+11 1.064E-02 1.417E-04
43 3.000 1 5.000 22.8384 3.005E+09 6.998E+11 4.294E-03 1.410E-04
752 5.000 1 5.000 22.6356 1.776E+09 1.641E+13 1.083E-04 1.364E-04
558 5.000 1 5.000 22.6688 1.671E+09 5.699E+12 2.932E-04 1.287E-04
84 5.000 1 5.000 22.7979 1.652E+09 2.270E+11 7.278E-03 1.287E-04
652 5.000 1 5.000 22.6461 1.653E+09 8.420E+12 1.963E-04 1.271E-04
504 7.000 1 5.000 22.7383 1.011E+09 4.994E+12 2.024E-04 1.097E-04
1123 3.000 1 5.000 22.5321 2.347E+09 5.983E+13 3.924E-05 1.072E-04
86 3.000 1 5.000 22.7970 1.870E+09 2.219E+11 8.429E-03 8.742E-05
693 3.000 1 5.000 22.6379 1.883E+09 3.488E+13 5.398E-05 8.680E-05
232 7.000 1 5.000 22.7661 7.229E+08 4.224E+10 1.711E-02 7.864E-05
153 3.000 1 5.000 22.7763 1.665E+09 9.162E+10 1.818E-02 7.770E-05
1136 5.000 1 5.000 22.5120 1.017E+09 1.410E+13 7.213E-05 7.730E-05
824 5.000 1 5.000 22.6311 9.734E+08 2.408E+13 4.042E-05 7.474E-05
987 3.000 1 5.000 22.6255 1.617E+09 3.737E+13 4.327E-05 7.446E-05
40 3.000 1 5.000 22.8643 1.551E+09 2.543E+12 6.100E-04 7.294E-05
554 3.000 1 5.000 22.6694 1.529E+09 1.810E+12 8.451E-04 7.070E-05
497 5.000 1 5.000 22.7441 9.020E+08 5.476E+37 1.647E-29 6.996E-05
233 5.000 1 5.000 22.7660 8.954E+08 3.532E+10 2.535E-02 6.958E-05
649 7.000 1 5.000 22.6467 6.383E+08 1.452E+11 4.394E-03 6.872E-05
830 3.000 1 5.000 22.6298 1.460E+09 3.924E+13 3.721E-05 6.728E-05
557 5.000 1 5.000 22.6689 8.588E+08 5.576E+12 1.540E-04 6.616E-05
234 3.000 1 5.000 22.7660 7.887E+08 4.196E+10 1.880E-02 3.676E-05
312 7.000 1 5.000 22.7602 3.333E+08 2.101E+10 1.586E-02 3.624E-05
90 5.000 1 5.000 22.7965 4.326E+08 1.430E+11 3.024E-03 3.370E-05
156 7.000 1 5.000 22.7750 2.994E+08 5.913E+10 5.064E-03 3.260E-05
648 3.000 1 5.000 22.6468 7.057E+08 1.000E+12 7.055E-04 3.256E-05
508 7.000 1 5.000 22.7341 2.871E+08 1.445E+13 1.987E-05 3.116E-05
1154 5.000 1 5.000 22.5021 3.902E+08 4.087E+12 9.546E-05 2.962E-05
157 5.000 1 5.000 22.7747 3.784E+08 6.009E+10 6.298E-03 2.942E-05
702 7.000 1 5.000 22.6363 2.651E+08 6.189E+10 4.284E-03 2.852E-05
568 7.000 1 5.000 22.6655 2.623E+08 6.501E+11 4.035E-04 2.828E-05
83 3.000 1 5.000 22.7987 5.970E+08 1.063E+11 5.617E-03 2.792E-05
1137 3.000 1 5.000 22.5119 6.103E+08 1.410E+13 4.328E-05 2.782E-05
311 5.000 1 5.000 22.7602 3.572E+08 1.438E+10 2.483E-02 2.774E-05
565 3.000 1 5.000 22.6656 5.710E+08 6.534E+12 8.739E-05 2.638E-05
494 3.000 1 5.000 22.7478 5.250E+08 7.521E+11 6.981E-04 2.444E-05
503 3.000 1 5.000 22.7408 4.940E+08 3.173E+13 1.557E-05 2.298E-05
155 3.000 1 5.000 22.7750 4.890E+08 4.371E+10 1.119E-02 2.282E-05
703 3.000 1 5.000 22.6363 4.867E+08 9.361E+11 5.199E-04 2.242E-05
569 7.000 1 5.000 22.6651 1.929E+08 1.376E+12 1.401E-04 2.080E-05
825 3.000 1 5.000 22.6309 4.503E+08 5.691E+12 7.913E-05 2.074E-05
701 3.000 1 5.000 22.6366 4.493E+08 2.617E+13 1.717E-05 2.072E-05
94 3.000 1 5.000 22.7940 3.993E+08 2.440E+11 1.636E-03 1.866E-05
663 7.000 1 5.000 22.6431 1.569E+08 2.168E+11 7.234E-04 1.688E-05
314 3.000 1 5.000 22.7602 3.483E+08 2.105E+10 1.655E-02 1.623E-05
1176 5.000 1 5.000 22.4965 1.714E+08 1.361E+12 1.259E-04 1.301E-05
827 7.000 1 5.000 22.6304 1.184E+08 3.548E+10 3.337E-03 1.273E-05
757 5.000 1 5.000 22.6354 1.640E+08 1.136E+12 1.444E-04 1.260E-05
559 3.000 1 5.000 22.6673 2.623E+08 4.917E+12 5.334E-05 1.212E-05
589 5.000 1 5.000 22.6516 1.492E+08 2.894E+12 5.156E-05 1.148E-05
33 7.000 1 5.000 22.8760 1.012E+08 1.964E+12 5.155E-05 1.112E-05
1155 3.000 1 5.000 22.5020 2.345E+08 5.968E+12 3.930E-05 1.068E-05
248 7.000 1 5.000 22.7643 9.669E+07 2.357E+10 4.101E-03 1.052E-05
572 5.000 1 5.000 22.6645 1.184E+08 9.368E+12 1.264E-05 9.118E-06
249 5.000 1 5.000 22.7642 1.170E+08 2.736E+10 4.277E-03 9.092E-06
528 3.000 1 5.000 22.6798 1.756E+08 1.910E+13 9.193E-06 8.128E-06
563 7.000 1 5.000 22.6662 7.477E+07 6.283E+11 1.190E-04 8.062E-06
601 3.000 1 5.000 22.6493 1.688E+08 1.693E+13 9.968E-06 7.788E-06
790 7.000 1 5.000 22.6326 6.733E+07 8.443E+10 7.974E-04 7.238E-06
665 5.000 1 5.000 22.6429 9.168E+07 6.428E+11 1.426E-04 7.046E-06
511 5.000 1 5.000 22.7287 7.152E+07 1.967E+14 3.636E-07 5.538E-06
247 3.000 1 5.000 22.7644 1.131E+08 1.593E+10 7.098E-03 5.272E-06
650 5.000 1 5.000 22.6467 6.652E+07 2.304E+12 2.887E-05 5.114E-06
309 5.000 1 5.000 22.7602 6.460E+07 8.188E+09 7.890E-03 5.018E-06
231 5.000 1 5.000 22.7662 6.122E+07 1.625E+10 3.767E-03 4.758E-06
1177 3.000 1 5.000 22.4964 1.034E+08 3.273E+12 3.158E-05 4.706E-06
566 5.000 1 5.000 22.6656 6.012E+07 4.687E+12 1.283E-05 4.630E-06
848 5.000 1 5.000 22.6291 5.948E+07 6.649E+10 8.945E-04 4.568E-06
791 5.000 1 5.000 22.6326 5.858E+07 2.172E+11 2.697E-04 4.498E-06
828 3.000 1 5.000 22.6304 9.547E+07 3.598E+11 2.653E-04 4.398E-06
364 7.000 1 5.000 22.7584 3.993E+07 1.094E+10 3.651E-03 4.340E-06
985 5.000 1 5.000 22.6268 5.628E+07 1.838E+11 3.062E-04 4.320E-06
564 5.000 1 5.000 22.6660 5.084E+07 3.580E+12 1.420E-05 3.916E-06
151 5.000 1 5.000 22.7768 4.588E+07 3.394E+10 1.352E-03 3.568E-06
998 3.000 1 5.000 22.6250 7.537E+07 2.120E+11 3.556E-04 3.470E-06
995 5.000 1 5.000 22.6250 4.416E+07 5.269E+10 8.380E-04 3.390E-06
365 5.000 1 5.000 22.7584 4.304E+07 1.688E+10 2.550E-03 3.342E-06
984 7.000 1 5.000 22.6268 3.016E+07 3.670E+10 8.218E-04 3.240E-06
79 7.000 1 5.000 22.8002 1.899E+07 8.759E+10 2.167E-04 2.072E-06
704 5.000 1 5.000 22.6362 2.546E+07 1.406E+12 1.811E-05 1.955E-06
1070 5.000 1 5.000 22.6244 2.504E+07 1.531E+10 1.636E-03 1.921E-06
363 3.000 1 5.000 22.7584 3.977E+07 9.069E+09 4.385E-03 1.853E-06
709 3.000 1 5.000 22.6361 3.997E+07 1.385E+11 2.885E-04 1.843E-06
505 5.000 1 5.000 22.7372 2.066E+07 4.768E+12 4.333E-06 1.601E-06
658 3.000 1 5.000 22.6436 3.407E+07 1.113E+12 3.061E-05 1.571E-06
80 5.000 1 5.000 22.7997 1.806E+07 8.902E+10 2.028E-04 1.407E-06
973 3.000 1 5.000 22.6277 3.012E+07 2.671E+12 1.128E-05 1.387E-06
989 3.000 1 5.000 22.6250 3.003E+07 1.235E+11 2.431E-04 1.383E-06
29 7.000 1 5.000 22.8847 1.158E+07 8.344E+11 1.388E-05 1.273E-06
843 3.000 1 5.000 22.6292 2.706E+07 8.051E+10 3.362E-04 1.247E-06
162 5.000 1 5.000 22.7737 1.436E+07 5.826E+10 2.466E-04 1.117E-06
588 3.000 1 5.000 22.6516 2.412E+07 2.991E+11 8.065E-05 1.113E-06
34 5.000 1 5.000 22.8752 1.336E+07 1.940E+12 6.886E-06 1.048E-06
906 5.000 1 5.000 22.6285 1.353E+07 1.059E+10 1.278E-03 1.039E-06
506 3.000 1 5.000 22.7344 2.119E+07 1.448E+14 1.463E-07 9.852E-07
570 5.000 1 5.000 22.6651 1.263E+07 2.820E+13 4.479E-07 9.728E-07
847 3.000 1 5.000 22.6291 1.945E+07 2.834E+10 6.864E-04 8.960E-07
158 5.000 1 5.000 22.7746 1.139E+07 8.197E+10 1.390E-04 8.860E-07
149 7.000 1 5.000 22.7770 8.111E+06 3.031E+10 2.676E-04 8.834E-07
687 5.000 1 5.000 22.6390 1.140E+07 8.078E+10 1.411E-04 8.758E-07
662 5.000 1 5.000 22.6431 1.132E+07 2.271E+12 4.987E-06 8.706E-07
829 5.000 1 5.000 22.6304 1.094E+07 9.844E+11 1.112E-05 8.404E-07
653 3.000 1 5.000 22.6447 1.724E+07 2.606E+12 6.617E-06 7.952E-07
31 3.000 1 5.000 22.8832 1.661E+07 8.206E+11 2.024E-05 7.824E-07
1125 3.000 1 5.000 22.5292 1.634E+07 2.522E+14 6.480E-08 7.461E-07
714 3.000 1 5.000 22.6360 1.592E+07 3.989E+10 3.991E-04 7.338E-07
981 3.000 1 5.000 22.6273 1.378E+07 7.871E+11 1.751E-05 6.348E-07
660 7.000 1 5.000 22.6435 5.759E+06 4.241E+11 1.358E-05 6.198E-07
789 5.000 1 5.000 22.6326 8.066E+06 2.711E+11 2.975E-05 6.194E-07
661 5.000 1 5.000 22.6434 8.034E+06 1.126E+13 7.137E-07 6.176E-07
777 3.000 1 5.000 22.6339 1.120E+07 2.593E+12 4.318E-06 5.160E-07
712 5.000 1 5.000 22.6361 6.426E+06 4.324E+10 1.486E-04 4.936E-07
1108 3.000 1 5.000 22.6140 8.807E+06 1.567E+14 5.619E-08 4.052E-07
1115 3.000 1 5.000 22.5544 8.314E+06 8.932E+14 9.307E-09 3.804E-07
983 5.000 1 5.000 22.6268 4.932E+06 7.422E+10 6.645E-05 3.786E-07
571 3.000 1 5.000 22.6650 7.807E+06 8.939E+12 8.734E-07 3.608E-07
229 7.000 1 5.000 22.7662 3.313E+06 1.281E+10 2.586E-04 3.604E-07
91 3.000 1 5.000 22.7959 7.583E+06 2.925E+11 2.593E-05 3.546E-07
164 3.000 1 5.000 22.7733 7.283E+06 1.015E+11 7.174E-05 3.398E-07
982 3.000 1 5.000 22.6269 7.210E+06 1.191E+12 6.056E-06 3.320E-07
1067 3.000 1 5.000 22.6244 7.197E+06 1.041E+10 6.911E-04 3.314E-07
367 5.000 1 5.000 22.7583 4.154E+06 2.369E+10 1.753E-04 3.226E-07
656 7.000 1 5.000 22.6437 2.536E+06 1.978E+11 1.282E-05 2.728E-07
657 5.000 1 5.000 22.6437 3.526E+06 1.306E+12 2.700E-06 2.710E-07
1139 3.000 1 5.000 22.5113 5.937E+06 5.296E+13 1.121E-07 2.706E-07
606 3.000 1 5.000 22.6489 4.970E+06 1.201E+10 4.139E-04 2.292E-07
788 3.000 1 5.000 22.6327 4.617E+06 1.617E+12 2.855E-06 2.126E-07
245 7.000 1 5.000 22.7659 1.810E+06 5.017E+08 3.608E-03 1.968E-07
22 3.000 1 5.000 23.4230 3.448E+06 1.220E+14 2.826E-08 1.702E-07
612 3.000 1 5.000 22.6488 3.224E+06 6.519E+10 4.946E-05 1.488E-07
307 7.000 1 5.000 22.7603 1.320E+06 9.160E+09 1.441E-04 1.435E-07
905 3.000 1 5.000 22.6285 3.098E+06 1.650E+10 1.877E-04 1.427E-07
975 3.000 1 5.000 22.6274 2.758E+06 2.027E+11 1.361E-05 1.270E-07
756 3.000 1 5.000 22.6354 2.701E+06 2.856E+10 9.457E-05 1.245E-07
251 5.000 1 5.000 22.7642 1.564E+06 3.910E+10 4.001E-05 1.215E-07
611 5.000 1 5.000 22.6488 1.465E+06 6.397E+09 2.290E-04 1.127E-07
1157 3.000 1 5.000 22.5018 2.421E+06 1.550E+13 1.562E-07 1.102E-07
779 3.000 1 5.000 22.6333 2.298E+06 3.464E+11 6.634E-06 1.059E-07
781 5.000 1 5.000 22.6332 1.237E+06 9.491E+11 1.303E-06 9.498E-08
255 5.000 1 5.000 22.7631 1.193E+06 2.166E+10 5.508E-05 9.270E-08
159 3.000 1 5.000 22.7746 1.984E+06 9.550E+10 2.077E-05 9.256E-08
821 5.000 1 5.000 22.6321 9.796E+05 1.336E+10 7.334E-05 7.522E-08
655 3.000 1 5.000 22.6438 1.375E+06 4.174E+11 3.294E-06 6.342E-08
252 3.000 1 5.000 22.7642 1.277E+06 4.800E+10 2.660E-05 5.952E-08
664 3.000 1 5.000 22.6431 1.288E+06 3.421E+12 3.766E-07 5.942E-08
368 3.000 1 5.000 22.7583 1.223E+06 2.345E+10 5.213E-05 5.696E-08
977 5.000 1 5.000 22.6274 7.236E+05 8.347E+11 8.669E-07 5.556E-08
161 3.000 1 5.000 22.7737 1.150E+06 7.328E+10 1.569E-05 5.364E-08
147 7.000 1 5.000 22.7787 4.773E+05 5.034E+05 9.482E-01 5.198E-08
30 5.000 1 5.000 22.8839 6.356E+05 8.291E+11 7.666E-07 4.990E-08
1179 3.000 1 5.000 22.4963 1.072E+06 5.720E+12 1.875E-07 4.882E-08
784 7.000 1 5.000 22.6331 3.591E+05 1.744E+11 2.060E-06 3.862E-08
968 5.000 1 5.000 22.6280 4.922E+05 4.877E+08 1.009E-03 3.778E-08
688 3.000 1 5.000 22.6390 8.063E+05 1.405E+09 5.738E-04 3.718E-08
224 7.000 1 5.000 22.7670 3.326E+05 3.722E+05 8.935E-01 3.618E-08
640 7.000 1 5.000 22.6480 3.101E+05 1.266E+10 2.450E-05 3.340E-08
138 7.000 1 5.000 22.7797 3.029E+05 3.500E+05 8.653E-01 3.298E-08
343 7.000 1 5.000 22.7600 2.830E+05 1.096E+08 2.582E-03 3.076E-08
507 5.000 1 5.000 22.7343 3.806E+05 2.514E+14 1.514E-09 2.950E-08
256 3.000 1 5.000 22.7630 6.087E+05 4.660E+10 1.306E-05 2.838E-08
238 7.000 1 5.000 22.7659 2.489E+05 2.657E+07 9.367E-03 2.706E-08
620 7.000 1 5.000 22.6486 2.039E+05 4.736E+09 4.304E-05 2.194E-08
785 5.000 1 5.000 22.6331 2.678E+05 5.303E+12 5.050E-08 2.056E-08
239 5.000 1 5.000 22.7659 2.474E+05 8.419E+06 2.939E-02 1.922E-08
617 7.000 1 5.000 22.6486 1.750E+05 5.705E+09 3.067E-05 1.885E-08
636 3.000 1 5.000 22.6481 3.647E+05 9.863E+09 3.697E-05 1.682E-08
562 3.000 1 5.000 22.6662 3.018E+05 9.433E+11 3.200E-07 1.395E-08
253 3.000 1 5.000 22.7632 2.545E+05 3.187E+10 7.986E-06 1.186E-08
967 3.000 1 5.000 22.6280 2.289E+05 1.326E+09 1.726E-04 1.054E-08
338 5.000 1 5.000 22.7601 1.337E+05 7.950E+06 1.682E-02 1.038E-08
780 7.000 1 5.000 22.6332 9.287E+04 8.829E+10 1.052E-06 9.986E-09
429 5.000 1 5.000 22.7572 1.275E+05 1.109E+10 1.149E-05 9.900E-09
585 7.000 1 5.000 22.6517 8.806E+04 4.707E+09 1.871E-05 9.484E-09
727 7.000 1 5.000 22.6360 7.683E+04 4.635E+09 1.657E-05 8.262E-09
108 7.000 1 5.000 22.7818 7.160E+04 9.005E+04 7.951E-01 7.800E-09
39 5.000 1 5.000 22.8643 8.521E+04 1.168E+12 7.297E-08 6.678E-09
220 5.000 1 5.000 22.7670 8.556E+04 1.662E+05 5.147E-01 6.648E-09
135 5.000 1 5.000 22.7798 7.680E+04 2.245E+05 3.421E-01 5.974E-09
584 5.000 1 5.000 22.6517 6.952E+04 4.693E+09 1.481E-05 5.348E-09
134 7.000 1 5.000 22.7798 4.846E+04 6.919E+04 7.003E-01 5.278E-09
678 7.000 1 5.000 22.6390 4.866E+04 3.504E+09 1.388E-05 5.234E-09
1037 7.000 1 5.000 22.6249 4.703E+04 1.744E+09 2.697E-05 5.052E-09
940 7.000 1 5.000 22.6280 4.573E+04 1.559E+09 2.932E-05 4.916E-09
978 7.000 1 5.000 22.6274 4.466E+04 7.454E+10 5.991E-07 4.800E-09
872 7.000 1 5.000 22.6291 4.083E+04 2.573E+09 1.587E-05 4.388E-09
173 7.000 1 5.000 22.7689 3.984E+04 5.723E+04 6.962E-01 4.336E-09
782 3.000 1 5.000 22.6332 9.323E+04 6.747E+11 1.382E-07 4.296E-09
219 7.000 1 5.000 22.7670 3.596E+04 5.569E+04 6.456E-01 3.912E-09
430 3.000 1 5.000 22.7572 8.000E+04 3.474E+10 2.303E-06 3.728E-09
113 5.000 1 5.000 22.7817 3.996E+04 1.161E+05 3.443E-01 3.110E-09
112 7.000 1 5.000 22.7817 2.827E+04 3.574E+04 7.911E-01 3.080E-09
820 3.000 1 5.000 22.6321 5.623E+04 1.391E+09 4.043E-05 2.592E-09
475 7.000 1 5.000 22.7547 2.377E+04 3.660E+04 6.496E-01 2.584E-09
736 5.000 1 5.000 22.6359 2.934E+04 3.347E+09 8.767E-06 2.254E-09
641 5.000 1 5.000 22.6480 2.886E+04 1.175E+10 2.456E-06 2.220E-09
873 5.000 1 5.000 22.6291 2.738E+04 2.176E+09 1.259E-05 2.102E-09
466 7.000 1 5.000 22.7559 1.897E+04 4.001E+04 4.742E-01 2.062E-09
317 3.000 1 5.000 22.7601 4.303E+04 4.942E+04 8.708E-01 2.004E-09
117 5.000 1 5.000 22.7816 2.540E+04 7.799E+04 3.257E-01 1.976E-09
182 5.000 1 5.000 22.7689 2.454E+04 5.770E+04 4.253E-01 1.908E-09
265 7.000 1 5.000 22.7620 1.737E+04 3.081E+04 5.639E-01 1.889E-09
616 5.000 1 5.000 22.6486 2.420E+04 5.454E+09 4.437E-06 1.861E-09
1038 5.000 1 5.000 22.6249 2.364E+04 1.377E+09 1.717E-05 1.814E-09
179 7.000 1 5.000 22.7689 1.510E+04 2.209E+04 6.836E-01 1.644E-09
353 7.000 1 5.000 22.7589 1.476E+04 3.277E+04 4.503E-01 1.605E-09
144 5.000 1 5.000 22.7787 1.960E+04 9.859E+04 1.988E-01 1.524E-09
769 5.000 1 5.000 22.6353 1.801E+04 8.294E+09 2.171E-06 1.383E-09
21 1.000 1 5.000 23.5187 8.093E+04 1.343E+14 6.025E-10 1.342E-09
1096 7.000 1 5.000 22.6243 1.209E+04 4.262E+09 2.838E-06 1.299E-09
621 5.000 1 5.000 22.6486 1.688E+04 4.721E+09 3.575E-06 1.298E-09
635 5.000 1 5.000 22.6481 1.668E+04 1.155E+10 1.445E-06 1.283E-09
195 5.000 1 5.000 22.7689 1.451E+04 3.344E+04 4.340E-01 1.128E-09
130 5.000 1 5.000 22.7799 1.387E+04 4.874E+04 2.845E-01 1.079E-09
281 5.000 1 5.000 22.7619 1.203E+04 2.205E+04 5.455E-01 9.342E-10
145 7.000 1 5.000 22.7787 8.431E+03 5.296E+04 1.592E-01 9.184E-10
32 9.000 1 5.000 22.8772 6.302E+03 1.979E+12 3.185E-09 8.902E-10
925 7.000 1 5.000 22.6285 7.326E+03 6.154E+09 1.190E-06 7.874E-10
208 5.000 1 5.000 22.7671 9.722E+03 2.948E+04 3.298E-01 7.556E-10
460 7.000 1 5.000 22.7559 6.951E+03 1.737E+04 4.003E-01 7.556E-10
869 7.000 1 5.000 22.6291 6.914E+03 2.928E+09 2.361E-06 7.432E-10
731 7.000 1 5.000 22.6360 6.083E+03 3.826E+09 1.590E-06 6.542E-10
59 9.000 1 5.000 22.8094 4.274E+03 2.164E+08 1.976E-05 6.002E-10
279 7.000 1 5.000 22.7619 5.361E+03 1.081E+04 4.962E-01 5.830E-10
55 7.000 1 5.000 22.8099 5.019E+03 2.745E+10 1.828E-07 5.480E-10
299 5.000 1 5.000 22.7619 6.838E+03 1.130E+04 6.052E-01 5.312E-10
730 7.000 1 5.000 22.6360 4.439E+03 4.688E+09 9.468E-07 4.774E-10
374 7.000 1 5.000 22.7578 4.110E+03 1.429E+04 2.876E-01 4.468E-10
1035 7.000 1 5.000 22.6249 4.144E+03 1.990E+09 2.082E-06 4.452E-10
111 9.000 1 5.000 22.7817 2.681E+03 1.278E+08 2.098E-05 3.756E-10
939 5.000 1 5.000 22.6280 4.838E+03 1.544E+09 3.133E-06 3.714E-10
58 5.000 1 5.000 22.8096 4.394E+03 4.268E+10 1.029E-07 3.428E-10
110 7.000 1 5.000 22.7817 2.911E+03 2.404E+09 1.211E-06 3.172E-10
394 5.000 1 5.000 22.7578 4.044E+03 1.433E+04 2.822E-01 3.140E-10
120 3.000 1 5.000 22.7816 6.360E+03 1.409E+05 4.515E-02 2.968E-10
435 5.000 1 5.000 22.7559 3.714E+03 9.727E+03 3.818E-01 2.882E-10
116 3.000 1 5.000 22.7816 6.020E+03 1.063E+05 5.665E-02 2.810E-10
529 9.000 1 5.000 22.6795 1.959E+03 1.636E+11 1.198E-08 2.718E-10
1097 5.000 1 5.000 22.6243 3.250E+03 3.801E+09 8.550E-07 2.494E-10
524 7.000 1 5.000 22.6801 2.236E+03 8.525E+11 2.623E-09 2.414E-10
1019 5.000 1 5.000 22.6249 3.030E+03 1.786E+09 1.696E-06 2.326E-10
183 9.000 1 5.000 22.7689 1.573E+03 7.517E+07 2.093E-05 2.200E-10
461 5.000 1 5.000 22.7559 2.776E+03 2.347E+04 1.183E-01 2.154E-10
118 5.000 1 5.000 22.7816 2.638E+03 1.939E+09 1.360E-06 2.052E-10
926 5.000 1 5.000 22.6285 2.614E+03 5.516E+09 4.739E-07 2.006E-10
188 7.000 1 5.000 22.7689 1.667E+03 2.637E+08 6.322E-06 1.813E-10
579 9.000 1 5.000 22.6518 1.263E+03 5.776E+10 2.187E-08 1.749E-10
768 7.000 1 5.000 22.6353 1.623E+03 9.246E+09 1.755E-07 1.746E-10
194 3.000 1 5.000 22.7689 3.680E+03 3.855E+04 9.547E-02 1.717E-10
197 3.000 1 5.000 22.7688 3.600E+03 4.249E+04 8.474E-02 1.679E-10
207 3.000 1 5.000 22.7671 3.510E+03 2.344E+04 1.497E-01 1.637E-10
866 7.000 1 5.000 22.6291 1.487E+03 2.552E+09 5.827E-07 1.599E-10
525 5.000 1 5.000 22.6800 2.046E+03 4.189E+11 4.884E-09 1.579E-10
129 3.000 1 5.000 22.7799 3.333E+03 5.372E+04 6.206E-02 1.556E-10
62 9.000 1 5.000 22.8081 1.068E+03 2.426E+08 4.402E-06 1.499E-10
1020 7.000 1 5.000 22.6249 1.332E+03 1.653E+09 8.059E-07 1.431E-10
60 3.000 1 5.000 22.8091 3.054E+03 4.070E+10 7.505E-08 1.429E-10
267 9.000 1 5.000 22.7620 9.563E+02 4.662E+07 2.051E-05 1.337E-10
576 7.000 1 5.000 22.6520 1.196E+03 3.947E+11 3.029E-09 1.288E-10
979 5.000 1 5.000 22.6273 1.672E+03 3.493E+12 4.787E-10 1.283E-10
198 5.000 1 5.000 22.7688 1.554E+03 1.117E+08 1.391E-05 1.208E-10
270 7.000 1 5.000 22.7620 1.003E+03 3.755E+07 2.670E-05 1.090E-10
539 9.000 1 5.000 22.6764 7.452E+02 3.284E+11 2.269E-09 1.034E-10
671 9.000 1 5.000 22.6391 7.338E+02 2.804E+10 2.617E-08 1.015E-10
428 3.000 1 5.000 22.7572 1.976E+03 2.075E+10 9.527E-08 9.209E-11
298 3.000 1 5.000 22.7619 1.898E+03 2.031E+04 9.345E-02 8.846E-11
123 3.000 1 5.000 22.7814 1.876E+03 1.636E+10 1.147E-07 8.760E-11
577 5.000 1 5.000 22.6520 1.117E+03 2.652E+11 4.213E-09 8.596E-11
421 9.000 1 5.000 22.7577 6.073E+02 3.042E+07 1.996E-05 8.490E-11
81 9.000 1 5.000 22.7995 5.893E+02 1.844E+11 3.197E-09 8.266E-11
798 7.000 1 5.000 22.6321 7.613E+02 1.714E+09 4.442E-07 8.184E-11
301 3.000 1 5.000 22.7619 1.751E+03 1.771E+06 9.889E-04 8.162E-11
976 7.000 1 5.000 22.6274 7.169E+02 5.765E+10 1.244E-08 7.704E-11
302 5.000 1 5.000 22.7619 9.694E+02 6.005E+07 1.614E-05 7.530E-11
64 1.000 1 5.000 22.8078 4.585E+03 1.470E+10 3.119E-07 7.152E-11
422 7.000 1 5.000 22.7577 6.357E+02 2.465E+07 2.579E-05 6.910E-11
668 7.000 1 5.000 22.6391 6.361E+02 2.423E+11 2.625E-09 6.842E-11
199 3.000 1 5.000 22.7687 1.411E+03 5.543E+08 2.546E-06 6.582E-11
127 9.000 1 5.000 22.7802 4.670E+02 1.259E+08 3.708E-06 6.540E-11
68 3.000 1 5.000 22.8072 1.362E+03 1.476E+10 9.226E-08 6.372E-11
677 5.000 1 5.000 22.6390 8.068E+02 3.506E+09 2.301E-07 6.198E-11
794 9.000 1 5.000 22.6322 4.420E+02 1.620E+10 2.728E-08 6.110E-11
673 7.000 1 5.000 22.6390 4.716E+02 2.579E+09 1.829E-07 5.074E-11
424 5.000 1 5.000 22.7577 6.394E+02 2.164E+07 2.955E-05 4.966E-11
509 1.000 1 5.000 22.7329 3.107E+03 7.370E+13 4.216E-11 4.814E-11
527 3.000 1 5.000 22.6799 1.031E+03 4.962E+11 2.078E-09 4.772E-11
669 5.000 1 5.000 22.6391 6.092E+02 1.393E+11 4.374E-09 4.682E-11
303 3.000 1 5.000 22.7618 9.597E+02 3.116E+07 3.080E-05 4.474E-11
66 7.000 1 5.000 22.8074 3.974E+02 1.389E+09 2.862E-07 4.340E-11
473 5.000 1 5.000 22.7547 5.430E+02 2.577E+04 2.107E-02 4.216E-11
1114 1.000 1 5.000 22.5751 2.534E+03 4.528E+14 5.596E-12 3.872E-11
951 9.000 1 5.000 22.6280 2.799E+02 9.579E+09 2.922E-08 3.868E-11
792 7.000 1 5.000 22.6322 3.536E+02 1.492E+11 2.369E-09 3.802E-11
472 7.000 1 5.000 22.7547 3.443E+02 1.897E+04 1.815E-02 3.742E-11
578 3.000 1 5.000 22.6519 7.417E+02 1.880E+11 3.946E-09 3.424E-11
583 7.000 1 5.000 22.6517 3.161E+02 3.582E+09 8.825E-08 3.404E-11
533 3.000 1 5.000 22.6783 6.867E+02 6.391E+11 1.074E-09 3.176E-11
206 9.000 1 5.000 22.7672 2.258E+02 6.668E+07 3.386E-06 3.158E-11
425 3.000 1 5.000 22.7577 6.750E+02 2.116E+07 3.189E-05 3.146E-11
492 1.000 1 5.000 22.7508 1.913E+03 6.946E+11 2.754E-09 2.968E-11
122 1.000 1 5.000 22.7815 1.855E+03 6.086E+09 3.048E-07 2.886E-11
619 7.000 1 5.000 22.6486 2.634E+02 6.820E+09 3.863E-08 2.838E-11
530 7.000 1 5.000 22.6793 2.580E+02 3.911E+11 6.596E-10 2.786E-11
623 9.000 1 5.000 22.6486 1.968E+02 1.320E+11 1.491E-09 2.724E-11
793 5.000 1 5.000 22.6322 3.488E+02 8.193E+10 4.257E-09 2.678E-11
150 9.000 1 5.000 22.7768 1.904E+02 5.948E+10 3.202E-09 2.666E-11
543 3.000 1 5.000 22.6760 5.630E+02 8.222E+11 6.848E-10 2.604E-11
633 9.000 1 5.000 22.6481 1.838E+02 2.686E+11 6.842E-10 2.544E-11
126 3.000 1 5.000 22.7802 5.367E+02 4.990E+08 1.075E-06 2.506E-11
746 7.000 1 5.000 22.6359 2.316E+02 5.653E+09 4.097E-08 2.490E-11
200 1.000 1 5.000 22.7687 1.580E+03 5.001E+07 3.159E-05 2.456E-11
72 5.000 1 5.000 22.8061 3.125E+02 7.976E+10 3.918E-09 2.438E-11
420 3.000 1 5.000 22.7577 5.137E+02 1.459E+06 3.522E-04 2.394E-11
417 3.000 1 5.000 22.7577 5.140E+02 1.359E+05 3.782E-03 2.394E-11
670 3.000 1 5.000 22.6391 4.743E+02 9.529E+10 4.978E-09 2.188E-11
136 7.000 1 5.000 22.7798 2.006E+02 9.679E+07 2.072E-06 2.184E-11
551 7.000 1 5.000 22.6749 2.009E+02 4.766E+11 4.214E-10 2.166E-11
131 5.000 1 5.000 22.7799 2.742E+02 2.107E+08 1.301E-06 2.132E-11
125 1.000 1 5.000 22.7803 1.365E+03 4.739E+09 2.880E-07 2.124E-11
644 7.000 1 5.000 22.6479 1.924E+02 2.443E+11 7.876E-10 2.072E-11
594 3.000 1 5.000 22.6514 4.457E+02 2.402E+11 1.855E-09 2.056E-11
53 5.000 1 5.000 22.8105 2.486E+02 1.390E+09 1.788E-07 1.939E-11
548 5.000 1 5.000 22.6752 2.470E+02 5.812E+11 4.250E-10 1.905E-11
54 3.000 1 5.000 22.8101 4.067E+02 2.019E+09 2.015E-07 1.904E-11
935 7.000 1 5.000 22.6280 1.769E+02 9.416E+10 1.878E-09 1.901E-11
105 3.000 1 5.000 22.7818 4.060E+02 3.633E+09 1.117E-07 1.896E-11
865 5.000 1 5.000 22.6291 2.308E+02 2.658E+09 8.683E-08 1.773E-11
544 1.000 1 5.000 22.6759 1.124E+03 2.192E+12 5.127E-10 1.733E-11
315 9.000 1 5.000 22.7602 1.237E+02 3.979E+07 3.108E-06 1.729E-11
304 1.000 1 5.000 22.7618 1.090E+03 3.322E+07 3.281E-05 1.693E-11
581 7.000 1 5.000 22.6518 1.509E+02 2.403E+11 6.278E-10 1.625E-11
531 5.000 1 5.000 22.6790 2.040E+02 6.105E+11 3.342E-10 1.573E-11
532 1.000 1 5.000 22.6783 9.775E+02 5.616E+11 1.741E-09 1.507E-11
936 5.000 1 5.000 22.6280 1.957E+02 5.179E+10 3.778E-09 1.502E-11
350 7.000 1 5.000 22.7589 1.378E+02 2.556E+04 5.393E-03 1.499E-11
774 7.000 1 5.000 22.6353 1.354E+02 1.353E+11 1.001E-09 1.456E-11
795 3.000 1 5.000 22.6322 3.105E+02 4.913E+10 6.320E-09 1.430E-11
902 9.000 1 5.000 22.6286 1.032E+02 5.629E+10 1.834E-09 1.427E-11
590 5.000 1 5.000 22.6516 1.814E+02 2.530E+11 7.172E-10 1.396E-11
35 3.000 1 5.000 22.8746 2.913E+02 1.941E+12 1.501E-10 1.371E-11
209 5.000 1 5.000 22.7671 1.742E+02 3.735E+07 4.664E-06 1.354E-11
65 5.000 1 5.000 22.8075 1.702E+02 4.457E+09 3.819E-08 1.327E-11
225 7.000 1 5.000 22.7670 1.206E+02 5.456E+07 2.210E-06 1.312E-11
639 5.000 1 5.000 22.6480 1.694E+02 5.991E+11 2.828E-10 1.303E-11
103 5.000 1 5.000 22.7820 1.670E+02 1.056E+08 1.582E-06 1.299E-11
101 9.000 1 5.000 22.7823 8.901E+01 5.808E+07 1.533E-06 1.247E-11
550 9.000 1 5.000 22.6751 8.923E+01 5.398E+11 1.653E-10 1.238E-11
128 7.000 1 5.000 22.7799 1.134E+02 6.752E+08 1.679E-07 1.235E-11
418 5.000 1 5.000 22.7577 1.581E+02 1.858E+04 8.513E-03 1.228E-11
691 3.000 1 5.000 22.6388 2.639E+02 4.535E+10 5.821E-09 1.217E-11
51 9.000 1 5.000 22.8109 8.577E+01 6.600E+07 1.300E-06 1.204E-11
426 1.000 1 5.000 22.7576 7.687E+02 2.226E+07 3.453E-05 1.194E-11
69 3.000 1 5.000 22.8067 2.508E+02 1.497E+10 1.676E-08 1.174E-11
689 1.000 1 5.000 22.6389 7.498E+02 1.155E+11 6.491E-09 1.152E-11
920 7.000 1 5.000 22.6285 1.063E+02 7.820E+10 1.360E-09 1.143E-11
726 5.000 1 5.000 22.6360 1.453E+02 4.715E+09 3.081E-08 1.116E-11
934 7.000 1 5.000 22.6280 1.025E+02 1.283E+09 7.984E-08 1.101E-11
230 9.000 1 5.000 22.7662 7.841E+01 2.446E+10 3.205E-09 1.097E-11
593 1.000 1 5.000 22.6514 7.125E+02 7.840E+11 9.088E-10 1.096E-11
553 5.000 1 5.000 22.6748 1.415E+02 9.155E+11 1.545E-10 1.091E-11
139 3.000 1 5.000 22.7797 2.280E+02 1.305E+09 1.746E-07 1.064E-11
433 9.000 1 5.000 22.7559 7.559E+01 2.475E+07 3.054E-06 1.056E-11
552 3.000 1 5.000 22.6748 2.263E+02 3.655E+11 6.191E-10 1.047E-11
966 3.000 1 5.000 22.6280 2.238E+02 2.527E+10 8.859E-09 1.031E-11
189 3.000 1 5.000 22.7689 2.206E+02 2.024E+07 1.090E-05 1.029E-11
67 5.000 1 5.000 22.8073 1.301E+02 1.288E+10 1.011E-08 1.015E-11
538 7.000 1 5.000 22.6764 9.396E+01 4.509E+11 2.084E-10 1.014E-11
140 5.000 1 5.000 22.7797 1.293E+02 1.414E+08 9.144E-07 1.006E-11
634 3.000 1 5.000 22.6481 2.128E+02 1.246E+12 1.708E-10 9.820E-12
1068 9.000 1 5.000 22.6244 6.973E+01 3.220E+10 2.166E-09 9.632E-12
169 5.000 1 5.000 22.7690 1.224E+02 5.519E+07 2.218E-06 9.514E-12
643 7.000 1 5.000 22.6479 8.734E+01 1.847E+10 4.729E-09 9.404E-12
765 5.000 1 5.000 22.6353 1.155E+02 3.999E+11 2.888E-10 8.872E-12
674 7.000 1 5.000 22.6390 8.204E+01 1.370E+11 5.990E-10 8.826E-12
690 5.000 1 5.000 22.6389 1.143E+02 1.403E+11 8.146E-10 8.782E-12
167 9.000 1 5.000 22.7691 6.017E+01 3.982E+07 1.511E-06 8.418E-12
316 5.000 1 5.000 22.7601 1.060E+02 2.684E+07 3.951E-06 8.234E-12
337 7.000 1 5.000 22.7601 7.532E+01 2.361E+06 3.190E-05 8.190E-12
526 1.000 1 5.000 22.6800 5.289E+02 9.806E+11 5.393E-10 8.158E-12
591 1.000 1 5.000 22.6516 5.196E+02 4.179E+11 1.243E-09 7.994E-12
330 7.000 1 5.000 22.7601 7.326E+01 3.360E+07 2.180E-06 7.966E-12
121 3.000 1 5.000 22.7815 1.679E+02 1.529E+11 1.098E-09 7.838E-12
646 5.000 1 5.000 22.6478 9.806E+01 4.834E+11 2.029E-10 7.540E-12
214 7.000 1 5.000 22.7670 6.881E+01 9.084E+07 7.575E-07 7.488E-12
819 1.000 1 5.000 22.6321 4.786E+02 4.324E+10 1.107E-08 7.350E-12
56 1.000 1 5.000 22.8098 4.699E+02 7.485E+08 6.278E-07 7.330E-12
556 1.000 1 5.000 22.6690 4.479E+02 1.895E+12 2.363E-10 6.902E-12
823 3.000 1 5.000 22.6320 1.439E+02 3.199E+10 4.499E-09 6.632E-12
73 5.000 1 5.000 22.8045 8.339E+01 2.065E+12 4.038E-11 6.502E-12
645 3.000 1 5.000 22.6478 1.362E+02 2.864E+11 4.755E-10 6.282E-12
522 1.000 1 5.000 22.6813 4.058E+02 9.141E+13 4.439E-12 6.260E-12
261 5.000 1 5.000 22.7620 7.898E+01 1.350E+07 5.852E-06 6.134E-12
537 5.000 1 5.000 22.6770 7.940E+01 1.484E+12 5.351E-11 6.122E-12
205 3.000 1 5.000 22.7672 1.298E+02 3.083E+10 4.210E-09 6.052E-12
313 3.000 1 5.000 22.7602 1.298E+02 1.438E+07 9.026E-06 6.046E-12
203 1.000 1 5.000 22.7673 3.809E+02 3.992E+08 9.542E-07 5.920E-12
540 5.000 1 5.000 22.6763 7.602E+01 2.648E+11 2.871E-10 5.860E-12
391 7.000 1 5.000 22.7578 5.324E+01 4.136E+03 1.287E-02 5.788E-12
907 5.000 1 5.000 22.6285 7.466E+01 2.621E+11 2.849E-10 5.732E-12
523 3.000 1 5.000 22.6808 1.196E+02 2.390E+12 5.003E-11 5.534E-12
204 3.000 1 5.000 22.7672 1.164E+02 2.966E+10 3.926E-09 5.428E-12
280 3.000 1 5.000 22.7619 1.165E+02 1.195E+07 9.747E-06 5.428E-12
822 5.000 1 5.000 22.6321 7.054E+01 8.611E+10 8.192E-10 5.418E-12
259 9.000 1 5.000 22.7621 3.818E+01 2.591E+07 1.473E-06 5.338E-12
462 5.000 1 5.000 22.7559 6.754E+01 1.708E+07 3.954E-06 5.242E-12
970 1.000 1 5.000 22.6279 3.409E+02 2.032E+10 1.678E-08 5.234E-12
1104 7.000 1 5.000 22.6243 4.861E+01 5.257E+10 9.247E-10 5.222E-12
796 7.000 1 5.000 22.6322 4.767E+01 8.586E+10 5.552E-10 5.126E-12
1124 1.000 1 5.000 22.5320 3.347E+02 6.666E+13 5.021E-12 5.096E-12
773 7.000 1 5.000 22.6353 4.651E+01 1.198E+10 3.883E-09 5.002E-12
755 3.000 1 5.000 22.6354 1.075E+02 4.233E+11 2.540E-10 4.956E-12
468 7.000 1 5.000 22.7558 4.530E+01 2.223E+07 2.038E-06 4.924E-12
308 9.000 1 5.000 22.7603 3.483E+01 1.199E+10 2.906E-09 4.870E-12
318 7.000 1 5.000 22.7601 4.253E+01 4.599E+07 9.248E-07 4.624E-12
541 7.000 1 5.000 22.6763 4.250E+01 3.486E+11 1.219E-10 4.586E-12
776 5.000 1 5.000 22.6352 5.842E+01 2.612E+11 2.237E-10 4.488E-12
647 1.000 1 5.000 22.6477 2.657E+02 1.746E+12 1.521E-10 4.088E-12
775 3.000 1 5.000 22.6352 8.627E+01 1.933E+11 4.462E-10 3.976E-12
228 5.000 1 5.000 22.7669 5.014E+01 7.626E+07 6.575E-07 3.898E-12
399 5.000 1 5.000 22.7578 4.978E+01 8.898E+06 5.594E-06 3.866E-12
432 3.000 1 5.000 22.7559 8.080E+01 9.595E+06 8.421E-06 3.764E-12
932 5.000 1 5.000 22.6284 4.874E+01 1.644E+11 2.965E-10 3.742E-12
897 7.000 1 5.000 22.6290 3.469E+01 3.728E+09 9.305E-09 3.728E-12
632 7.000 1 5.000 22.6482 3.446E+01 3.459E+11 9.962E-11 3.710E-12
1103 5.000 1 5.000 22.6243 4.762E+01 1.673E+11 2.846E-10 3.654E-12
972 3.000 1 5.000 22.6279 7.710E+01 1.937E+10 3.980E-09 3.550E-12
753 7.000 1 5.000 22.6355 3.290E+01 9.135E+10 3.601E-10 3.538E-12
651 1.000 1 5.000 22.6465 2.297E+02 2.015E+12 1.140E-10 3.532E-12
971 5.000 1 5.000 22.6279 4.512E+01 5.484E+10 8.227E-10 3.464E-12
969 7.000 1 5.000 22.6280 3.176E+01 5.481E+10 5.794E-10 3.412E-12
369 9.000 1 5.000 22.7578 2.423E+01 1.789E+07 1.354E-06 3.388E-12
624 7.000 1 5.000 22.6486 3.126E+01 3.915E+11 7.985E-11 3.364E-12
76 7.000 1 5.000 22.8007 2.983E+01 1.964E+12 1.519E-11 3.256E-12
762 1.000 1 5.000 22.6354 2.087E+02 3.626E+11 5.756E-10 3.206E-12
534 3.000 1 5.000 22.6772 6.801E+01 8.192E+11 8.303E-11 3.145E-12
598 1.000 1 5.000 22.6509 2.025E+02 6.321E+13 3.204E-12 3.116E-12
61 3.000 1 5.000 22.8081 6.580E+01 8.118E+09 8.105E-09 3.080E-12
467 7.000 1 5.000 22.7559 2.817E+01 2.953E+07 9.540E-07 3.062E-12
423 3.000 1 5.000 22.7577 6.333E+01 7.416E+06 8.540E-06 2.950E-12
931 3.000 1 5.000 22.6285 5.970E+01 1.295E+11 4.609E-10 2.750E-12
226 3.000 1 5.000 22.7669 5.853E+01 2.969E+08 1.971E-07 2.728E-12
36 1.000 1 5.000 22.8744 1.713E+02 1.974E+12 8.676E-11 2.688E-12
1060 7.000 1 5.000 22.6249 2.490E+01 2.533E+09 9.831E-09 2.676E-12
595 3.000 1 5.000 22.6514 5.713E+01 4.787E+11 1.193E-10 2.638E-12
310 1.000 1 5.000 22.7602 1.694E+02 9.613E+06 1.762E-05 2.632E-12
749 9.000 1 5.000 22.6359 1.902E+01 1.025E+11 1.856E-10 2.630E-12
567 1.000 1 5.000 22.6656 1.689E+02 1.125E+13 1.501E-11 2.602E-12
23 7.000 1 5.000 22.9429 2.223E+01 1.833E+12 1.213E-11 2.456E-12
546 7.000 1 5.000 22.6756 2.141E+01 1.207E+12 1.774E-11 2.312E-12
725 1.000 1 5.000 22.6360 1.443E+02 7.532E+12 1.916E-11 2.216E-12
903 3.000 1 5.000 22.6286 4.570E+01 2.031E+11 2.250E-10 2.106E-12
52 7.000 1 5.000 22.8107 1.910E+01 2.164E+08 8.827E-08 2.086E-12
1079 3.000 1 5.000 22.6243 4.527E+01 9.752E+10 4.642E-10 2.084E-12
901 7.000 1 5.000 22.6286 1.924E+01 4.560E+10 4.220E-10 2.068E-12
802 7.000 1 5.000 22.6321 1.886E+01 3.365E+09 5.604E-09 2.028E-12
319 5.000 1 5.000 22.7601 2.536E+01 1.177E+04 2.154E-03 1.970E-12
622 1.000 1 5.000 22.6486 1.276E+02 2.558E+12 4.987E-11 1.962E-12
344 5.000 1 5.000 22.7600 2.354E+01 4.625E+07 5.090E-07 1.828E-12
831 1.000 1 5.000 22.6298 1.159E+02 3.395E+13 3.414E-12 1.780E-12
74 3.000 1 5.000 22.8031 3.632E+01 2.080E+12 1.746E-11 1.699E-12
148 5.000 1 5.000 22.7785 2.146E+01 9.760E+08 2.199E-08 1.669E-12
431 1.000 1 5.000 22.7559 1.037E+02 5.916E+06 1.753E-05 1.610E-12
549 7.000 1 5.000 22.6751 1.490E+01 8.952E+11 1.664E-11 1.609E-12
78 5.000 1 5.000 22.8004 2.035E+01 1.952E+12 1.043E-11 1.586E-12
904 1.000 1 5.000 22.6285 9.503E+01 2.467E+11 3.851E-10 1.459E-12
1106 5.000 1 5.000 22.6243 1.901E+01 9.902E+10 1.920E-10 1.459E-12
1105 3.000 1 5.000 22.6243 3.128E+01 8.013E+10 3.904E-10 1.440E-12
605 5.000 1 5.000 22.6489 1.835E+01 7.178E+11 2.557E-11 1.411E-12
1138 1.000 1 5.000 22.5119 9.064E+01 1.823E+13 4.972E-12 1.377E-12
1069 7.000 1 5.000 22.6244 1.264E+01 2.656E+10 4.761E-10 1.358E-12
1100 1.000 1 5.000 22.6243 8.308E+01 1.581E+11 5.256E-10 1.275E-12
470 5.000 1 5.000 22.7558 1.615E+01 3.002E+07 5.378E-07 1.254E-12
434 3.000 1 5.000 22.7559 2.613E+01 1.589E+03 1.644E-02 1.217E-12
63 7.000 1 5.000 22.8079 1.106E+01 1.012E+10 1.094E-09 1.208E-12
44 1.000 1 5.000 22.8382 6.688E+01 7.084E+11 9.441E-11 1.046E-12
341 3.000 1 5.000 22.7600 2.238E+01 4.169E+07 5.368E-07 1.043E-12
168 7.000 1 5.000 22.7691 9.575E+00 2.701E+07 3.545E-07 1.042E-12
102 7.000 1 5.000 22.7822 9.443E+00 4.187E+07 2.255E-07 1.029E-12
694 1.000 1 5.000 22.6374 6.470E+01 4.224E+13 1.532E-12 9.942E-13
597 5.000 1 5.000 22.6513 1.213E+01 8.120E+11 1.493E-11 9.327E-13
1135 7.000 1 5.000 22.5175 8.523E+00 2.327E+11 3.662E-11 9.070E-13
260 7.000 1 5.000 22.7621 7.954E+00 1.818E+07 4.375E-07 8.649E-13
922 7.000 1 5.000 22.6285 7.824E+00 5.651E+09 1.385E-09 8.410E-13
604 3.000 1 5.000 22.6491 1.816E+01 5.245E+11 3.463E-11 8.382E-13
592 7.000 1 5.000 22.6515 7.659E+00 3.689E+11 2.076E-11 8.248E-13
1147 7.000 1 5.000 22.5050 7.376E+00 1.586E+11 4.650E-11 7.842E-13
615 5.000 1 5.000 22.6487 9.868E+00 3.576E+11 2.760E-11 7.588E-13
370 7.000 1 5.000 22.7578 6.817E+00 1.208E+07 5.642E-07 7.410E-13
469 3.000 1 5.000 22.7558 1.565E+01 2.759E+07 5.673E-07 7.290E-13
988 1.000 1 5.000 22.6254 4.480E+01 3.690E+13 1.214E-12 6.878E-13
515 7.000 1 5.000 22.6841 5.447E+00 1.109E+12 4.913E-12 5.884E-13
610 5.000 1 5.000 22.6488 7.315E+00 2.403E+11 3.044E-11 5.626E-13
1133 7.000 1 5.000 22.5175 5.156E+00 2.311E+11 2.231E-11 5.486E-13
1156 1.000 1 5.000 22.5020 3.539E+01 9.296E+12 3.807E-12 5.374E-13
49 3.000 1 5.000 22.8131 1.122E+01 6.879E+11 1.632E-11 5.255E-13
96 3.000 1 5.000 22.7880 1.070E+01 2.315E+12 4.622E-12 4.998E-13
26 5.000 1 5.000 22.9166 6.337E+00 4.287E+12 1.478E-12 4.990E-13
278 7.000 1 5.000 22.7619 4.473E+00 1.713E+05 2.612E-05 4.864E-13
1183 7.000 1 5.000 22.4941 4.451E+00 6.908E+10 6.444E-11 4.728E-13
599 3.000 1 5.000 22.6508 1.011E+01 3.686E+11 2.742E-11 4.666E-13
24 5.000 1 5.000 22.9412 5.894E+00 1.816E+12 3.245E-12 4.650E-13
659 1.000 1 5.000 22.6436 2.949E+01 3.547E+12 8.313E-12 4.534E-13
71 7.000 1 5.000 22.8065 3.948E+00 4.417E+09 8.939E-10 4.311E-13
1165 7.000 1 5.000 22.4982 3.886E+00 1.026E+11 3.786E-11 4.128E-13
930 7.000 1 5.000 22.6285 3.586E+00 7.377E+09 4.861E-10 3.854E-13
77 3.000 1 5.000 22.8005 7.392E+00 1.970E+12 3.752E-12 3.457E-13
630 7.000 1 5.000 22.6485 3.177E+00 6.621E+11 4.798E-12 3.422E-13
1167 7.000 1 5.000 22.4982 3.140E+00 1.018E+11 3.083E-11 3.336E-13
50 1.000 1 5.000 22.8122 2.102E+01 7.075E+11 2.971E-11 3.280E-13
100 3.000 1 5.000 22.7823 7.022E+00 1.238E+11 5.674E-11 3.278E-13
269 9.000 1 5.000 22.7620 2.277E+00 1.089E+05 2.090E-05 3.184E-13
1149 7.000 1 5.000 22.5050 2.987E+00 1.574E+11 1.898E-11 3.176E-13
944 9.000 1 5.000 22.6280 2.241E+00 2.367E+08 9.467E-09 3.096E-13
27 3.000 1 5.000 22.9147 6.512E+00 4.257E+12 1.530E-12 3.076E-13
542 5.000 1 5.000 22.6762 3.826E+00 6.219E+11 6.152E-12 2.949E-13
629 7.000 1 5.000 22.6485 2.606E+00 8.038E+09 3.242E-10 2.806E-13
89 1.000 1 5.000 22.7968 1.787E+01 1.882E+11 9.493E-11 2.784E-13
708 1.000 1 5.000 22.6361 1.710E+01 2.256E+11 7.580E-11 2.628E-13
45 7.000 1 5.000 22.8183 2.391E+00 1.941E+11 1.232E-11 2.613E-13
517 5.000 1 5.000 22.6838 3.241E+00 2.469E+12 1.313E-12 2.501E-13
547 5.000 1 5.000 22.6755 3.210E+00 1.725E+12 1.861E-12 2.474E-13
160 1.000 1 5.000 22.7745 1.584E+01 7.482E+10 2.117E-10 2.464E-13
1178 1.000 1 5.000 22.4964 1.574E+01 4.598E+12 3.423E-12 2.388E-13
728 5.000 1 5.000 22.6360 3.098E+00 2.599E+11 1.192E-11 2.380E-13
898 9.000 1 5.000 22.6290 1.678E+00 6.937E+10 2.418E-11 2.318E-13
143 3.000 1 5.000 22.7788 4.917E+00 5.090E+08 9.661E-09 2.294E-13
142 7.000 1 5.000 22.7788 2.047E+00 2.806E+08 7.294E-09 2.229E-13
711 5.000 1 5.000 22.6361 2.871E+00 3.436E+11 8.355E-12 2.205E-13
48 5.000 1 5.000 22.8149 2.787E+00 6.735E+11 4.138E-12 2.176E-13
202 3.000 1 5.000 22.7681 4.391E+00 7.524E+10 5.836E-11 2.048E-13
246 5.000 1 5.000 22.7658 2.496E+00 6.211E+07 4.019E-08 1.940E-13
250 1.000 1 5.000 22.7642 1.217E+01 3.633E+10 3.350E-10 1.891E-13
185 7.000 1 5.000 22.7689 1.644E+00 4.024E+04 4.086E-05 1.789E-13
783 1.000 1 5.000 22.6332 1.111E+01 1.010E+12 1.100E-11 1.707E-13
518 3.000 1 5.000 22.6829 3.277E+00 9.747E+11 3.362E-12 1.517E-13
748 7.000 1 5.000 22.6359 1.395E+00 3.305E+11 4.220E-12 1.500E-13
750 7.000 1 5.000 22.6358 1.341E+00 3.612E+11 3.714E-12 1.443E-13
366 1.000 1 5.000 22.7584 9.174E+00 1.483E+10 6.185E-10 1.425E-13
351 5.000 1 5.000 22.7589 1.769E+00 4.626E+04 3.824E-05 1.374E-13
560 3.000 1 5.000 22.6664 2.616E+00 2.147E+13 1.218E-13 1.209E-13
1000 1.000 1 5.000 22.6250 7.320E+00 4.694E+12 1.559E-12 1.124E-13
573 1.000 1 5.000 22.6578 6.919E+00 2.076E+13 3.333E-13 1.065E-13
980 1.000 1 5.000 22.6273 6.898E+00 5.486E+11 1.257E-11 1.059E-13
512 5.000 1 5.000 22.6871 1.351E+00 1.639E+12 8.245E-13 1.043E-13
845 1.000 1 5.000 22.6292 6.440E+00 1.843E+12 3.495E-12 9.888E-14
98 5.000 1 5.000 22.7840 1.223E+00 1.831E+11 6.677E-12 9.518E-14
710 3.000 1 5.000 22.6361 1.940E+00 2.555E+11 7.594E-12 8.944E-14
46 5.000 1 5.000 22.8168 1.129E+00 2.420E+11 4.665E-12 8.813E-14
75 1.000 1 5.000 22.8019 5.576E+00 2.150E+12 2.594E-12 8.692E-14
707 3.000 1 5.000 22.6361 1.802E+00 3.450E+11 5.222E-12 8.303E-14
28 1.000 1 5.000 22.9138 5.060E+00 4.256E+12 1.189E-12 7.966E-14
97 7.000 1 5.000 22.7848 7.295E-01 5.835E+10 1.250E-11 7.949E-14
513 3.000 1 5.000 22.6865 1.685E+00 1.436E+12 1.173E-12 7.800E-14
141 5.000 1 5.000 22.7789 9.920E-01 1.187E+08 8.359E-09 7.718E-14
99 5.000 1 5.000 22.7828 9.127E-01 1.070E+11 8.533E-12 7.103E-14
175 9.000 1 5.000 22.7689 5.023E-01 3.774E+03 1.331E-04 7.028E-14
609 7.000 1 5.000 22.6488 6.290E-01 1.534E+11 4.101E-12 6.772E-14
545 3.000 1 5.000 22.6757 1.426E+00 1.159E+12 1.231E-12 6.594E-14
1102 7.000 1 5.000 22.6243 6.049E-01 4.984E+09 1.214E-10 6.498E-14
490 5.000 1 5.000 22.7547 8.236E-01 2.536E+07 3.247E-08 6.392E-14
1134 5.000 1 5.000 22.5175 7.992E-01 2.268E+11 3.524E-12 6.076E-14
1023 5.000 1 5.000 22.6249 7.628E-01 4.960E+10 1.538E-11 5.854E-14
227 1.000 1 5.000 22.7669 3.708E+00 1.154E+11 3.214E-11 5.764E-14
826 1.000 1 5.000 22.6305 3.381E+00 5.715E+12 5.916E-13 5.192E-14
854 5.000 1 5.000 22.6291 6.468E-01 2.070E+11 3.125E-12 4.966E-14
715 5.000 1 5.000 22.6360 6.258E-01 1.388E+11 4.508E-12 4.807E-14
1064 9.000 1 5.000 22.6249 3.393E-01 4.648E+10 7.301E-12 4.688E-14
1148 5.000 1 5.000 22.5050 6.128E-01 1.555E+11 3.940E-12 4.654E-14
180 7.000 1 5.000 22.7689 4.200E-01 3.016E+03 1.393E-04 4.570E-14
631 5.000 1 5.000 22.6484 5.837E-01 8.251E+11 7.075E-13 4.489E-14
124 1.000 1 5.000 22.7809 2.789E+00 2.235E+11 1.248E-11 4.340E-14
236 7.000 1 5.000 22.7660 3.927E-01 3.961E+07 9.912E-09 4.272E-14
499 9.000 1 5.000 22.7433 2.704E-01 5.674E+20 4.766E-22 3.776E-14
1181 7.000 1 5.000 22.4941 3.551E-01 6.751E+10 5.261E-12 3.772E-14
166 5.000 1 5.000 22.7700 4.769E-01 8.560E+10 5.571E-12 3.708E-14
575 3.000 1 5.000 22.6543 7.467E-01 4.055E+11 1.841E-12 3.446E-14
536 9.000 1 5.000 22.6772 2.452E-01 2.875E+11 8.530E-13 3.402E-14
165 7.000 1 5.000 22.7703 3.020E-01 2.336E+10 1.293E-11 3.286E-14
25 3.000 1 5.000 22.9401 6.798E-01 1.815E+12 3.746E-13 3.219E-14
1166 5.000 1 5.000 22.4982 4.182E-01 1.010E+11 4.142E-12 3.174E-14
840 3.000 1 5.000 22.6292 6.728E-01 1.879E+11 3.580E-12 3.101E-14
519 5.000 1 5.000 22.6826 3.979E-01 1.944E+12 2.047E-13 3.070E-14
574 5.000 1 5.000 22.6545 3.626E-01 4.569E+11 7.936E-13 2.790E-14
608 3.000 1 5.000 22.6489 5.997E-01 6.413E+11 9.352E-13 2.768E-14
842 5.000 1 5.000 22.6292 3.284E-01 1.980E+11 1.658E-12 2.520E-14
625 3.000 1 5.000 22.6485 5.198E-01 6.207E+11 8.375E-13 2.398E-14
181 9.000 1 5.000 22.7689 1.650E-01 1.502E+00 1.099E-01 2.308E-14
93 1.000 1 5.000 22.7942 1.434E+00 1.975E+11 7.259E-12 2.234E-14
1180 5.000 1 5.000 22.4941 2.880E-01 6.754E+10 4.264E-12 2.184E-14
667 3.000 1 5.000 22.6402 4.670E-01 1.613E+11 2.894E-12 2.153E-14
1034 7.000 1 5.000 22.6249 1.886E-01 3.377E+10 5.583E-12 2.026E-14
289 7.000 1 5.000 22.7619 1.790E-01 1.719E+03 1.042E-04 1.947E-14
258 5.000 1 5.000 22.7625 2.476E-01 4.650E+10 5.325E-12 1.924E-14
516 3.000 1 5.000 22.6838 4.130E-01 1.470E+12 2.809E-13 1.911E-14
603 9.000 1 5.000 22.6491 1.302E-01 1.183E+11 1.101E-12 1.803E-14
70 5.000 1 5.000 22.8067 2.274E-01 8.828E+09 2.576E-11 1.773E-14
1063 3.000 1 5.000 22.6249 3.780E-01 1.242E+11 3.045E-12 1.741E-14
893 7.000 1 5.000 22.6291 1.609E-01 2.071E+11 7.765E-13 1.729E-14
801 5.000 1 5.000 22.6321 2.179E-01 2.735E+09 7.968E-11 1.674E-14
787 3.000 1 5.000 22.6327 3.580E-01 8.778E+10 4.078E-12 1.650E-14
348 7.000 1 5.000 22.7590 1.501E-01 2.318E+07 6.477E-09 1.632E-14
362 5.000 1 5.000 22.7589 2.082E-01 3.862E+07 5.391E-09 1.617E-14
257 7.000 1 5.000 22.7626 1.464E-01 1.255E+10 1.166E-11 1.592E-14
699 3.000 1 5.000 22.6366 3.404E-01 1.986E+11 1.714E-12 1.569E-14
306 3.000 1 5.000 22.7606 2.856E-01 4.702E+10 6.075E-12 1.331E-14
47 3.000 1 5.000 22.8155 2.730E-01 2.059E+11 1.326E-12 1.278E-14
1066 5.000 1 5.000 22.6249 1.623E-01 1.598E+11 1.016E-12 1.246E-14
237 3.000 1 5.000 22.7659 2.616E-01 8.365E+07 3.127E-09 1.219E-14
1006 5.000 1 5.000 22.6250 1.546E-01 1.124E+11 1.375E-12 1.186E-14
666 5.000 1 5.000 22.6403 1.479E-01 1.921E+11 7.698E-13 1.136E-14
277 9.000 1 5.000 22.7619 8.109E-02 1.586E+00 5.114E-02 1.134E-14
146 9.000 1 5.000 22.7787 7.879E-02 2.011E+04 3.918E-06 1.103E-14
867 5.000 1 5.000 22.6291 1.432E-01 1.765E+11 8.112E-13 1.099E-14
706 9.000 1 5.000 22.6362 6.957E-02 5.895E+10 1.180E-12 9.620E-15
489 3.000 1 5.000 22.7547 2.022E-01 3.358E+07 6.022E-09 9.418E-15
600 5.000 1 5.000 22.6507 1.198E-01 6.118E+11 1.958E-13 9.218E-15
375 9.000 1 5.000 22.7578 6.338E-02 4.743E+00 1.336E-02 8.858E-15
607 1.000 1 5.000 22.6489 5.574E-01 4.494E+10 1.240E-11 8.574E-15
223 9.000 1 5.000 22.7670 5.968E-02 3.437E+04 1.736E-06 8.348E-15
406 5.000 1 5.000 22.7578 1.041E-01 3.020E+04 3.447E-06 8.082E-15
95 5.000 1 5.000 22.7902 1.017E-01 4.347E+12 2.339E-14 7.916E-15
937 9.000 1 5.000 22.6280 5.621E-02 1.077E+08 5.217E-10 7.768E-15
137 9.000 1 5.000 22.7797 5.259E-02 4.180E+04 1.258E-06 7.364E-15
839 3.000 1 5.000 22.6292 1.550E-01 1.516E+11 1.023E-12 7.141E-15
235 5.000 1 5.000 22.7660 9.106E-02 6.814E+07 1.336E-09 7.075E-15
471 5.000 1 5.000 22.7548 8.733E-02 2.638E+07 3.310E-09 6.779E-15
899 7.000 1 5.000 22.6290 5.533E-02 2.104E+11 2.630E-13 5.948E-15
786 5.000 1 5.000 22.6327 7.604E-02 1.035E+11 7.348E-13 5.839E-15
334 7.000 1 5.000 22.7601 5.299E-02 4.566E+04 1.161E-06 5.762E-15
213 7.000 1 5.000 22.7670 5.127E-02 7.782E+04 6.588E-07 5.578E-15
696 1.000 1 5.000 22.6373 3.598E-01 1.792E+11 2.008E-12 5.530E-15
838 9.000 1 5.000 22.6292 3.960E-02 3.412E+10 1.161E-12 5.472E-15
965 7.000 1 5.000 22.6280 5.069E-02 4.464E+07 1.135E-09 5.448E-15
217 7.000 1 5.000 22.7670 4.716E-02 4.638E+03 1.017E-05 5.130E-15
345 3.000 1 5.000 22.7596 1.087E-01 2.375E+10 4.579E-12 5.066E-15
751 5.000 1 5.000 22.6358 6.473E-02 4.291E+11 1.508E-13 4.972E-15
488 7.000 1 5.000 22.7547 3.862E-02 1.553E+07 2.486E-09 4.198E-15
323 7.000 1 5.000 22.7601 3.840E-02 8.349E+03 4.599E-06 4.176E-15
346 1.000 1 5.000 22.7594 2.556E-01 7.194E+10 3.553E-12 3.970E-15
410 5.000 1 5.000 22.7578 5.044E-02 1.140E-01 4.426E-01 3.916E-15
385 7.000 1 5.000 22.7578 3.587E-02 1.533E+00 2.341E-02 3.898E-15
1093 9.000 1 5.000 22.6243 2.770E-02 3.247E+08 8.530E-11 3.826E-15
561 9.000 1 5.000 22.6664 2.609E-02 2.940E+11 8.873E-14 3.618E-15
240 9.000 1 5.000 22.7659 2.566E-02 9.379E+07 2.735E-10 3.588E-15
697 3.000 1 5.000 22.6372 7.438E-02 2.646E+11 2.811E-13 3.429E-15
407 7.000 1 5.000 22.7578 3.121E-02 4.289E-01 7.277E-02 3.392E-15
713 1.000 1 5.000 22.6360 2.154E-01 6.125E+11 3.517E-13 3.310E-15
991 9.000 1 5.000 22.6250 2.297E-02 2.103E+10 1.092E-12 3.172E-15
324 7.000 1 5.000 22.7601 2.846E-02 2.854E-02 9.971E-01 3.094E-15
297 5.000 1 5.000 22.7619 3.696E-02 6.077E-01 6.082E-02 2.870E-15
844 5.000 1 5.000 22.6292 3.460E-02 7.628E+10 4.536E-13 2.656E-15
514 1.000 1 5.000 22.6841 1.663E-01 1.530E+12 1.087E-13 2.566E-15
853 3.000 1 5.000 22.6291 5.542E-02 7.624E+10 7.270E-13 2.553E-15
700 5.000 1 5.000 22.6366 3.196E-02 2.627E+11 1.217E-13 2.456E-15
427 1.000 1 5.000 22.7572 1.575E-01 1.583E+10 9.949E-12 2.446E-15
397 7.000 1 5.000 22.7578 2.114E-02 2.330E-02 9.076E-01 2.298E-15
695 7.000 1 5.000 22.6373 1.846E-02 1.376E+11 1.342E-13 1.986E-15
288 5.000 1 5.000 22.7619 2.092E-02 3.473E-01 6.024E-02 1.625E-15
163 1.000 1 5.000 22.7737 1.038E-01 6.747E+10 1.538E-12 1.614E-15
305 5.000 1 5.000 22.7607 1.890E-02 1.714E+10 1.102E-12 1.468E-15
679 7.000 1 5.000 22.6390 1.360E-02 1.319E+08 1.031E-10 1.463E-15
416 5.000 1 5.000 22.7577 1.856E-02 5.110E-01 3.631E-02 1.441E-15
107 9.000 1 5.000 22.7818 9.830E-03 1.920E+04 5.119E-07 1.377E-15
841 1.000 1 5.000 22.6292 8.521E-02 2.627E+11 3.244E-13 1.308E-15
465 9.000 1 5.000 22.7559 9.354E-03 1.781E+04 5.252E-07 1.307E-15
201 5.000 1 5.000 22.7684 1.530E-02 3.264E+10 4.689E-13 1.189E-15
474 9.000 1 5.000 22.7547 8.361E-03 8.977E+03 9.314E-07 1.168E-15
654 9.000 1 5.000 22.6438 8.411E-03 9.470E+10 8.882E-14 1.164E-15
767 9.000 1 5.000 22.6353 8.353E-03 4.286E+08 1.949E-11 1.155E-15
172 9.000 1 5.000 22.7689 7.832E-03 1.711E+04 4.577E-07 1.096E-15
192 3.000 1 5.000 22.7689 2.231E-02 1.541E-01 1.448E-01 1.040E-15
193 5.000 1 5.000 22.7689 1.324E-02 5.242E-01 2.526E-02 1.029E-15
386 9.000 1 5.000 22.7578 6.809E-03 1.307E+00 5.208E-03 9.516E-16
352 9.000 1 5.000 22.7589 6.792E-03 1.240E+04 5.476E-07 9.494E-16
921 9.000 1 5.000 22.6285 6.628E-03 4.035E+08 1.643E-11 9.158E-16
846 7.000 1 5.000 22.6292 7.329E-03 5.741E+10 1.276E-13 7.876E-16
109 9.000 1 5.000 22.7818 5.388E-03 2.563E+04 2.102E-07 7.546E-16
1061 5.000 1 5.000 22.6249 9.623E-03 1.330E+11 7.235E-14 7.385E-16
856 5.000 1 5.000 22.6291 8.782E-03 3.597E+06 2.441E-09 6.742E-16
264 9.000 1 5.000 22.7620 4.798E-03 1.280E+04 3.747E-07 6.708E-16
675 9.000 1 5.000 22.6390 4.753E-03 1.513E+08 3.141E-11 6.574E-16
900 5.000 1 5.000 22.6290 8.314E-03 2.617E+11 3.177E-14 6.383E-16
960 7.000 1 5.000 22.6280 5.911E-03 7.840E+05 7.540E-09 6.352E-16
833 1.000 1 5.000 22.6297 3.795E-02 7.116E+10 5.333E-13 5.828E-16
1118 7.000 1 5.000 22.5449 5.080E-03 5.838E+12 8.701E-16 5.420E-16
1007 5.000 1 5.000 22.6250 7.038E-03 5.038E+09 1.397E-12 5.402E-16
834 3.000 1 5.000 22.6297 1.153E-02 1.413E+11 8.156E-14 5.311E-16
184 5.000 1 5.000 22.7689 6.732E-03 2.897E-01 2.324E-02 5.232E-16
778 9.000 1 5.000 22.6333 3.458E-03 3.890E+10 8.889E-14 4.780E-16
174 9.000 1 5.000 22.7689 3.392E-03 2.379E+04 1.426E-07 4.746E-16
1119 5.000 1 5.000 22.5449 6.000E-03 6.030E+12 9.951E-16 4.572E-16
457 9.000 1 5.000 22.7559 2.957E-03 7.607E+00 3.887E-04 4.132E-16
883 9.000 1 5.000 22.6291 2.942E-03 2.397E+08 1.227E-11 4.066E-16
1092 7.000 1 5.000 22.6243 3.723E-03 3.142E+08 1.185E-11 4.000E-16
738 9.000 1 5.000 22.6359 2.884E-03 1.923E+08 1.500E-11 3.990E-16
360 9.000 1 5.000 22.7589 2.698E-03 6.990E+00 3.860E-04 3.770E-16
805 7.000 1 5.000 22.6321 3.350E-03 1.273E+08 2.632E-11 3.602E-16
1030 7.000 1 5.000 22.6249 3.306E-03 7.799E+08 4.239E-12 3.552E-16
266 9.000 1 5.000 22.7620 2.391E-03 1.717E+04 1.393E-07 3.342E-16
1128 7.000 1 5.000 22.5177 3.136E-03 2.729E+12 1.149E-15 3.338E-16
910 5.000 1 5.000 22.6285 4.284E-03 1.870E+08 2.291E-11 3.288E-16
254 1.000 1 5.000 22.7631 2.031E-02 2.713E+10 7.486E-13 3.156E-16
1051 9.000 1 5.000 22.6249 2.267E-03 1.616E+08 1.403E-11 3.130E-16
680 9.000 1 5.000 22.6390 2.256E-03 1.317E+08 1.713E-11 3.120E-16
456 7.000 1 5.000 22.7559 2.793E-03 4.187E+03 6.670E-07 3.036E-16
411 7.000 1 5.000 22.7578 2.744E-03 6.709E-03 4.091E-01 2.984E-16
372 9.000 1 5.000 22.7578 2.052E-03 1.064E+04 1.929E-07 2.868E-16
373 9.000 1 5.000 22.7578 2.021E-03 1.077E+04 1.876E-07 2.824E-16
292 5.000 1 5.000 22.7619 3.586E-03 5.055E-03 7.094E-01 2.786E-16
486 9.000 1 5.000 22.7547 1.959E-03 6.003E+00 3.263E-04 2.738E-16
293 7.000 1 5.000 22.7619 2.479E-03 2.583E-03 9.597E-01 2.696E-16
892 3.000 1 5.000 22.6291 5.456E-03 2.703E+11 2.019E-14 2.513E-16
284 7.000 1 5.000 22.7619 2.303E-03 2.346E-03 9.814E-01 2.504E-16
342 9.000 1 5.000 22.7600 1.617E-03 1.645E+07 9.827E-11 2.260E-16
806 9.000 1 5.000 22.6321 1.631E-03 1.271E+08 1.284E-11 2.254E-16
243 9.000 1 5.000 22.7659 1.580E-03 6.168E+00 2.561E-04 2.210E-16
799 9.000 1 5.000 22.6321 1.594E-03 1.420E+08 1.123E-11 2.204E-16
747 3.000 1 5.000 22.6359 4.615E-03 3.583E+11 1.288E-14 2.127E-16
974 9.000 1 5.000 22.6274 1.532E-03 1.640E+10 9.345E-14 2.118E-16
439 7.000 1 5.000 22.7559 1.871E-03 4.850E-01 3.858E-03 2.034E-16
698 5.000 1 5.000 22.6372 2.608E-03 3.487E+11 7.479E-15 2.004E-16
1129 5.000 1 5.000 22.5177 2.550E-03 2.837E+12 8.988E-16 1.938E-16
1120 3.000 1 5.000 22.5449 4.137E-03 4.591E+12 9.010E-16 1.892E-16
1142 7.000 1 5.000 22.5051 1.733E-03 1.441E+12 1.203E-15 1.842E-16
339 9.000 1 5.000 22.7601 1.294E-03 1.534E+01 8.437E-05 1.810E-16
992 3.000 1 5.000 22.6250 3.725E-03 7.465E+10 4.989E-14 1.715E-16
1003 5.000 1 5.000 22.6250 2.204E-03 4.529E+06 4.866E-10 1.692E-16
733 9.000 1 5.000 22.6360 1.223E-03 1.894E+08 6.459E-12 1.691E-16
943 7.000 1 5.000 22.6280 1.390E-03 1.069E+08 1.300E-11 1.494E-16
1049 7.000 1 5.000 22.6249 1.386E-03 1.963E+08 7.059E-12 1.489E-16
1004 7.000 1 5.000 22.6250 1.385E-03 4.522E+06 3.064E-10 1.488E-16
1062 7.000 1 5.000 22.6249 1.369E-03 1.363E+11 1.004E-14 1.471E-16
964 5.000 1 5.000 22.6280 1.914E-03 2.482E+07 7.711E-11 1.469E-16
1121 5.000 1 5.000 22.5449 1.889E-03 4.142E+12 4.562E-16 1.440E-16
1160 7.000 1 5.000 22.4983 1.009E-03 8.395E+11 1.202E-15 1.072E-16
1131 5.000 1 5.000 22.5177 1.333E-03 1.826E+12 7.299E-16 1.013E-16
415 3.000 1 5.000 22.7577 2.139E-03 1.302E-01 1.643E-02 9.966E-17
1143 5.000 1 5.000 22.5051 1.253E-03 1.504E+12 8.334E-16 9.518E-17
686 7.000 1 5.000 22.6390 8.683E-04 2.805E+07 3.095E-11 9.340E-17
463 9.000 1 5.000 22.7559 6.630E-04 1.327E+01 4.998E-05 9.264E-17
1130 3.000 1 5.000 22.5177 1.942E-03 2.072E+12 9.373E-16 8.860E-17
999 1.000 1 5.000 22.6250 5.321E-03 1.472E+11 3.614E-14 8.168E-17
221 9.000 1 5.000 22.7670 5.138E-04 1.370E+01 3.751E-05 7.188E-17
1196 7.000 1 5.000 22.4941 6.154E-04 5.232E+11 1.176E-15 6.536E-17
218 9.000 1 5.000 22.7670 4.508E-04 7.855E+00 5.739E-05 6.306E-17
1098 9.000 1 5.000 22.6243 4.338E-04 5.912E+08 7.337E-13 5.992E-17
1145 5.000 1 5.000 22.5051 7.640E-04 9.460E+11 8.076E-16 5.800E-17
835 5.000 1 5.000 22.6297 7.260E-04 1.885E+11 3.851E-15 5.574E-17
1161 5.000 1 5.000 22.4983 6.920E-04 8.788E+11 7.874E-16 5.252E-17
817 5.000 1 5.000 22.6321 6.584E-04 2.920E+07 2.255E-11 5.056E-17
685 5.000 1 5.000 22.6390 6.318E-04 2.929E+07 2.157E-11 4.854E-17
1144 3.000 1 5.000 22.5051 9.917E-04 1.082E+12 9.165E-16 4.518E-17
1015 7.000 1 5.000 22.6250 4.036E-04 2.520E+06 1.601E-10 4.336E-17
737 7.000 1 5.000 22.6359 3.920E-04 1.916E+08 2.046E-12 4.216E-17
882 7.000 1 5.000 22.6291 3.823E-04 2.394E+08 1.597E-12 4.110E-17
766 7.000 1 5.000 22.6353 3.531E-04 4.263E+08 8.284E-13 3.798E-17
875 9.000 1 5.000 22.6291 2.731E-04 1.165E+08 2.344E-12 3.774E-17
911 7.000 1 5.000 22.6285 3.373E-04 1.853E+08 1.820E-12 3.624E-17
1163 5.000 1 5.000 22.4983 4.520E-04 5.460E+11 8.278E-16 3.430E-17
119 1.000 1 5.000 22.7816 2.046E-03 1.585E+03 1.291E-06 3.184E-17
1197 5.000 1 5.000 22.4941 4.102E-04 5.503E+11 7.455E-16 3.112E-17
732 7.000 1 5.000 22.6360 2.874E-04 1.874E+08 1.534E-12 3.092E-17
716 7.000 1 5.000 22.6360 2.699E-04 9.010E+10 2.995E-15 2.902E-17
760 5.000 1 5.000 22.6354 3.776E-04 1.923E+08 1.964E-12 2.900E-17
1162 3.000 1 5.000 22.4983 5.577E-04 6.296E+11 8.858E-16 2.540E-17
857 7.000 1 5.000 22.6291 2.316E-04 3.592E+06 6.447E-11 2.490E-17
196 1.000 1 5.000 22.7688 1.489E-03 1.569E+03 9.493E-07 2.314E-17
863 7.000 1 5.000 22.6291 2.129E-04 2.002E+06 1.063E-10 2.288E-17
1199 5.000 1 5.000 22.4941 2.778E-04 3.398E+11 8.176E-16 2.108E-17
212 5.000 1 5.000 22.7670 2.508E-04 1.519E-01 1.651E-03 1.949E-17
356 7.000 1 5.000 22.7589 1.783E-04 1.707E+01 1.044E-05 1.939E-17
770 9.000 1 5.000 22.6353 1.394E-04 8.353E+08 1.669E-13 1.929E-17
440 7.000 1 5.000 22.7559 1.759E-04 2.592E-04 6.783E-01 1.911E-17
333 9.000 1 5.000 22.7601 1.318E-04 8.796E+00 1.498E-05 1.842E-17
438 5.000 1 5.000 22.7559 2.336E-04 1.429E-01 1.635E-03 1.814E-17
322 5.000 1 5.000 22.7601 2.322E-04 1.868E-01 1.243E-03 1.803E-17
300 1.000 1 5.000 22.7619 1.103E-03 5.712E+03 1.931E-07 1.713E-17
296 3.000 1 5.000 22.7619 3.523E-04 1.481E-01 2.379E-03 1.642E-17
927 9.000 1 5.000 22.6285 1.137E-04 7.627E+08 1.490E-13 1.571E-17
1198 3.000 1 5.000 22.4941 3.337E-04 3.951E+11 8.446E-16 1.519E-17
349 3.000 1 5.000 22.7590 3.255E-04 5.147E+07 6.324E-12 1.517E-17
720 5.000 1 5.000 22.6360 1.885E-04 1.843E+08 1.023E-12 1.449E-17
241 7.000 1 5.000 22.7659 1.154E-04 1.524E+01 7.573E-06 1.255E-17
734 9.000 1 5.000 22.6360 8.402E-05 3.229E+08 2.602E-13 1.162E-17
347 5.000 1 5.000 22.7590 1.470E-04 4.074E+07 3.609E-12 1.142E-17
1001 3.000 1 5.000 22.6250 2.152E-04 1.421E+11 1.514E-15 9.910E-18
874 7.000 1 5.000 22.6291 9.213E-05 1.153E+08 7.994E-13 9.902E-18
859 5.000 1 5.000 22.6291 1.229E-04 1.076E+08 1.141E-12 9.434E-18
818 7.000 1 5.000 22.6321 7.421E-05 2.789E+07 2.661E-12 7.978E-18
1075 7.000 1 5.000 22.6243 5.134E-05 4.944E+06 1.038E-11 5.516E-18
723 5.000 1 5.000 22.6360 6.919E-05 1.039E+08 6.660E-13 5.315E-18
484 7.000 1 5.000 22.7547 4.209E-05 1.292E+05 3.258E-10 4.575E-18
912 7.000 1 5.000 22.6285 4.173E-05 3.926E+06 1.063E-11 4.484E-18
242 9.000 1 5.000 22.7659 2.759E-05 1.383E+01 1.995E-06 3.858E-18
876 9.000 1 5.000 22.6291 2.736E-05 3.010E+08 9.090E-14 3.780E-18
1117 1.000 1 5.000 22.5512 1.701E-04 1.152E+13 1.477E-17 2.594E-18
724 7.000 1 5.000 22.6360 2.400E-05 1.057E+08 2.270E-13 2.582E-18
485 9.000 1 5.000 22.7547 1.337E-05 1.337E+01 9.999E-07 1.868E-18
419 1.000 1 5.000 22.7577 1.037E-04 1.703E+06 6.090E-11 1.611E-18
1116 3.000 1 5.000 22.5526 3.107E-05 9.253E+12 3.358E-18 1.421E-18
813 7.000 1 5.000 22.6321 1.248E-05 6.232E+05 2.003E-11 1.342E-18
1008 7.000 1 5.000 22.6250 1.134E-05 8.278E+07 1.370E-13 1.218E-18
1065 7.000 1 5.000 22.6249 1.114E-05 1.372E+11 8.121E-17 1.197E-18
719 3.000 1 5.000 22.6360 2.595E-05 1.862E+08 1.394E-13 1.196E-18
1041 9.000 1 5.000 22.6249 5.837E-06 2.317E+08 2.519E-14 8.062E-19
761 7.000 1 5.000 22.6354 6.890E-06 1.908E+08 3.610E-14 7.410E-19
1031 9.000 1 5.000 22.6249 5.107E-06 1.181E+08 4.323E-14 7.054E-19
832 7.000 1 5.000 22.6297 6.233E-06 5.205E+10 1.198E-16 6.701E-19
321 9.000 1 5.000 22.7601 4.480E-06 2.534E+04 1.768E-10 6.264E-19
359 9.000 1 5.000 22.7589 4.426E-06 1.541E+01 2.871E-07 6.186E-19
851 3.000 1 5.000 22.6291 1.032E-05 1.870E+08 5.518E-14 4.751E-19
1055 9.000 1 5.000 22.6249 3.284E-06 3.018E+08 1.088E-14 4.536E-19
860 7.000 1 5.000 22.6291 3.093E-06 1.045E+08 2.961E-14 3.324E-19
956 9.000 1 5.000 22.6280 1.640E-06 1.232E+04 1.331E-10 2.266E-19
741 9.000 1 5.000 22.6359 1.168E-06 4.217E+08 2.769E-15 1.615E-19
890 9.000 1 5.000 22.6291 1.150E-06 3.996E+08 2.878E-15 1.590E-19
582 9.000 1 5.000 22.6517 1.048E-06 3.629E+09 2.887E-16 1.451E-19
1127 1.000 1 5.000 22.5200 9.427E-06 3.537E+12 2.665E-18 1.434E-19
797 9.000 1 5.000 22.6321 1.029E-06 1.736E+09 5.927E-16 1.423E-19
997 5.000 1 5.000 22.6250 1.828E-06 1.495E+08 1.223E-14 1.403E-19
672 9.000 1 5.000 22.6390 9.947E-07 2.586E+09 3.847E-16 1.376E-19
1074 7.000 1 5.000 22.6244 1.256E-06 1.524E+08 8.240E-15 1.349E-19
1126 3.000 1 5.000 22.5204 2.041E-06 2.736E+12 7.457E-19 9.308E-20
745 9.000 1 5.000 22.6359 5.794E-07 6.280E+09 9.226E-17 8.012E-20
1059 9.000 1 5.000 22.6249 5.780E-07 2.751E+09 2.101E-16 7.984E-20
896 9.000 1 5.000 22.6290 5.364E-07 4.099E+09 1.309E-16 7.414E-20
1073 5.000 1 5.000 22.6244 9.432E-07 1.537E+08 6.138E-15 7.239E-20
628 9.000 1 5.000 22.6485 4.877E-07 8.840E+09 5.517E-17 6.752E-20
996 3.000 1 5.000 22.6250 1.460E-06 1.513E+08 9.653E-15 6.723E-20
852 5.000 1 5.000 22.6291 7.154E-07 1.848E+08 3.870E-15 5.492E-20
211 9.000 1 5.000 22.7670 3.179E-07 3.565E+04 8.918E-12 4.446E-20
1141 1.000 1 5.000 22.5062 2.366E-06 1.468E+12 1.611E-18 3.594E-20
1140 3.000 1 5.000 22.5063 5.819E-07 1.103E+12 5.274E-19 2.651E-20
618 9.000 1 5.000 22.6486 1.500E-07 6.550E+09 2.290E-17 2.076E-20
1174 9.000 1 5.000 22.4982 1.507E-07 8.662E+09 1.739E-17 2.058E-20
1152 9.000 1 5.000 22.5050 1.416E-07 9.258E+09 1.529E-17 1.934E-20
729 9.000 1 5.000 22.6360 1.353E-07 4.613E+09 2.934E-17 1.871E-20
933 9.000 1 5.000 22.6280 1.309E-07 1.312E+09 9.978E-17 1.809E-20
1132 9.000 1 5.000 22.5175 1.301E-07 2.372E+11 5.485E-19 1.781E-20
1194 9.000 1 5.000 22.4941 1.268E-07 6.748E+09 1.879E-17 1.731E-20
395 9.000 1 5.000 22.7578 1.151E-07 1.273E-07 9.044E-01 1.608E-20
868 9.000 1 5.000 22.6291 1.058E-07 2.972E+09 3.559E-17 1.462E-20
1159 1.000 1 5.000 22.4988 9.204E-07 8.444E+11 1.090E-18 1.397E-20
1146 9.000 1 5.000 22.5050 9.777E-08 1.606E+11 6.089E-19 1.336E-20
404 7.000 1 5.000 22.7578 1.122E-07 1.321E-07 8.495E-01 1.220E-20
1036 9.000 1 5.000 22.6249 7.787E-08 1.973E+09 3.946E-17 1.076E-20
1158 3.000 1 5.000 22.4989 2.356E-07 5.549E+11 4.246E-19 1.073E-20
437 9.000 1 5.000 22.7559 7.539E-08 1.791E+04 4.208E-12 1.053E-20
1164 9.000 1 5.000 22.4982 6.601E-08 1.036E+11 6.372E-19 9.016E-21
1182 9.000 1 5.000 22.4941 4.504E-08 6.911E+10 6.518E-19 6.152E-21
1101 9.000 1 5.000 22.6243 2.908E-08 5.432E+09 5.353E-18 4.016E-21
398 9.000 1 5.000 22.7578 1.337E-08 5.424E-05 2.464E-04 1.869E-21
405 9.000 1 5.000 22.7578 1.291E-08 2.922E-08 4.419E-01 1.805E-21
1172 7.000 1 5.000 22.4982 1.219E-08 8.641E+09 1.410E-18 1.295E-21
1150 7.000 1 5.000 22.5050 1.143E-08 9.235E+09 1.238E-18 1.215E-21
133 9.000 1 5.000 22.7799 8.639E-09 4.336E+04 1.993E-13 1.210E-21
1192 7.000 1 5.000 22.4941 1.026E-08 6.730E+09 1.525E-18 1.090E-21
1173 9.000 1 5.000 22.4982 2.963E-09 9.555E+09 3.101E-19 4.048E-22
1151 9.000 1 5.000 22.5050 2.801E-09 1.032E+10 2.715E-19 3.828E-22
1193 9.000 1 5.000 22.4941 2.481E-09 7.398E+09 3.354E-19 3.388E-22
772 9.000 1 5.000 22.6353 2.023E-09 1.290E+10 1.569E-19 2.798E-22
929 9.000 1 5.000 22.6285 1.727E-09 7.993E+09 2.160E-19 2.386E-22
480 9.000 1 5.000 22.7547 7.341E-10 5.418E-03 1.355E-07 1.026E-22
285 9.000 1 5.000 22.7619 5.987E-10 3.811E-05 1.571E-05 8.370E-23
325 9.000 1 5.000 22.7601 2.512E-10 3.159E-05 7.952E-06 3.512E-23
441 9.000 1 5.000 22.7559 2.348E-10 4.431E-05 5.299E-06 3.282E-23
354 9.000 1 5.000 22.7589 1.812E-10 3.923E-03 4.619E-08 2.534E-23
642 9.000 1 5.000 22.6479 1.808E-10 1.964E+10 9.206E-21 2.504E-23
1057 9.000 1 5.000 22.6249 6.890E-11 4.161E+09 1.656E-20 9.518E-24
1080 9.000 1 5.000 22.6243 5.816E-11 7.596E+04 7.656E-16 8.034E-24
452 9.000 1 5.000 22.7559 5.656E-11 3.279E-03 1.725E-08 7.904E-24
895 9.000 1 5.000 22.6290 2.264E-11 6.377E+09 3.551E-21 3.128E-24
744 9.000 1 5.000 22.6359 1.296E-11 1.036E+10 1.250E-21 1.792E-24
1011 9.000 1 5.000 22.6250 9.537E-12 6.683E+04 1.427E-16 1.317E-24
387 9.000 1 5.000 22.7578 8.244E-12 5.354E-04 1.540E-08 1.152E-24
627 9.000 1 5.000 22.6485 4.023E-12 1.746E+10 2.304E-22 5.570E-25
282 9.000 1 5.000 22.7619 3.372E-12 3.871E-04 8.711E-09 4.716E-25
816 9.000 1 5.000 22.6321 2.338E-12 3.559E+09 6.568E-22 3.232E-25
444 9.000 1 5.000 22.7559 1.469E-12 5.209E-09 2.820E-04 2.052E-25
684 9.000 1 5.000 22.6390 1.207E-12 5.726E+09 2.107E-22 1.668E-25
1017 9.000 1 5.000 22.6249 1.047E-12 3.822E+04 2.738E-17 1.446E-25
963 9.000 1 5.000 22.6280 7.079E-13 2.273E+09 3.114E-22 9.782E-26
961 9.000 1 5.000 22.6280 6.373E-13 7.736E+05 8.238E-19 8.806E-26
637 9.000 1 5.000 22.6480 5.717E-13 2.241E+10 2.551E-23 7.912E-26
331 9.000 1 5.000 22.7601 4.108E-13 2.374E-03 1.730E-10 5.742E-26
1016 9.000 1 5.000 22.6250 3.317E-13 2.517E+06 1.318E-19 4.582E-26
1076 9.000 1 5.000 22.6243 2.918E-13 4.934E+06 5.914E-20 4.030E-26
913 9.000 1 5.000 22.6285 2.747E-13 3.916E+06 7.013E-20 3.794E-26
758 9.000 1 5.000 22.6354 2.626E-13 1.586E+10 1.655E-23 3.630E-26
1010 7.000 1 5.000 22.6250 2.786E-13 6.684E+04 4.167E-18 2.992E-26
587 9.000 1 5.000 22.6516 1.788E-13 9.128E+09 1.959E-23 2.476E-26
870 9.000 1 5.000 22.6291 1.588E-13 5.512E+06 2.881E-20 2.194E-26
908 9.000 1 5.000 22.6285 1.282E-13 1.044E+10 1.228E-23 1.771E-26
1047 9.000 1 5.000 22.6249 5.960E-14 9.681E+06 6.156E-21 8.234E-27
1026 9.000 1 5.000 22.6249 5.253E-14 7.382E+06 7.116E-21 7.258E-27
1071 9.000 1 5.000 22.6244 3.813E-14 6.824E+09 5.588E-24 5.268E-27
880 9.000 1 5.000 22.6291 3.688E-14 9.042E+06 4.078E-21 5.096E-27
864 9.000 1 5.000 22.6291 2.607E-14 2.000E+06 1.303E-20 3.602E-27
814 9.000 1 5.000 22.6321 1.908E-14 6.153E+05 3.100E-20 2.638E-27
947 9.000 1 5.000 22.6280 2.687E-16 4.788E+06 5.611E-23 3.712E-29
1088 9.000 1 5.000 22.6243 2.340E-16 1.799E+07 1.300E-23 3.232E-29
807 9.000 1 5.000 22.6321 7.858E-17 3.938E+06 1.996E-23 1.086E-29
918 9.000 1 5.000 22.6285 5.306E-19 1.493E+07 3.553E-26 7.332E-32
1168 9.000 1 5.000 22.4982 6.223E-20 3.332E+08 1.868E-28 8.500E-33
1186 9.000 1 5.000 22.4941 1.411E-22 3.998E+08 3.530E-31 1.927E-35
