j g(j) i g(i) wl A A+A^a A/(A+A^a) f
4 4.000 1 2.000 1.77799 2.848E+14 2.848E+14 1.000E+00 2.698E-01
2 2.000 1 2.000 1.78341 2.767E+14 2.767E+14 1.000E+00 1.320E-01
8 4.000 1 2.000 1.50233 7.723E+13 8.735E+13 8.841E-01 5.225E-02
5 2.000 1 2.000 1.50347 7.345E+13 8.385E+13 8.760E-01 2.490E-02
13 4.000 1 2.000 1.42488 3.163E+13 3.757E+13 8.417E-01 1.926E-02
20 4.000 1 2.000 1.39167 1.597E+13 1.947E+13 8.205E-01 9.276E-03
10 2.000 1 2.000 1.42532 2.986E+13 3.592E+13 8.312E-01 9.095E-03
29 4.000 1 2.000 1.37428 9.176E+12 1.136E+13 8.080E-01 5.195E-03
17 2.000 1 2.000 1.39189 1.502E+13 1.857E+13 8.088E-01 4.363E-03
40 4.000 1 2.000 1.36400 5.750E+12 7.188E+12 8.000E-01 3.208E-03
26 2.000 1 2.000 1.37440 8.605E+12 1.082E+13 7.956E-01 2.437E-03
37 2.000 1 2.000 1.36408 5.385E+12 6.841E+12 7.872E-01 1.503E-03
9 6.000 1 2.000 1.50195 1.787E+11 2.975E+13 6.007E-03 1.813E-04
7 4.000 1 2.000 1.50233 1.724E+11 2.997E+13 5.752E-03 1.167E-04
15 6.000 1 2.000 1.42474 9.890E+10 1.281E+13 7.720E-03 9.030E-05
12 4.000 1 2.000 1.42488 9.495E+10 1.291E+13 7.356E-03 5.780E-05
22 6.000 1 2.000 1.39161 5.597E+10 6.664E+12 8.398E-03 4.875E-05
19 4.000 1 2.000 1.39167 5.363E+10 6.716E+12 7.985E-03 3.114E-05
31 6.000 1 2.000 1.37424 3.403E+10 3.903E+12 8.720E-03 2.890E-05
42 6.000 1 2.000 1.36398 2.203E+10 2.480E+12 8.883E-03 1.845E-05
28 4.000 1 2.000 1.37428 3.255E+10 3.934E+12 8.274E-03 1.844E-05
39 4.000 1 2.000 1.36400 2.107E+10 2.500E+12 8.430E-03 1.176E-05
3 2.000 1 2.000 1.78327 3.658E+08 3.658E+08 1.000E+00 1.744E-07
6 2.000 1 2.000 1.50344 1.620E+08 3.056E+12 5.300E-05 5.485E-08
11 2.000 1 2.000 1.42531 7.720E+07 2.130E+12 3.624E-05 2.352E-08
18 2.000 1 2.000 1.39188 4.171E+07 1.367E+12 3.051E-05 1.211E-08
27 2.000 1 2.000 1.37440 2.482E+07 8.981E+11 2.764E-05 7.030E-09
38 2.000 1 2.000 1.36407 1.589E+07 6.129E+11 2.593E-05 4.433E-09
14 6.000 1 2.000 1.42474 1.539E+02 6.339E+12 2.427E-11 1.405E-13
21 6.000 1 2.000 1.39161 1.345E+02 3.287E+12 4.092E-11 1.172E-13
30 6.000 1 2.000 1.37424 9.863E+01 1.925E+12 5.123E-11 8.380E-14
41 6.000 1 2.000 1.36398 7.075E+01 1.225E+12 5.776E-11 5.920E-14
