j g(j) i g(i) wl A A+A^a A/(A+A^a) f
7 3.000 1 1.000 11.0034 1.238E+13 1.238E+13 1.000E+00 6.741E-01
17 3.000 1 1.000 9.43783 3.963E+12 4.186E+12 9.469E-01 1.587E-01
31 3.000 1 1.000 8.98875 1.791E+12 1.934E+12 9.262E-01 6.509E-02
49 3.000 1 1.000 8.79480 9.870E+11 1.083E+12 9.117E-01 3.434E-02
71 3.000 1 1.000 8.69280 6.263E+11 7.011E+11 8.933E-01 2.129E-02
97 3.000 1 1.000 8.63232 4.667E+11 5.559E+11 8.394E-01 1.564E-02
4 3.000 1 1.000 11.0921 6.640E+09 6.759E+09 9.823E-01 3.674E-04
10 3.000 1 1.000 9.45693 2.040E+09 2.321E+11 8.792E-03 8.207E-05
16 5.000 1 1.000 9.44463 9.178E+08 6.468E+11 1.419E-03 6.137E-05
30 5.000 1 1.000 8.99171 5.458E+08 2.854E+11 1.912E-03 3.308E-05
20 3.000 1 1.000 8.99629 8.370E+08 1.427E+11 5.864E-03 3.047E-05
48 5.000 1 1.000 8.79647 3.234E+08 1.580E+11 2.047E-03 1.876E-05
34 3.000 1 1.000 8.79867 4.090E+08 8.961E+10 4.564E-03 1.424E-05
70 5.000 1 1.000 8.69393 2.052E+08 1.056E+11 1.944E-03 1.163E-05
96 5.000 1 1.000 8.63324 1.414E+08 9.917E+10 1.426E-03 7.903E-06
52 3.000 1 1.000 8.69514 2.218E+08 6.266E+10 3.539E-03 7.541E-06
74 3.000 1 1.000 8.63395 1.236E+08 5.578E+10 2.215E-03 4.143E-06
14 5.000 1 1.000 9.44551 3.086E+07 6.732E+11 4.584E-05 2.064E-06
24 5.000 1 1.000 8.99213 1.098E+07 2.986E+11 3.676E-05 6.652E-07
5 5.000 1 1.000 11.0889 4.500E+06 1.349E+08 3.336E-02 4.148E-07
38 5.000 1 1.000 8.79670 5.178E+06 1.628E+11 3.181E-05 3.004E-07
56 5.000 1 1.000 8.69407 2.836E+06 1.041E+11 2.723E-05 1.607E-07
11 5.000 1 1.000 9.45626 1.828E+06 2.292E+11 7.974E-06 1.225E-07
94 5.000 1 1.000 8.63334 1.684E+06 8.522E+10 1.977E-05 9.411E-08
21 5.000 1 1.000 8.99604 8.708E+05 1.415E+11 6.152E-06 5.282E-08
35 5.000 1 1.000 8.79854 4.812E+05 8.902E+10 5.405E-06 2.792E-08
53 5.000 1 1.000 8.69507 2.980E+05 6.232E+10 4.781E-06 1.689E-08
75 5.000 1 1.000 8.63391 2.064E+05 5.563E+10 3.710E-06 1.153E-08
2 3.000 1 1.000 11.2021 2.809E+04 2.809E+04 1.000E+00 1.586E-09
8 3.000 1 1.000 9.47895 1.272E+04 9.329E+10 1.363E-07 5.141E-10
18 3.000 1 1.000 9.00455 6.207E+03 7.024E+10 8.836E-08 2.263E-10
32 3.000 1 1.000 8.80270 3.440E+03 5.223E+10 6.586E-08 1.199E-10
50 3.000 1 1.000 8.69743 2.114E+03 4.500E+10 4.698E-08 7.194E-11
72 3.000 1 1.000 8.63540 1.432E+03 5.852E+10 2.448E-08 4.804E-11
13 3.000 1 1.000 9.44561 1.191E+02 6.741E+11 1.766E-10 4.778E-12
23 3.000 1 1.000 8.99217 7.697E+01 2.990E+11 2.574E-10 2.800E-12
37 3.000 1 1.000 8.79672 4.737E+01 1.629E+11 2.907E-10 1.649E-12
55 3.000 1 1.000 8.69408 3.064E+01 1.042E+11 2.940E-10 1.042E-12
87 3.000 1 1.000 8.63334 2.126E+01 8.513E+10 2.498E-10 7.129E-13
26 5.000 1 1.000 8.99201 1.968E-03 1.384E+11 1.422E-14 1.193E-16
39 5.000 1 1.000 8.79667 1.747E-03 7.203E+10 2.426E-14 1.014E-16
57 5.000 1 1.000 8.69407 1.297E-03 4.286E+10 3.027E-14 7.351E-17
77 5.000 1 1.000 8.63336 9.448E-04 2.895E+10 3.263E-14 5.279E-17
