j g(j) i g(i) wl A A+A^a A/(A+A^a) f
19 7.000 1 5.000 30.9736 4.656E+11 1.678E+14 2.774E-03 9.376E-02
20 3.000 1 5.000 30.8951 1.063E+12 3.479E+13 3.056E-02 9.130E-02
23 5.000 1 5.000 30.7852 3.444E+11 1.388E+14 2.482E-03 4.894E-02
22 3.000 1 5.000 30.7854 1.975E+11 1.381E+14 1.430E-03 1.684E-02
18 5.000 1 5.000 30.9737 1.138E+11 1.693E+14 6.722E-04 1.637E-02
43 7.000 1 5.000 29.3365 7.904E+10 1.298E+13 6.090E-03 1.428E-02
109 7.000 1 5.000 29.0477 6.131E+10 1.060E+12 5.785E-02 1.086E-02
47 5.000 1 5.000 29.3114 6.168E+10 1.043E+13 5.913E-03 7.946E-03
112 5.000 1 5.000 29.0369 4.508E+10 1.072E+12 4.204E-02 5.698E-03
37 3.000 1 5.000 29.4031 5.690E+10 7.100E+11 8.014E-02 4.424E-03
417 7.000 1 5.000 28.8472 1.999E+10 3.888E+12 5.140E-03 3.490E-03
187 7.000 1 5.000 28.9330 1.944E+10 5.619E+12 3.460E-03 3.416E-03
182 3.000 1 5.000 28.9415 3.763E+10 9.285E+11 4.053E-02 2.836E-03
570 7.000 1 5.000 28.7564 1.626E+10 9.525E+13 1.707E-04 2.822E-03
292 7.000 1 5.000 28.8799 1.583E+10 3.524E+12 4.491E-03 2.772E-03
46 3.000 1 5.000 29.3121 3.480E+10 1.045E+13 3.330E-03 2.690E-03
572 5.000 1 5.000 28.7474 2.064E+10 8.619E+13 2.395E-04 2.556E-03
426 5.000 1 5.000 28.8456 1.931E+10 2.452E+12 7.878E-03 2.410E-03
42 5.000 1 5.000 29.3377 1.832E+10 1.316E+13 1.392E-03 2.364E-03
611 3.000 1 5.000 28.6975 3.089E+10 1.364E+13 2.264E-03 2.288E-03
191 5.000 1 5.000 28.9287 1.537E+10 3.508E+12 4.382E-03 1.929E-03
108 5.000 1 5.000 29.0489 1.414E+10 1.083E+12 1.306E-02 1.789E-03
111 3.000 1 5.000 29.0372 2.336E+10 1.154E+12 2.024E-02 1.772E-03
295 5.000 1 5.000 28.8777 1.395E+10 2.166E+12 6.444E-03 1.745E-03
167 3.000 1 5.000 28.9767 2.240E+10 1.909E+12 1.174E-02 1.692E-03
746 3.000 1 5.000 28.5907 1.796E+10 7.328E+12 2.451E-03 1.321E-03
17 3.000 1 5.000 30.9737 1.231E+10 1.691E+14 7.278E-05 1.062E-03
1061 3.000 1 5.000 28.5023 1.409E+10 2.148E+13 6.559E-04 1.029E-03
996 3.000 1 5.000 28.5362 1.309E+10 6.885E+12 1.901E-03 9.586E-04
422 3.000 1 5.000 28.8463 1.108E+10 2.376E+12 4.664E-03 8.294E-04
554 5.000 1 5.000 28.7844 6.564E+09 8.752E+12 7.500E-04 8.154E-04
573 3.000 1 5.000 28.7472 1.080E+10 1.137E+14 9.492E-05 8.028E-04
190 3.000 1 5.000 28.9295 1.033E+10 3.462E+12 2.983E-03 7.774E-04
280 3.000 1 5.000 28.8892 1.000E+10 7.237E+10 1.382E-01 7.508E-04
732 7.000 1 5.000 28.6057 3.911E+09 5.846E+12 6.691E-04 6.718E-04
294 3.000 1 5.000 28.8785 8.490E+09 2.071E+12 4.100E-03 6.370E-04
578 7.000 1 5.000 28.7244 3.677E+09 4.059E+13 9.059E-05 6.368E-04
569 5.000 1 5.000 28.7568 4.524E+09 8.046E+13 5.623E-05 5.608E-04
657 7.000 1 5.000 28.6451 3.239E+09 5.643E+13 5.739E-05 5.578E-04
101 5.000 1 5.000 29.0750 4.312E+09 3.574E+12 1.207E-03 5.464E-04
90 3.000 1 5.000 29.0834 6.917E+09 7.825E+11 8.840E-03 5.262E-04
1063 3.000 1 5.000 28.5016 7.170E+09 1.422E+13 5.042E-04 5.240E-04
660 5.000 1 5.000 28.6414 3.398E+09 4.517E+13 7.523E-05 4.180E-04
186 5.000 1 5.000 28.9341 3.096E+09 5.554E+12 5.575E-04 3.886E-04
738 5.000 1 5.000 28.6036 2.978E+09 9.462E+12 3.147E-04 3.654E-04
86 7.000 1 5.000 29.0908 1.757E+09 2.126E+12 8.263E-04 3.120E-04
409 3.000 1 5.000 28.8553 3.927E+09 8.892E+10 4.416E-02 2.942E-04
100 3.000 1 5.000 29.0752 3.837E+09 3.532E+12 1.086E-03 2.918E-04
553 3.000 1 5.000 28.7845 3.817E+09 8.637E+12 4.419E-04 2.844E-04
883 7.000 1 5.000 28.5558 1.620E+09 2.568E+13 6.309E-05 2.774E-04
990 7.000 1 5.000 28.5451 1.298E+09 1.410E+13 9.205E-05 2.220E-04
887 5.000 1 5.000 28.5539 1.815E+09 1.598E+13 1.136E-04 2.218E-04
291 5.000 1 5.000 28.8812 1.768E+09 3.298E+12 5.360E-04 2.210E-04
1056 7.000 1 5.000 28.5116 1.284E+09 3.433E+12 3.740E-04 2.190E-04
413 5.000 1 5.000 28.8484 1.750E+09 3.734E+12 4.686E-04 2.182E-04
1057 5.000 1 5.000 28.5110 1.423E+09 1.699E+12 8.375E-04 1.734E-04
183 3.000 1 5.000 28.9403 2.296E+09 9.098E+12 2.523E-04 1.729E-04
749 7.000 1 5.000 28.5880 8.997E+08 4.050E+13 2.221E-05 1.543E-04
41 3.000 1 5.000 29.3385 1.949E+09 1.308E+13 1.490E-04 1.509E-04
115 7.000 1 5.000 29.0131 8.220E+08 9.819E+12 8.372E-05 1.452E-04
659 3.000 1 5.000 28.6414 1.678E+09 5.157E+13 3.255E-05 1.239E-04
752 5.000 1 5.000 28.5855 9.996E+08 3.258E+13 3.069E-05 1.225E-04
656 5.000 1 5.000 28.6453 9.636E+08 4.031E+13 2.391E-05 1.185E-04
107 3.000 1 5.000 29.0497 1.463E+09 1.110E+12 1.319E-03 1.111E-04
577 5.000 1 5.000 28.7251 8.926E+08 3.207E+13 2.783E-05 1.104E-04
1121 5.000 1 5.000 28.4937 8.012E+08 4.720E+13 1.698E-05 9.752E-05
993 5.000 1 5.000 28.5436 7.690E+08 1.346E+13 5.712E-05 9.392E-05
737 3.000 1 5.000 28.6043 1.045E+09 8.756E+12 1.193E-04 7.690E-05
886 3.000 1 5.000 28.5541 8.530E+08 2.257E+13 3.779E-05 6.256E-05
882 5.000 1 5.000 28.5560 4.866E+08 1.759E+13 2.766E-05 5.950E-05
731 5.000 1 5.000 28.6066 4.846E+08 7.406E+12 6.543E-05 5.944E-05
1139 5.000 1 5.000 28.3800 3.940E+08 2.573E+13 1.531E-05 4.756E-05
38 3.000 1 5.000 29.3974 5.397E+08 2.949E+12 1.830E-04 4.196E-05
568 3.000 1 5.000 28.7571 5.300E+08 7.004E+13 7.567E-06 3.944E-05
85 5.000 1 5.000 29.0915 3.000E+08 2.221E+12 1.351E-04 3.806E-05
406 3.000 1 5.000 28.8567 4.667E+08 1.485E+11 3.143E-03 3.496E-05
1122 3.000 1 5.000 28.4937 4.670E+08 4.342E+13 1.075E-05 3.410E-05
581 5.000 1 5.000 28.7169 2.660E+08 7.302E+13 3.643E-06 3.290E-05
748 5.000 1 5.000 28.5881 2.622E+08 2.771E+13 9.462E-06 3.212E-05
1157 5.000 1 5.000 28.3226 2.140E+08 1.243E+13 1.722E-05 2.574E-05
276 3.000 1 5.000 28.8917 3.281E+08 2.543E+11 1.290E-03 2.464E-05
415 5.000 1 5.000 28.8480 1.915E+08 9.989E+11 1.917E-04 2.390E-05
751 3.000 1 5.000 28.5856 2.727E+08 3.099E+13 8.800E-06 2.004E-05
434 7.000 1 5.000 28.8448 1.111E+08 3.094E+09 3.591E-02 1.940E-05
1055 3.000 1 5.000 28.5117 2.634E+08 1.622E+12 1.624E-04 1.926E-05
989 5.000 1 5.000 28.5460 1.520E+08 9.586E+12 1.586E-05 1.857E-05
24 5.000 1 5.000 30.7250 1.308E+08 1.383E+14 9.457E-07 1.851E-05
1179 5.000 1 5.000 28.2897 1.479E+08 7.807E+12 1.895E-05 1.775E-05
1140 3.000 1 5.000 28.3799 2.282E+08 2.720E+13 8.390E-06 1.653E-05
114 5.000 1 5.000 29.0136 1.276E+08 9.726E+12 1.312E-05 1.610E-05
185 3.000 1 5.000 28.9348 2.102E+08 5.645E+12 3.724E-05 1.583E-05
661 5.000 1 5.000 28.6406 1.070E+08 1.443E+13 7.411E-06 1.315E-05
103 5.000 1 5.000 29.0737 8.768E+07 1.183E+12 7.413E-05 1.111E-05
451 7.000 1 5.000 28.8441 6.340E+07 9.979E+08 6.353E-02 1.107E-05
405 7.000 1 5.000 28.8569 5.201E+07 1.552E+11 3.351E-04 9.092E-06
992 3.000 1 5.000 28.5443 1.221E+08 1.061E+13 1.150E-05 8.946E-06
1158 3.000 1 5.000 28.3226 1.239E+08 1.567E+13 7.904E-06 8.940E-06
741 3.000 1 5.000 28.5961 1.209E+08 3.246E+12 3.723E-05 8.890E-06
104 7.000 1 5.000 29.0669 4.970E+07 4.942E+12 1.006E-05 8.814E-06
655 3.000 1 5.000 28.6454 1.177E+08 4.285E+13 2.747E-06 8.688E-06
622 3.000 1 5.000 28.6876 1.055E+08 1.051E+13 1.004E-05 7.812E-06
884 5.000 1 5.000 28.5548 6.120E+07 5.241E+12 1.168E-05 7.482E-06
576 3.000 1 5.000 28.7255 9.700E+07 4.451E+13 2.179E-06 7.200E-06
616 3.000 1 5.000 28.6959 9.227E+07 3.279E+11 2.814E-04 6.834E-06
1180 3.000 1 5.000 28.2897 8.580E+07 1.040E+13 8.251E-06 6.176E-06
88 7.000 1 5.000 29.0860 3.463E+07 8.955E+12 3.867E-06 6.150E-06
290 3.000 1 5.000 28.8819 7.520E+07 3.482E+12 2.160E-05 5.642E-06
580 3.000 1 5.000 28.7179 7.510E+07 6.342E+13 1.184E-06 5.570E-06
178 3.000 1 5.000 28.9532 6.997E+07 4.738E+11 1.477E-04 5.276E-06
454 7.000 1 5.000 28.8440 2.790E+07 2.955E+08 9.442E-02 4.872E-06
411 3.000 1 5.000 28.8491 5.983E+07 3.892E+12 1.537E-05 4.480E-06
275 7.000 1 5.000 28.8923 2.523E+07 2.576E+11 9.793E-05 4.420E-06
880 3.000 1 5.000 28.5561 5.980E+07 1.506E+13 3.970E-06 4.386E-06
105 3.000 1 5.000 29.0524 5.637E+07 2.415E+12 2.334E-05 4.278E-06
97 5.000 1 5.000 29.0767 3.304E+07 1.038E+12 3.183E-05 4.188E-06
289 5.000 1 5.000 28.8821 3.006E+07 5.280E+11 5.693E-05 3.760E-06
432 7.000 1 5.000 28.8448 2.139E+07 2.649E+08 8.074E-02 3.734E-06
1053 5.000 1 5.000 28.5126 2.974E+07 2.820E+12 1.055E-05 3.624E-06
453 5.000 1 5.000 28.8440 2.476E+07 5.235E+08 4.729E-02 3.088E-06
536 7.000 1 5.000 28.8422 1.741E+07 1.661E+08 1.048E-01 3.042E-06
407 5.000 1 5.000 28.8560 2.036E+07 1.588E+11 1.282E-04 2.542E-06
730 3.000 1 5.000 28.6071 3.343E+07 6.535E+12 5.116E-06 2.460E-06
747 3.000 1 5.000 28.5882 2.954E+07 2.936E+13 1.006E-06 2.172E-06
607 3.000 1 5.000 28.6976 2.873E+07 1.342E+11 2.141E-04 2.128E-06
1012 3.000 1 5.000 28.5276 2.698E+07 1.952E+13 1.382E-06 1.975E-06
25 3.000 1 5.000 30.5385 2.348E+07 1.087E+14 2.160E-07 1.970E-06
84 3.000 1 5.000 29.0920 2.483E+07 2.247E+12 1.105E-05 1.890E-06
92 3.000 1 5.000 29.0819 2.362E+07 1.024E+12 2.307E-05 1.797E-06
404 5.000 1 5.000 28.8576 1.421E+07 1.553E+11 9.153E-05 1.774E-06
617 5.000 1 5.000 28.6957 1.348E+07 3.771E+11 3.576E-05 1.665E-06
176 7.000 1 5.000 28.9545 7.644E+06 4.728E+11 1.617E-05 1.345E-06
431 5.000 1 5.000 28.8448 9.824E+06 1.023E+08 9.602E-02 1.225E-06
965 7.000 1 5.000 28.5466 7.104E+06 2.255E+10 3.151E-04 1.215E-06
314 7.000 1 5.000 28.8718 6.896E+06 8.657E+07 7.966E-02 1.206E-06
519 5.000 1 5.000 28.8423 9.524E+06 1.175E+08 8.107E-02 1.188E-06
559 7.000 1 5.000 28.7742 6.374E+06 3.098E+12 2.058E-06 1.108E-06
274 5.000 1 5.000 28.8929 8.416E+06 2.573E+11 3.271E-05 1.053E-06
483 5.000 1 5.000 28.8438 8.246E+06 1.071E+08 7.700E-02 1.029E-06
563 7.000 1 5.000 28.7671 5.839E+06 1.893E+12 3.084E-06 1.014E-06
277 5.000 1 5.000 28.8911 7.726E+06 2.568E+11 3.009E-05 9.668E-07
184 5.000 1 5.000 28.9388 7.642E+06 1.053E+12 7.254E-06 9.594E-07
330 7.000 1 5.000 28.8711 5.399E+06 8.318E+07 6.490E-02 9.446E-07
564 5.000 1 5.000 28.7605 7.352E+06 1.785E+11 4.119E-05 9.116E-07
40 7.000 1 5.000 29.3961 4.284E+06 2.961E+12 1.447E-06 7.770E-07
212 7.000 1 5.000 28.9167 4.397E+06 1.344E+08 3.271E-02 7.718E-07
135 5.000 1 5.000 29.0026 5.804E+06 5.479E+12 1.059E-06 7.320E-07
93 5.000 1 5.000 29.0814 5.750E+06 1.021E+12 5.633E-06 7.290E-07
1120 5.000 1 5.000 28.4948 5.893E+06 3.336E+13 1.766E-07 7.173E-07
984 3.000 1 5.000 28.5464 9.783E+06 9.589E+12 1.020E-06 7.172E-07
87 5.000 1 5.000 29.0862 5.424E+06 8.948E+12 6.061E-07 6.880E-07
113 3.000 1 5.000 29.0139 9.000E+06 9.720E+12 9.260E-07 6.816E-07
641 7.000 1 5.000 28.6528 3.806E+06 4.669E+10 8.151E-05 6.558E-07
312 7.000 1 5.000 28.8718 3.627E+06 8.075E+07 4.492E-02 6.346E-07
139 7.000 1 5.000 28.9999 3.019E+06 7.137E+09 4.230E-04 5.330E-07
279 7.000 1 5.000 28.8903 3.039E+06 2.568E+11 1.183E-05 5.322E-07
495 5.000 1 5.000 28.8425 4.130E+06 6.648E+07 6.212E-02 5.150E-07
410 7.000 1 5.000 28.8552 2.689E+06 1.548E+11 1.737E-05 4.700E-07
214 7.000 1 5.000 28.9167 2.566E+06 1.330E+08 1.930E-02 4.502E-07
181 7.000 1 5.000 28.9519 2.519E+06 4.727E+11 5.329E-06 4.431E-07
947 5.000 1 5.000 28.5467 3.548E+06 6.886E+10 5.152E-05 4.334E-07
514 7.000 1 5.000 28.8423 2.469E+06 5.581E+07 4.423E-02 4.310E-07
106 5.000 1 5.000 29.0507 3.349E+06 1.983E+12 1.689E-06 4.239E-07
332 7.000 1 5.000 28.8710 2.361E+06 7.942E+07 2.973E-02 4.132E-07
175 5.000 1 5.000 28.9552 3.256E+06 4.733E+11 6.879E-06 4.092E-07
662 3.000 1 5.000 28.6383 5.380E+06 1.535E+13 3.505E-07 3.968E-07
220 7.000 1 5.000 28.9161 2.224E+06 1.329E+08 1.673E-02 3.904E-07
638 7.000 1 5.000 28.6532 2.100E+06 9.273E+12 2.265E-07 3.620E-07
1124 3.000 1 5.000 28.4629 4.953E+06 3.156E+13 1.569E-07 3.610E-07
759 3.000 1 5.000 28.5760 4.564E+06 1.266E+13 3.604E-07 3.352E-07
390 7.000 1 5.000 28.8691 1.709E+06 8.047E+07 2.123E-02 2.988E-07
180 5.000 1 5.000 28.9523 2.369E+06 1.653E+13 1.433E-07 2.979E-07
44 5.000 1 5.000 29.3305 2.131E+06 4.364E+12 4.884E-07 2.748E-07
222 7.000 1 5.000 28.9159 1.536E+06 1.293E+08 1.188E-02 2.696E-07
16 5.000 1 5.000 31.3990 1.794E+06 9.650E+13 1.859E-08 2.651E-07
331 5.000 1 5.000 28.8710 2.056E+06 8.324E+07 2.470E-02 2.570E-07
571 3.000 1 5.000 28.7550 3.370E+06 2.418E+13 1.394E-07 2.508E-07
964 5.000 1 5.000 28.5466 1.950E+06 4.768E+10 4.089E-05 2.382E-07
132 3.000 1 5.000 29.0036 2.897E+06 5.442E+12 5.324E-07 2.192E-07
843 7.000 1 5.000 28.5715 1.180E+06 2.531E+10 4.661E-05 2.022E-07
179 5.000 1 5.000 28.9526 1.526E+06 4.729E+11 3.227E-06 1.918E-07
743 7.000 1 5.000 28.5932 1.053E+06 4.768E+12 2.208E-07 1.807E-07
651 7.000 1 5.000 28.6496 1.007E+06 1.987E+12 5.066E-07 1.735E-07
221 5.000 1 5.000 28.9159 1.380E+06 1.340E+08 1.030E-02 1.730E-07
942 3.000 1 5.000 28.5467 2.141E+06 6.229E+11 3.437E-06 1.569E-07
596 5.000 1 5.000 28.6995 1.267E+06 1.313E+13 9.647E-08 1.564E-07
561 3.000 1 5.000 28.7739 2.030E+06 2.664E+12 7.621E-07 1.512E-07
98 7.000 1 5.000 29.0760 8.355E+05 1.022E+12 8.174E-07 1.483E-07
258 7.000 1 5.000 28.9137 8.354E+05 1.268E+08 6.591E-03 1.466E-07
558 5.000 1 5.000 28.7743 1.180E+06 3.082E+12 3.828E-07 1.464E-07
145 7.000 1 5.000 28.9991 8.020E+05 2.405E+08 3.335E-03 1.416E-07
708 7.000 1 5.000 28.6167 7.939E+05 4.876E+10 1.628E-05 1.365E-07
986 3.000 1 5.000 28.5463 1.837E+06 5.673E+11 3.239E-06 1.347E-07
721 5.000 1 5.000 28.6159 1.096E+06 5.495E+10 1.994E-05 1.345E-07
1068 7.000 1 5.000 28.5013 6.850E+05 9.839E+09 6.962E-05 1.168E-07
34 5.000 1 5.000 29.4114 8.975E+05 2.965E+12 3.027E-07 1.164E-07
379 5.000 1 5.000 28.8692 8.872E+05 8.068E+07 1.100E-02 1.109E-07
491 3.000 1 5.000 28.8426 1.424E+06 1.246E+08 1.142E-02 1.065E-07
35 7.000 1 5.000 29.4106 5.839E+05 2.963E+12 1.971E-07 1.060E-07
1008 7.000 1 5.000 28.5277 6.204E+05 1.581E+10 3.924E-05 1.060E-07
493 3.000 1 5.000 28.8425 1.242E+06 1.161E+08 1.070E-02 9.296E-08
352 5.000 1 5.000 28.8707 7.408E+05 7.977E+07 9.287E-03 9.256E-08
403 3.000 1 5.000 28.8579 1.113E+06 1.549E+11 7.185E-06 8.336E-08
234 5.000 1 5.000 28.9155 5.950E+05 1.289E+08 4.616E-03 7.458E-08
646 5.000 1 5.000 28.6515 5.830E+05 2.521E+10 2.313E-05 7.176E-08
1114 7.000 1 5.000 28.4995 4.073E+05 1.022E+10 3.984E-05 6.944E-08
988 3.000 1 5.000 28.5462 9.300E+05 5.043E+10 1.844E-05 6.816E-08
482 3.000 1 5.000 28.8438 8.750E+05 6.620E+07 1.322E-02 6.548E-08
876 7.000 1 5.000 28.5590 3.771E+05 2.731E+12 1.381E-07 6.456E-08
907 7.000 1 5.000 28.5470 3.651E+05 3.961E+10 9.219E-06 6.246E-08
144 5.000 1 5.000 28.9991 4.738E+05 2.747E+09 1.724E-04 5.974E-08
73 9.000 1 5.000 29.1850 2.438E+05 3.661E+10 6.659E-06 5.604E-08
642 5.000 1 5.000 28.6528 4.426E+05 5.828E+10 7.594E-06 5.448E-08
94 7.000 1 5.000 29.0807 2.886E+05 9.991E+11 2.888E-07 5.122E-08
360 5.000 1 5.000 28.8694 4.056E+05 7.797E+07 5.202E-03 5.068E-08
252 5.000 1 5.000 28.9139 4.024E+05 1.281E+08 3.140E-03 5.044E-08
637 5.000 1 5.000 28.6533 3.958E+05 8.070E+12 4.905E-08 4.872E-08
1041 7.000 1 5.000 28.5257 2.790E+05 1.521E+10 1.835E-05 4.766E-08
753 5.000 1 5.000 28.5780 3.718E+05 1.120E+13 3.320E-08 4.553E-08
653 7.000 1 5.000 28.6493 2.613E+05 8.781E+11 2.975E-07 4.502E-08
865 7.000 1 5.000 28.5693 2.613E+05 2.482E+10 1.053E-05 4.476E-08
33 3.000 1 5.000 29.4119 5.503E+05 2.966E+12 1.855E-07 4.282E-08
1052 3.000 1 5.000 28.5131 5.757E+05 2.870E+12 2.006E-07 4.210E-08
1066 7.000 1 5.000 28.5013 2.454E+05 9.735E+09 2.521E-05 4.184E-08
1009 7.000 1 5.000 28.5277 2.444E+05 1.463E+10 1.670E-05 4.174E-08
376 7.000 1 5.000 28.8693 2.347E+05 7.708E+07 3.045E-03 4.106E-08
1087 5.000 1 5.000 28.4998 3.136E+05 1.717E+10 1.827E-05 3.818E-08
137 9.000 1 5.000 29.0012 1.611E+05 2.051E+10 7.857E-06 3.656E-08
141 7.000 1 5.000 28.9997 2.011E+05 2.417E+08 8.320E-04 3.550E-08
273 3.000 1 5.000 28.8932 4.610E+05 2.572E+11 1.792E-06 3.462E-08
311 5.000 1 5.000 28.8718 2.762E+05 7.771E+07 3.554E-03 3.452E-08
148 5.000 1 5.000 28.9986 2.604E+05 8.986E+08 2.898E-04 3.282E-08
888 3.000 1 5.000 28.5535 4.410E+05 5.467E+12 8.066E-08 3.234E-08
416 9.000 1 5.000 28.8472 1.394E+05 8.123E+10 1.717E-06 3.132E-08
724 3.000 1 5.000 28.6157 3.823E+05 8.000E+10 4.779E-06 2.816E-08
76 7.000 1 5.000 29.1716 1.556E+05 3.152E+10 4.936E-06 2.780E-08
852 5.000 1 5.000 28.5701 2.202E+05 1.716E+10 1.283E-05 2.694E-08
879 7.000 1 5.000 28.5576 1.533E+05 3.508E+12 4.370E-08 2.624E-08
160 7.000 1 5.000 28.9960 1.483E+05 2.290E+08 6.477E-04 2.616E-08
742 5.000 1 5.000 28.5933 1.913E+05 4.453E+12 4.296E-08 2.344E-08
985 5.000 1 5.000 28.5463 1.859E+05 3.159E+10 5.885E-06 2.270E-08
1023 5.000 1 5.000 28.5262 1.839E+05 1.354E+10 1.358E-05 2.244E-08
164 7.000 1 5.000 28.9948 1.210E+05 1.912E+10 6.326E-06 2.134E-08
649 7.000 1 5.000 28.6498 1.224E+05 5.394E+12 2.269E-08 2.108E-08
354 9.000 1 5.000 28.8699 9.277E+04 1.059E+10 8.757E-06 2.086E-08
242 5.000 1 5.000 28.9142 1.577E+05 1.268E+08 1.244E-03 1.976E-08
209 9.000 1 5.000 28.9178 8.589E+04 7.945E+09 1.081E-05 1.938E-08
821 7.000 1 5.000 28.5730 1.115E+05 2.936E+10 3.797E-06 1.910E-08
75 5.000 1 5.000 29.1720 1.378E+05 3.221E+10 4.278E-06 1.758E-08
740 5.000 1 5.000 28.5996 1.421E+05 4.251E+12 3.342E-08 1.742E-08
249 7.000 1 5.000 28.9139 9.561E+04 1.268E+08 7.538E-04 1.678E-08
629 9.000 1 5.000 28.6604 7.426E+04 4.779E+12 1.554E-08 1.646E-08
844 5.000 1 5.000 28.5715 1.279E+05 3.474E+10 3.680E-06 1.565E-08
213 5.000 1 5.000 28.9167 1.236E+05 1.312E+08 9.419E-04 1.549E-08
261 7.000 1 5.000 28.9132 8.720E+04 1.232E+10 7.079E-06 1.530E-08
620 3.000 1 5.000 28.6956 2.051E+05 4.690E+11 4.374E-07 1.520E-08
393 7.000 1 5.000 28.8687 8.660E+04 8.361E+09 1.036E-05 1.515E-08
58 3.000 1 5.000 29.1974 1.871E+05 5.258E+10 3.558E-06 1.435E-08
722 3.000 1 5.000 28.6159 1.927E+05 1.100E+11 1.752E-06 1.420E-08
356 3.000 1 5.000 28.8696 1.882E+05 8.083E+07 2.329E-03 1.411E-08
610 5.000 1 5.000 28.6975 1.126E+05 5.339E+11 2.109E-07 1.390E-08
163 5.000 1 5.000 28.9952 1.082E+05 1.904E+10 5.682E-06 1.363E-08
1010 5.000 1 5.000 28.5277 1.081E+05 7.345E+10 1.472E-06 1.319E-08
72 7.000 1 5.000 29.1862 7.081E+04 3.761E+10 1.883E-06 1.266E-08
1001 5.000 1 5.000 28.5291 1.028E+05 1.597E+13 6.439E-09 1.255E-08
539 5.000 1 5.000 28.8419 9.252E+04 2.173E+10 4.257E-06 1.154E-08
707 5.000 1 5.000 28.6168 9.176E+04 4.882E+10 1.880E-06 1.127E-08
57 5.000 1 5.000 29.1982 8.284E+04 5.005E+10 1.655E-06 1.059E-08
260 5.000 1 5.000 28.9135 8.102E+04 1.217E+10 6.658E-06 1.015E-08
236 3.000 1 5.000 28.9147 1.347E+05 1.323E+08 1.018E-03 1.013E-08
636 7.000 1 5.000 28.6563 5.706E+04 5.996E+12 9.515E-09 9.834E-09
906 5.000 1 5.000 28.5470 8.046E+04 4.289E+10 1.876E-06 9.832E-09
488 7.000 1 5.000 28.8432 5.611E+04 3.612E+10 1.554E-06 9.800E-09
96 3.000 1 5.000 29.0772 1.285E+05 1.094E+12 1.174E-07 9.771E-09
541 3.000 1 5.000 28.8414 1.286E+05 2.403E+10 5.351E-06 9.622E-09
392 5.000 1 5.000 28.8690 7.536E+04 7.892E+09 9.548E-06 9.418E-09
359 3.000 1 5.000 28.8694 1.244E+05 7.972E+07 1.560E-03 9.324E-09
1065 5.000 1 5.000 28.5013 7.458E+04 1.799E+10 4.146E-06 9.084E-09
874 5.000 1 5.000 28.5591 7.310E+04 2.550E+12 2.866E-08 8.940E-09
645 3.000 1 5.000 28.6515 1.208E+05 3.100E+10 3.898E-06 8.924E-09
609 7.000 1 5.000 28.6976 4.967E+04 7.519E+10 6.606E-07 8.586E-09
635 5.000 1 5.000 28.6564 6.872E+04 4.755E+12 1.445E-08 8.462E-09
838 5.000 1 5.000 28.5725 6.806E+04 3.198E+10 2.128E-06 8.330E-09
351 3.000 1 5.000 28.8707 1.050E+05 7.932E+07 1.324E-03 7.872E-09
650 5.000 1 5.000 28.6497 6.190E+04 5.335E+10 1.160E-06 7.618E-09
1142 3.000 1 5.000 28.3727 9.976E+04 5.662E+13 1.762E-09 7.224E-09
122 3.000 1 5.000 29.0068 9.420E+04 1.180E+10 7.983E-06 7.130E-09
136 7.000 1 5.000 29.0023 3.940E+04 2.078E+10 1.896E-06 6.956E-09
231 3.000 1 5.000 28.9155 8.880E+04 1.305E+08 6.806E-04 6.680E-09
157 5.000 1 5.000 28.9963 5.246E+04 2.305E+08 2.276E-04 6.614E-09
59 1.000 1 5.000 29.1970 2.568E+05 6.114E+10 4.200E-06 6.564E-09
771 9.000 1 5.000 28.5744 2.948E+04 6.579E+12 4.481E-09 6.496E-09
538 7.000 1 5.000 28.8421 3.716E+04 4.284E+10 8.673E-07 6.488E-09
814 7.000 1 5.000 28.5730 3.553E+04 2.934E+12 1.211E-08 6.088E-09
414 7.000 1 5.000 28.8481 3.299E+04 7.764E+10 4.248E-07 5.760E-09
1002 9.000 1 5.000 28.5290 2.541E+04 1.507E+12 1.686E-08 5.582E-09
121 5.000 1 5.000 29.0075 4.182E+04 1.207E+10 3.466E-06 5.274E-09
1109 5.000 1 5.000 28.4995 4.288E+04 1.568E+10 2.735E-06 5.220E-09
705 5.000 1 5.000 28.6168 4.194E+04 9.696E+10 4.325E-07 5.148E-09
745 7.000 1 5.000 28.5911 2.941E+04 5.117E+12 5.748E-09 5.046E-09
143 7.000 1 5.000 28.9992 2.790E+04 2.412E+08 1.157E-04 4.926E-09
74 3.000 1 5.000 29.1723 6.023E+04 3.034E+10 1.985E-06 4.610E-09
1004 7.000 1 5.000 28.5280 2.566E+04 1.741E+12 1.474E-08 4.382E-09
140 5.000 1 5.000 28.9997 3.450E+04 2.436E+08 1.416E-04 4.350E-09
545 7.000 1 5.000 28.8339 2.416E+04 8.645E+10 2.794E-07 4.216E-09
542 1.000 1 5.000 28.8412 1.612E+05 2.528E+10 6.377E-06 4.020E-09
241 3.000 1 5.000 28.9142 5.323E+04 1.293E+08 4.118E-04 4.004E-09
634 3.000 1 5.000 28.6566 5.377E+04 7.827E+12 6.869E-09 3.972E-09
162 3.000 1 5.000 28.9955 4.877E+04 1.944E+10 2.509E-06 3.688E-09
1006 5.000 1 5.000 28.5279 2.890E+04 1.662E+12 1.739E-08 3.526E-09
864 5.000 1 5.000 28.5693 2.856E+04 3.160E+10 9.038E-07 3.494E-09
1040 5.000 1 5.000 28.5257 2.852E+04 1.982E+10 1.439E-06 3.478E-09
1064 9.000 1 5.000 28.5015 1.572E+04 8.259E+11 1.904E-08 3.446E-09
363 3.000 1 5.000 28.8694 4.463E+04 7.878E+09 5.665E-06 3.346E-09
205 7.000 1 5.000 28.9189 1.904E+04 8.014E+09 2.376E-06 3.342E-09
818 5.000 1 5.000 28.5730 2.690E+04 6.422E+10 4.189E-07 3.292E-09
544 5.000 1 5.000 28.8342 2.528E+04 8.575E+10 2.948E-07 3.152E-09
174 3.000 1 5.000 28.9555 4.120E+04 4.735E+11 8.702E-08 3.108E-09
851 3.000 1 5.000 28.5702 4.227E+04 2.181E+10 1.938E-06 3.104E-09
151 3.000 1 5.000 28.9980 4.080E+04 2.429E+08 1.680E-04 3.086E-09
123 1.000 1 5.000 29.0064 1.223E+05 1.068E+10 1.145E-05 3.084E-09
1082 7.000 1 5.000 28.5010 1.759E+04 1.028E+12 1.710E-08 3.000E-09
255 3.000 1 5.000 28.9139 3.923E+04 1.220E+10 3.216E-06 2.950E-09
845 7.000 1 5.000 28.5715 1.703E+04 2.479E+10 6.869E-07 2.916E-09
757 9.000 1 5.000 28.5764 1.301E+04 1.504E+12 8.653E-09 2.868E-09
628 7.000 1 5.000 28.6612 1.630E+04 4.985E+12 3.270E-09 2.810E-09
841 3.000 1 5.000 28.5724 3.690E+04 5.553E+10 6.645E-07 2.710E-09
486 5.000 1 5.000 28.8434 2.134E+04 4.618E+10 4.621E-07 2.662E-09
1083 5.000 1 5.000 28.5008 1.968E+04 1.072E+12 1.836E-08 2.398E-09
198 3.000 1 5.000 28.9201 3.121E+04 5.734E+09 5.443E-06 2.348E-09
271 9.000 1 5.000 28.8942 1.028E+04 2.888E+10 3.561E-07 2.318E-09
196 5.000 1 5.000 28.9206 1.838E+04 6.643E+09 2.767E-06 2.304E-09
836 5.000 1 5.000 28.5727 1.878E+04 1.521E+12 1.235E-08 2.298E-09
686 7.000 1 5.000 28.6176 1.321E+04 8.744E+10 1.510E-07 2.270E-09
147 3.000 1 5.000 28.9986 2.940E+04 6.373E+08 4.613E-05 2.224E-09
1007 3.000 1 5.000 28.5279 3.026E+04 1.391E+12 2.175E-08 2.216E-09
1160 3.000 1 5.000 28.3184 3.045E+04 2.872E+13 1.060E-09 2.197E-09
487 3.000 1 5.000 28.8432 2.831E+04 1.235E+10 2.293E-06 2.118E-09
1118 7.000 1 5.000 28.4994 1.229E+04 6.468E+09 1.900E-06 2.094E-09
489 5.000 1 5.000 28.8428 1.656E+04 3.482E+10 4.755E-07 2.066E-09
633 1.000 1 5.000 28.6572 8.356E+04 6.995E+11 1.195E-07 2.058E-09
1022 3.000 1 5.000 28.5262 2.756E+04 1.434E+10 1.921E-06 2.018E-09
632 3.000 1 5.000 28.6575 2.680E+04 9.319E+11 2.876E-08 1.980E-09
156 7.000 1 5.000 28.9963 1.047E+04 2.322E+08 4.507E-05 1.847E-09
833 5.000 1 5.000 28.5728 1.419E+04 1.091E+12 1.300E-08 1.737E-09
608 5.000 1 5.000 28.6976 1.366E+04 1.266E+11 1.079E-07 1.687E-09
70 5.000 1 5.000 29.1870 1.283E+04 4.491E+10 2.858E-07 1.639E-09
837 3.000 1 5.000 28.5727 2.199E+04 1.804E+12 1.219E-08 1.615E-09
203 3.000 1 5.000 28.9192 2.108E+04 5.631E+09 3.743E-06 1.586E-09
780 7.000 1 5.000 28.5735 9.230E+03 5.766E+10 1.601E-07 1.582E-09
1084 3.000 1 5.000 28.5008 2.078E+04 7.836E+11 2.652E-08 1.518E-09
867 7.000 1 5.000 28.5691 8.610E+03 1.686E+10 5.106E-07 1.475E-09
1045 7.000 1 5.000 28.5256 8.587E+03 1.006E+10 8.537E-07 1.467E-09
822 5.000 1 5.000 28.5730 1.182E+04 2.964E+10 3.988E-07 1.447E-09
1182 3.000 1 5.000 28.2862 2.010E+04 2.761E+13 7.279E-10 1.446E-09
327 7.000 1 5.000 28.8711 8.133E+03 1.009E+10 8.059E-07 1.423E-09
204 1.000 1 5.000 28.9189 5.499E+04 6.401E+09 8.590E-06 1.379E-09
781 5.000 1 5.000 28.5734 1.057E+04 1.978E+12 5.343E-09 1.294E-09
206 9.000 1 5.000 28.9186 5.360E+03 2.538E+09 2.112E-06 1.210E-09
155 5.000 1 5.000 28.9966 9.430E+03 2.305E+08 4.091E-05 1.189E-09
601 5.000 1 5.000 28.6992 9.533E+03 2.243E+11 4.251E-08 1.177E-09
839 3.000 1 5.000 28.5725 1.571E+04 2.656E+10 5.914E-07 1.154E-09
353 1.000 1 5.000 28.8706 4.573E+04 9.713E+09 4.708E-06 1.143E-09
36 9.000 1 5.000 29.4096 4.711E+03 2.961E+12 1.591E-09 1.100E-09
329 3.000 1 5.000 28.8711 1.442E+04 9.056E+09 1.592E-06 1.081E-09
543 3.000 1 5.000 28.8345 1.233E+04 8.463E+10 1.457E-07 9.224E-10
834 3.000 1 5.000 28.5727 1.150E+04 7.784E+11 1.477E-08 8.442E-10
270 7.000 1 5.000 28.8944 4.413E+03 2.808E+10 1.572E-07 7.732E-10
134 5.000 1 5.000 29.0031 6.048E+03 2.121E+10 2.852E-07 7.628E-10
126 3.000 1 5.000 29.0053 1.006E+04 5.278E+09 1.907E-06 7.614E-10
1005 1.000 1 5.000 28.5279 3.098E+04 2.140E+11 1.448E-07 7.560E-10
706 3.000 1 5.000 28.6168 1.006E+04 9.128E+10 1.102E-07 7.410E-10
835 1.000 1 5.000 28.5727 2.993E+04 6.100E+11 4.906E-08 7.328E-10
199 1.000 1 5.000 28.9199 2.881E+04 4.599E+09 6.264E-06 7.226E-10
127 1.000 1 5.000 29.0052 2.844E+04 6.267E+09 4.538E-06 7.174E-10
423 9.000 1 5.000 28.8458 3.109E+03 5.193E+09 5.986E-07 6.980E-10
412 5.000 1 5.000 28.8486 5.444E+03 7.565E+10 7.196E-08 6.792E-10
631 5.000 1 5.000 28.6583 5.396E+03 6.758E+11 7.985E-09 6.646E-10
39 5.000 1 5.000 29.3969 5.079E+03 2.964E+12 1.714E-09 6.581E-10
756 7.000 1 5.000 28.5767 3.770E+03 3.849E+11 9.794E-09 6.462E-10
540 9.000 1 5.000 28.8415 2.741E+03 5.774E+10 4.748E-08 6.154E-10
1088 3.000 1 5.000 28.4998 7.220E+03 9.723E+09 7.426E-07 5.276E-10
21 1.000 1 5.000 30.7855 1.852E+04 1.376E+14 1.346E-10 5.264E-10
1085 1.000 1 5.000 28.5008 2.135E+04 1.378E+11 1.549E-07 5.202E-10
776 3.000 1 5.000 28.5736 6.617E+03 2.257E+12 2.932E-09 4.860E-10
772 3.000 1 5.000 28.5741 5.967E+03 1.164E+12 5.128E-09 4.384E-10
817 3.000 1 5.000 28.5730 5.820E+03 5.936E+10 9.805E-08 4.274E-10
600 7.000 1 5.000 28.6992 2.301E+03 1.331E+11 1.729E-08 3.978E-10
773 1.000 1 5.000 28.5739 1.608E+04 2.613E+11 6.154E-08 3.938E-10
310 5.000 1 5.000 28.8719 2.960E+03 9.807E+09 3.018E-07 3.700E-10
95 9.000 1 5.000 29.0797 1.598E+03 9.847E+11 1.623E-09 3.646E-10
585 9.000 1 5.000 28.7069 1.607E+03 1.703E+13 9.433E-11 3.574E-10
452 1.000 1 5.000 28.8440 1.400E+04 5.052E+09 2.771E-06 3.492E-10
201 5.000 1 5.000 28.9196 2.720E+03 6.275E+09 4.335E-07 3.410E-10
627 5.000 1 5.000 28.6617 2.696E+03 5.723E+12 4.711E-10 3.320E-10
195 9.000 1 5.000 28.9212 1.427E+03 2.215E+09 6.440E-07 3.220E-10
427 7.000 1 5.000 28.8455 1.829E+03 3.355E+09 5.450E-07 3.194E-10
154 3.000 1 5.000 28.9967 4.173E+03 2.335E+08 1.787E-05 3.156E-10
67 9.000 1 5.000 29.1895 1.343E+03 6.598E+09 2.036E-07 3.088E-10
998 7.000 1 5.000 28.5301 1.653E+03 1.569E+12 1.054E-09 2.824E-10
128 9.000 1 5.000 29.0045 1.084E+03 3.926E+09 2.762E-07 2.462E-10
303 9.000 1 5.000 28.8740 1.058E+03 1.452E+09 7.282E-07 2.380E-10
765 7.000 1 5.000 28.5750 1.339E+03 4.249E+12 3.153E-10 2.296E-10
298 3.000 1 5.000 28.8767 2.751E+03 7.597E+09 3.621E-07 2.064E-10
832 7.000 1 5.000 28.5728 1.181E+03 1.813E+11 6.514E-09 2.024E-10
685 5.000 1 5.000 28.6176 1.438E+03 9.562E+10 1.504E-08 1.766E-10
803 7.000 1 5.000 28.5731 9.913E+02 7.073E+10 1.402E-08 1.699E-10
177 9.000 1 5.000 28.9533 7.400E+02 4.726E+11 1.566E-09 1.674E-10
425 3.000 1 5.000 28.8456 2.137E+03 2.197E+09 9.727E-07 1.600E-10
429 5.000 1 5.000 28.8453 1.260E+03 4.892E+09 2.577E-07 1.572E-10
790 3.000 1 5.000 28.5733 2.001E+03 2.051E+12 9.755E-10 1.469E-10
770 5.000 1 5.000 28.5746 1.198E+03 8.081E+11 1.483E-09 1.467E-10
584 7.000 1 5.000 28.7070 8.270E+02 8.346E+12 9.909E-11 1.431E-10
324 5.000 1 5.000 28.8716 1.066E+03 9.324E+09 1.143E-07 1.333E-10
269 5.000 1 5.000 28.8946 1.042E+03 2.683E+10 3.883E-08 1.304E-10
299 1.000 1 5.000 28.8766 5.052E+03 6.860E+09 7.365E-07 1.263E-10
779 5.000 1 5.000 28.5735 1.023E+03 6.231E+10 1.642E-08 1.252E-10
754 7.000 1 5.000 28.5771 7.029E+02 2.501E+12 2.811E-10 1.205E-10
125 5.000 1 5.000 29.0055 8.890E+02 5.709E+09 1.557E-07 1.121E-10
755 5.000 1 5.000 28.5771 8.582E+02 9.338E+11 9.190E-10 1.051E-10
297 5.000 1 5.000 28.8770 8.082E+02 6.685E+09 1.209E-07 1.010E-10
305 5.000 1 5.000 28.8733 7.434E+02 2.434E+09 3.054E-07 9.292E-11
278 9.000 1 5.000 28.8910 4.023E+02 2.567E+11 1.568E-09 9.062E-11
194 7.000 1 5.000 28.9218 5.137E+02 2.216E+09 2.318E-07 9.018E-11
304 7.000 1 5.000 28.8734 5.083E+02 2.489E+09 2.042E-07 8.894E-11
119 9.000 1 5.000 29.0092 3.847E+02 3.790E+09 1.015E-07 8.736E-11
309 9.000 1 5.000 28.8721 3.666E+02 1.406E+09 2.607E-07 8.246E-11
805 1.000 1 5.000 28.5731 3.343E+03 2.551E+12 1.310E-09 8.186E-11
643 7.000 1 5.000 28.6525 4.689E+02 4.692E+10 9.992E-09 8.080E-11
424 5.000 1 5.000 28.8457 6.132E+02 5.520E+09 1.111E-07 7.650E-11
102 1.000 1 5.000 29.0741 2.859E+03 3.229E+12 8.853E-10 7.248E-11
421 7.000 1 5.000 28.8465 3.791E+02 3.313E+09 1.144E-07 6.624E-11
769 7.000 1 5.000 28.5748 3.800E+02 8.442E+11 4.501E-10 6.512E-11
306 3.000 1 5.000 28.8733 8.370E+02 1.748E+09 4.788E-07 6.278E-11
976 7.000 1 5.000 28.5466 3.596E+02 2.160E+08 1.664E-06 6.150E-11
1059 7.000 1 5.000 28.5028 3.601E+02 9.725E+11 3.703E-10 6.142E-11
468 7.000 1 5.000 28.8439 3.461E+02 2.447E+09 1.415E-07 6.044E-11
484 5.000 1 5.000 28.8437 4.738E+02 3.805E+09 1.245E-07 5.910E-11
428 1.000 1 5.000 28.8455 2.348E+03 1.468E+09 1.600E-06 5.860E-11
408 9.000 1 5.000 28.8556 2.419E+02 1.547E+11 1.564E-09 5.436E-11
302 7.000 1 5.000 28.8746 3.097E+02 1.514E+09 2.046E-07 5.420E-11
829 5.000 1 5.000 28.5728 4.214E+02 2.375E+10 1.774E-08 5.158E-11
130 7.000 1 5.000 29.0040 2.700E+02 5.830E+09 4.631E-08 4.768E-11
30 3.000 1 5.000 29.5013 5.651E+02 1.105E+13 5.113E-11 4.424E-11
761 9.000 1 5.000 28.5756 1.976E+02 5.891E+10 3.353E-09 4.352E-11
606 5.000 1 5.000 28.6991 3.354E+02 5.972E+12 5.616E-11 4.142E-11
50 7.000 1 5.000 29.2387 2.257E+02 5.764E+12 3.916E-11 4.050E-11
323 7.000 1 5.000 28.8717 2.306E+02 2.313E+09 9.968E-08 4.036E-11
430 3.000 1 5.000 28.8453 4.800E+02 1.145E+10 4.191E-08 3.592E-11
62 3.000 1 5.000 29.1923 4.580E+02 1.429E+10 3.206E-08 3.512E-11
31 5.000 1 5.000 29.4997 2.686E+02 1.097E+13 2.447E-11 3.505E-11
63 1.000 1 5.000 29.1903 1.360E+03 1.716E+10 7.925E-08 3.474E-11
118 7.000 1 5.000 29.0098 1.910E+02 3.790E+09 5.039E-08 3.376E-11
447 3.000 1 5.000 28.8447 4.460E+02 6.686E+09 6.671E-08 3.338E-11
64 3.000 1 5.000 29.1900 4.150E+02 9.322E+09 4.452E-08 3.180E-11
1134 7.000 1 5.000 28.4276 1.859E+02 1.838E+12 1.011E-10 3.154E-11
45 1.000 1 5.000 29.3125 1.223E+03 1.044E+13 1.171E-10 3.150E-11
997 5.000 1 5.000 28.5305 2.470E+02 1.824E+12 1.354E-10 3.014E-11
284 7.000 1 5.000 28.8872 1.677E+02 1.571E+10 1.068E-08 2.938E-11
66 7.000 1 5.000 29.1895 1.573E+02 7.024E+09 2.239E-08 2.814E-11
129 1.000 1 5.000 29.0042 1.107E+03 5.486E+12 2.018E-10 2.794E-11
605 3.000 1 5.000 28.6991 3.727E+02 2.684E+12 1.388E-10 2.762E-11
579 1.000 1 5.000 28.7183 1.116E+03 7.444E+13 1.499E-11 2.760E-11
630 3.000 1 5.000 28.6601 3.713E+02 2.619E+12 1.418E-10 2.744E-11
583 5.000 1 5.000 28.7071 2.196E+02 1.441E+13 1.524E-11 2.714E-11
55 9.000 1 5.000 29.2011 1.128E+02 6.618E+09 1.704E-08 2.594E-11
49 5.000 1 5.000 29.2389 1.720E+02 5.771E+12 2.981E-11 2.206E-11
307 1.000 1 5.000 28.8732 8.526E+02 1.622E+09 5.257E-07 2.132E-11
1086 7.000 1 5.000 28.4999 1.221E+02 4.824E+11 2.531E-10 2.082E-11
592 7.000 1 5.000 28.7043 1.194E+02 1.766E+12 6.764E-11 2.066E-11
1048 3.000 1 5.000 28.5203 2.670E+02 7.682E+11 3.476E-10 1.954E-11
29 1.000 1 5.000 29.5021 7.480E+02 1.093E+13 6.845E-11 1.952E-11
668 7.000 1 5.000 28.6217 1.132E+02 3.582E+12 3.159E-11 1.946E-11
575 1.000 1 5.000 28.7377 7.842E+02 8.723E+12 8.990E-11 1.942E-11
296 3.000 1 5.000 28.8771 2.473E+02 2.721E+10 9.089E-09 1.855E-11
61 5.000 1 5.000 29.1929 1.447E+02 1.353E+10 1.069E-08 1.849E-11
1150 7.000 1 5.000 28.3480 1.093E+02 1.182E+12 9.245E-11 1.843E-11
69 3.000 1 5.000 29.1880 2.365E+02 4.647E+12 5.089E-11 1.812E-11
285 9.000 1 5.000 28.8871 7.944E+01 6.970E+10 1.140E-09 1.789E-11
727 7.000 1 5.000 28.6110 1.015E+02 1.261E+13 8.051E-12 1.744E-11
1021 7.000 1 5.000 28.5263 1.013E+02 6.140E+11 1.649E-10 1.730E-11
301 5.000 1 5.000 28.8749 1.342E+02 1.431E+09 9.378E-08 1.677E-11
875 3.000 1 5.000 28.5591 2.273E+02 1.375E+12 1.654E-10 1.668E-11
764 5.000 1 5.000 28.5753 1.332E+02 6.733E+12 1.979E-11 1.631E-11
640 7.000 1 5.000 28.6529 9.414E+01 9.634E+11 9.772E-11 1.622E-11
546 7.000 1 5.000 28.8306 9.280E+01 1.536E+11 6.040E-10 1.619E-11
68 1.000 1 5.000 29.1886 5.892E+02 4.593E+12 1.283E-10 1.505E-11
669 9.000 1 5.000 28.6216 6.557E+01 9.564E+12 6.856E-12 1.449E-11
664 3.000 1 5.000 28.6291 1.872E+02 2.676E+12 6.998E-11 1.381E-11
726 5.000 1 5.000 28.6110 1.054E+02 1.067E+13 9.871E-12 1.293E-11
189 1.000 1 5.000 28.9300 5.146E+02 3.428E+12 1.501E-10 1.291E-11
974 5.000 1 5.000 28.5466 1.013E+02 2.158E+08 4.694E-07 1.237E-11
1049 5.000 1 5.000 28.5188 1.015E+02 7.380E+11 1.375E-10 1.237E-11
485 3.000 1 5.000 28.8436 1.639E+02 4.658E+09 3.518E-08 1.226E-11
266 3.000 1 5.000 28.8996 1.588E+02 1.216E+12 1.306E-10 1.193E-11
54 7.000 1 5.000 29.2017 6.520E+01 6.415E+09 1.016E-08 1.167E-11
1168 7.000 1 5.000 28.3049 6.750E+01 7.241E+11 9.322E-11 1.135E-11
878 5.000 1 5.000 28.5577 9.111E+01 1.254E+12 7.266E-11 1.114E-11
1047 1.000 1 5.000 28.5205 4.371E+02 6.509E+11 6.715E-10 1.066E-11
736 1.000 1 5.000 28.6046 4.025E+02 1.429E+13 2.818E-11 9.876E-12
399 3.000 1 5.000 28.8611 1.318E+02 9.386E+11 1.404E-10 9.874E-12
419 1.000 1 5.000 28.8468 3.874E+02 2.446E+12 1.584E-10 9.666E-12
665 5.000 1 5.000 28.6278 7.720E+01 2.426E+12 3.182E-11 9.485E-12
991 1.000 1 5.000 28.5446 3.748E+02 1.393E+13 2.691E-11 9.156E-12
110 1.000 1 5.000 29.0374 3.503E+02 1.145E+12 3.060E-10 8.856E-12
65 5.000 1 5.000 29.1898 6.831E+01 7.243E+09 9.431E-09 8.727E-12
873 1.000 1 5.000 28.5594 3.502E+02 1.113E+12 3.145E-10 8.566E-12
586 9.000 1 5.000 28.7051 3.680E+01 1.799E+11 2.046E-10 8.182E-12
293 1.000 1 5.000 28.8790 3.209E+02 2.129E+12 1.507E-10 8.024E-12
267 5.000 1 5.000 28.8981 6.211E+01 1.221E+12 5.085E-11 7.778E-12
604 1.000 1 5.000 28.6991 3.107E+02 1.552E+12 2.002E-10 7.674E-12
556 3.000 1 5.000 28.7766 1.025E+02 1.468E+12 6.985E-11 7.639E-12
200 7.000 1 5.000 28.9198 4.307E+01 3.561E+09 1.210E-08 7.560E-12
725 1.000 1 5.000 28.6111 3.049E+02 5.461E+12 5.584E-11 7.484E-12
1190 7.000 1 5.000 28.2790 4.450E+01 4.749E+11 9.369E-11 7.470E-12
398 3.000 1 5.000 28.8617 9.737E+01 3.228E+11 3.016E-10 7.296E-12
170 3.000 1 5.000 28.9685 9.292E+01 2.025E+12 4.589E-11 7.013E-12
326 3.000 1 5.000 28.8714 9.340E+01 4.613E+09 2.025E-08 7.004E-12
663 1.000 1 5.000 28.6295 2.743E+02 2.151E+12 1.275E-10 6.742E-12
361 3.000 1 5.000 28.8694 8.933E+01 4.961E+07 1.801E-06 6.698E-12
1058 5.000 1 5.000 28.5031 5.446E+01 1.043E+12 5.219E-11 6.634E-12
1003 3.000 1 5.000 28.5282 8.960E+01 7.226E+11 1.240E-10 6.560E-12
859 7.000 1 5.000 28.5697 3.800E+01 8.376E+11 4.537E-11 6.510E-12
1070 9.000 1 5.000 28.5013 2.912E+01 3.131E+09 9.300E-09 6.384E-12
549 7.000 1 5.000 28.8244 3.551E+01 1.798E+12 1.975E-11 6.194E-12
202 5.000 1 5.000 28.9195 4.786E+01 5.929E+09 8.072E-09 6.002E-12
99 1.000 1 5.000 29.0760 2.329E+02 3.453E+12 6.744E-11 5.904E-12
687 5.000 1 5.000 28.6176 4.748E+01 3.311E+12 1.434E-11 5.830E-12
193 5.000 1 5.000 28.9222 4.606E+01 2.224E+09 2.071E-08 5.778E-12
526 7.000 1 5.000 28.8423 3.301E+01 2.885E+07 1.144E-06 5.764E-12
265 1.000 1 5.000 28.9004 2.288E+02 1.243E+12 1.840E-10 5.730E-12
557 5.000 1 5.000 28.7754 4.590E+01 1.458E+12 3.148E-11 5.697E-12
574 1.000 1 5.000 28.7472 2.170E+02 9.998E+13 2.170E-12 5.378E-12
1054 1.000 1 5.000 28.5118 2.174E+02 1.079E+12 2.014E-10 5.300E-12
401 1.000 1 5.000 28.8590 2.071E+02 1.149E+12 1.803E-10 5.172E-12
48 3.000 1 5.000 29.2390 6.714E+01 5.772E+12 1.163E-11 5.162E-12
400 5.000 1 5.000 28.8595 4.127E+01 9.478E+11 4.355E-11 5.154E-12
842 3.000 1 5.000 28.5722 6.930E+01 1.388E+12 4.994E-11 5.090E-12
397 1.000 1 5.000 28.8618 2.032E+02 9.489E+11 2.141E-10 5.076E-12
675 9.000 1 5.000 28.6210 2.196E+01 5.646E+10 3.889E-10 4.854E-12
503 7.000 1 5.000 28.8424 2.716E+01 2.788E+07 9.739E-07 4.742E-12
760 7.000 1 5.000 28.5756 2.746E+01 1.296E+12 2.118E-11 4.708E-12
171 5.000 1 5.000 28.9669 3.652E+01 2.041E+12 1.789E-11 4.594E-12
117 5.000 1 5.000 29.0102 3.552E+01 3.770E+09 9.423E-09 4.482E-12
892 7.000 1 5.000 28.5486 2.513E+01 1.232E+12 2.040E-11 4.300E-12
667 5.000 1 5.000 28.6218 3.436E+01 8.227E+12 4.176E-12 4.220E-12
124 7.000 1 5.000 29.0057 2.377E+01 5.909E+09 4.023E-09 4.198E-12
728 3.000 1 5.000 28.6109 5.640E+01 1.511E+13 3.732E-12 4.152E-12
300 3.000 1 5.000 28.8751 5.453E+01 1.345E+09 4.054E-08 4.090E-12
895 9.000 1 5.000 28.5483 1.841E+01 8.931E+11 2.062E-11 4.050E-12
60 7.000 1 5.000 29.1935 2.183E+01 1.170E+10 1.866E-09 3.904E-12
1123 1.000 1 5.000 28.4937 1.536E+02 6.641E+13 2.313E-12 3.738E-12
418 3.000 1 5.000 28.8469 4.987E+01 1.067E+09 4.674E-08 3.734E-12
750 1.000 1 5.000 28.5857 1.522E+02 3.702E+13 4.112E-12 3.728E-12
735 7.000 1 5.000 28.6047 2.130E+01 2.009E+12 1.060E-11 3.658E-12
658 1.000 1 5.000 28.6414 1.468E+02 5.507E+13 2.666E-12 3.610E-12
1081 3.000 1 5.000 28.5011 4.863E+01 5.101E+11 9.534E-11 3.552E-12
555 1.000 1 5.000 28.7771 1.421E+02 1.456E+12 9.763E-11 3.528E-12
785 7.000 1 5.000 28.5734 2.039E+01 3.582E+10 5.691E-10 3.494E-12
169 1.000 1 5.000 28.9692 1.337E+02 2.069E+12 6.463E-11 3.364E-12
673 7.000 1 5.000 28.6213 1.946E+01 4.516E+12 4.309E-12 3.346E-12
32 1.000 1 5.000 29.4121 1.257E+02 2.968E+12 4.235E-11 3.260E-12
552 1.000 1 5.000 28.7845 1.306E+02 8.717E+12 1.498E-11 3.246E-12
283 5.000 1 5.000 28.8872 2.526E+01 2.199E+10 1.149E-09 3.160E-12
28 7.000 1 5.000 29.5647 1.686E+01 4.964E+12 3.396E-12 3.092E-12
734 5.000 1 5.000 28.6048 2.458E+01 2.452E+12 1.003E-11 3.014E-12
286 7.000 1 5.000 28.8871 1.720E+01 9.092E+10 1.892E-10 3.012E-12
890 1.000 1 5.000 28.5490 1.160E+02 2.700E+12 4.296E-11 2.834E-12
449 9.000 1 5.000 28.8442 1.232E+01 9.996E+08 1.233E-08 2.768E-12
582 7.000 1 5.000 28.7079 1.571E+01 5.807E+12 2.706E-12 2.720E-12
500 5.000 1 5.000 28.8424 2.180E+01 1.669E+07 1.306E-06 2.720E-12
593 5.000 1 5.000 28.7043 2.138E+01 7.618E+12 2.807E-12 2.640E-12
53 5.000 1 5.000 29.2022 2.040E+01 6.494E+09 3.142E-09 2.608E-12
758 3.000 1 5.000 28.5761 3.403E+01 1.758E+12 1.936E-11 2.500E-12
420 5.000 1 5.000 28.8467 1.995E+01 1.673E+09 1.192E-08 2.488E-12
478 7.000 1 5.000 28.8439 1.396E+01 1.663E+07 8.393E-07 2.438E-12
603 7.000 1 5.000 28.6991 1.278E+01 9.551E+10 1.338E-10 2.208E-12
930 5.000 1 5.000 28.5468 1.725E+01 1.452E+12 1.188E-11 2.108E-12
999 3.000 1 5.000 28.5298 2.436E+01 1.722E+12 1.415E-11 1.783E-12
131 5.000 1 5.000 29.0037 1.397E+01 6.978E+09 2.002E-09 1.762E-12
1050 3.000 1 5.000 28.5179 2.335E+01 6.394E+11 3.652E-11 1.708E-12
587 7.000 1 5.000 28.7051 9.099E+00 5.054E+12 1.800E-12 1.574E-12
763 9.000 1 5.000 28.5754 6.629E+00 2.632E+12 2.518E-12 1.461E-12
618 3.000 1 5.000 28.6957 1.907E+01 2.203E+12 8.656E-12 1.413E-12
766 5.000 1 5.000 28.5749 1.042E+01 8.964E+11 1.162E-11 1.276E-12
325 5.000 1 5.000 28.8715 1.011E+01 3.235E+09 3.124E-09 1.263E-12
891 5.000 1 5.000 28.5486 9.456E+00 3.112E+12 3.039E-12 1.155E-12
71 5.000 1 5.000 29.1868 8.783E+00 4.637E+12 1.894E-12 1.122E-12
925 7.000 1 5.000 28.5469 6.307E+00 2.275E+10 2.772E-10 1.079E-12
288 9.000 1 5.000 28.8869 4.704E+00 5.436E+10 8.655E-11 1.059E-12
885 1.000 1 5.000 28.5541 4.268E+01 3.110E+13 1.372E-12 1.044E-12
589 9.000 1 5.000 28.7049 4.594E+00 7.705E+12 5.963E-13 1.022E-12
729 5.000 1 5.000 28.6109 8.300E+00 8.425E+12 9.852E-13 1.019E-12
548 5.000 1 5.000 28.8245 8.089E+00 1.800E+12 4.494E-12 1.007E-12
1143 7.000 1 5.000 28.3512 5.857E+00 1.121E+13 5.227E-13 9.882E-13
395 5.000 1 5.000 28.8643 7.909E+00 2.119E+11 3.733E-11 9.880E-13
881 3.000 1 5.000 28.5561 1.332E+01 9.760E+11 1.365E-11 9.773E-13
91 1.000 1 5.000 29.0821 3.824E+01 1.033E+12 3.701E-11 9.698E-13
624 5.000 1 5.000 28.6760 7.668E+00 3.185E+12 2.408E-12 9.454E-13
683 3.000 1 5.000 28.6177 1.274E+01 2.221E+12 5.739E-12 9.389E-13
80 7.000 1 5.000 29.1302 5.258E+00 1.535E+12 3.425E-12 9.366E-13
1119 5.000 1 5.000 28.4982 7.590E+00 9.587E+11 7.917E-12 9.242E-13
733 3.000 1 5.000 28.6049 1.244E+01 2.915E+12 4.268E-12 9.156E-13
676 7.000 1 5.000 28.6210 5.281E+00 3.446E+12 1.533E-12 9.082E-13
208 5.000 1 5.000 28.9178 7.079E+00 4.427E+09 1.599E-09 8.876E-13
1127 7.000 1 5.000 28.4334 5.190E+00 1.970E+13 2.635E-13 8.806E-13
688 3.000 1 5.000 28.6175 1.132E+01 1.913E+12 5.915E-12 8.338E-13
1141 1.000 1 5.000 28.3799 3.311E+01 3.292E+13 1.006E-12 7.996E-13
215 9.000 1 5.000 28.9165 3.381E+00 6.833E+07 4.948E-08 7.630E-13
767 3.000 1 5.000 28.5749 1.036E+01 2.210E+12 4.686E-12 7.606E-13
1051 1.000 1 5.000 28.5141 3.094E+01 1.964E+12 1.575E-11 7.542E-13
210 3.000 1 5.000 28.9176 9.831E+00 5.890E+09 1.669E-09 7.395E-13
77 3.000 1 5.000 29.1590 9.189E+00 7.124E+12 1.290E-12 7.029E-13
1014 9.000 1 5.000 28.5276 3.133E+00 2.059E+09 1.522E-09 6.882E-13
82 3.000 1 5.000 29.1117 8.757E+00 4.091E+12 2.141E-12 6.677E-13
207 7.000 1 5.000 28.9180 3.794E+00 3.590E+09 1.057E-09 6.660E-13
133 3.000 1 5.000 29.0036 8.542E+00 9.018E+09 9.472E-10 6.464E-13
1161 7.000 1 5.000 28.3069 3.744E+00 6.509E+12 5.752E-13 6.298E-13
894 9.000 1 5.000 28.5485 2.780E+00 2.644E+12 1.051E-12 6.116E-13
1144 5.000 1 5.000 28.3512 4.982E+00 9.157E+12 5.441E-13 6.004E-13
719 3.000 1 5.000 28.6163 7.927E+00 1.633E+12 4.855E-12 5.840E-13
896 7.000 1 5.000 28.5483 3.353E+00 2.253E+12 1.488E-12 5.736E-13
1046 5.000 1 5.000 28.5244 4.630E+00 9.814E+11 4.718E-12 5.648E-13
904 7.000 1 5.000 28.5471 3.283E+00 4.113E+10 7.981E-11 5.616E-13
27 5.000 1 5.000 29.5662 4.133E+00 4.906E+12 8.425E-13 5.419E-13
1062 5.000 1 5.000 28.5023 4.423E+00 2.181E+11 2.027E-11 5.387E-13
902 7.000 1 5.000 28.5478 3.084E+00 3.956E+11 7.797E-12 5.276E-13
459 7.000 1 5.000 28.8440 2.980E+00 3.190E+07 9.341E-08 5.202E-13
394 3.000 1 5.000 28.8651 6.883E+00 2.094E+11 3.287E-11 5.159E-13
1128 5.000 1 5.000 28.4333 4.208E+00 1.338E+13 3.145E-13 5.102E-13
625 7.000 1 5.000 28.6759 2.926E+00 1.955E+12 1.496E-12 5.050E-13
670 7.000 1 5.000 28.6215 2.854E+00 2.468E+12 1.156E-12 4.908E-13
83 5.000 1 5.000 29.1101 3.860E+00 4.132E+12 9.341E-13 4.903E-13
268 7.000 1 5.000 28.8979 2.766E+00 4.321E+10 6.400E-11 4.848E-13
870 5.000 1 5.000 28.5662 3.884E+00 9.706E+11 4.002E-12 4.752E-13
678 9.000 1 5.000 28.6208 2.140E+00 4.284E+12 4.995E-13 4.730E-13
666 3.000 1 5.000 28.6247 6.311E+00 1.757E+12 3.591E-12 4.653E-13
674 5.000 1 5.000 28.6213 3.762E+00 2.668E+12 1.410E-12 4.620E-13
901 5.000 1 5.000 28.5479 3.776E+00 5.626E+11 6.712E-12 4.614E-13
690 7.000 1 5.000 28.6175 2.621E+00 5.937E+10 4.415E-11 4.508E-13
168 7.000 1 5.000 28.9760 2.553E+00 6.737E+11 3.790E-12 4.500E-13
173 1.000 1 5.000 28.9557 1.708E+01 4.737E+11 3.606E-11 4.294E-13
263 5.000 1 5.000 28.9045 3.417E+00 3.563E+11 9.590E-12 4.281E-13
396 7.000 1 5.000 28.8628 2.432E+00 2.090E+11 1.163E-11 4.252E-13
1183 7.000 1 5.000 28.2803 2.470E+00 4.100E+12 6.024E-13 4.146E-13
1159 1.000 1 5.000 28.3226 1.672E+01 1.922E+13 8.700E-13 4.022E-13
623 3.000 1 5.000 28.6761 5.351E+00 2.343E+12 2.284E-12 3.959E-13
619 1.000 1 5.000 28.6956 1.565E+01 3.568E+12 4.386E-12 3.864E-13
1162 5.000 1 5.000 28.3069 3.188E+00 5.402E+12 5.902E-13 3.830E-13
437 9.000 1 5.000 28.8448 1.669E+00 2.535E+07 6.583E-08 3.748E-13
994 3.000 1 5.000 28.5432 5.037E+00 2.205E+12 2.284E-12 3.692E-13
1069 7.000 1 5.000 28.5013 2.147E+00 1.574E+09 1.364E-09 3.660E-13
900 3.000 1 5.000 28.5479 4.897E+00 1.162E+12 4.213E-12 3.590E-13
871 7.000 1 5.000 28.5661 2.040E+00 5.803E+11 3.515E-12 3.494E-13
774 7.000 1 5.000 28.5737 1.979E+00 6.109E+10 3.239E-11 3.390E-13
868 5.000 1 5.000 28.5673 2.734E+00 1.446E+12 1.890E-12 3.344E-13
937 3.000 1 5.000 28.5468 4.495E+00 7.589E+11 5.923E-12 3.295E-13
654 5.000 1 5.000 28.6476 2.644E+00 3.309E+12 7.992E-13 3.252E-13
264 7.000 1 5.000 28.9031 1.849E+00 3.543E+11 5.218E-12 3.242E-13
550 5.000 1 5.000 28.8190 2.596E+00 1.209E+11 2.148E-11 3.232E-13
81 1.000 1 5.000 29.1124 1.258E+01 4.114E+12 3.058E-12 3.198E-13
52 3.000 1 5.000 29.2024 4.160E+00 6.501E+09 6.400E-10 3.190E-13
1013 7.000 1 5.000 28.5276 1.817E+00 2.075E+09 8.758E-10 3.102E-13
562 3.000 1 5.000 28.7678 4.026E+00 2.491E+12 1.616E-12 2.997E-13
116 3.000 1 5.000 29.0104 3.857E+00 3.756E+09 1.027E-09 2.918E-13
455 9.000 1 5.000 28.8440 1.297E+00 2.528E+07 5.129E-08 2.912E-13
438 9.000 1 5.000 28.8448 1.290E+00 2.533E+07 5.094E-08 2.896E-13
1060 3.000 1 5.000 28.5027 3.767E+00 1.254E+12 3.003E-12 2.752E-13
848 9.000 1 5.000 28.5713 1.247E+00 2.386E+09 5.226E-10 2.746E-13
1181 1.000 1 5.000 28.2897 1.127E+01 1.365E+13 8.257E-13 2.706E-13
590 5.000 1 5.000 28.7044 2.064E+00 1.235E+12 1.671E-12 2.550E-13
1184 5.000 1 5.000 28.2803 2.102E+00 3.429E+12 6.130E-13 2.520E-13
480 5.000 1 5.000 28.8439 1.689E+00 2.611E+07 6.466E-08 2.106E-13
898 9.000 1 5.000 28.5482 9.399E-01 1.663E+12 5.653E-13 2.068E-13
626 5.000 1 5.000 28.6705 1.635E+00 3.569E+12 4.581E-13 2.015E-13
272 1.000 1 5.000 28.8933 8.034E+00 2.573E+11 3.122E-11 2.012E-13
262 3.000 1 5.000 28.9054 2.628E+00 3.547E+11 7.410E-12 1.975E-13
1131 5.000 1 5.000 28.4276 1.609E+00 1.819E+12 8.843E-13 1.949E-13
51 5.000 1 5.000 29.2034 1.524E+00 9.610E+12 1.585E-13 1.948E-13
166 5.000 1 5.000 28.9774 1.536E+00 6.750E+11 2.275E-12 1.933E-13
869 3.000 1 5.000 28.5663 2.442E+00 7.704E+11 3.169E-12 1.792E-13
79 5.000 1 5.000 29.1316 1.408E+00 1.536E+12 9.167E-13 1.791E-13
716 5.000 1 5.000 28.6166 1.414E+00 2.780E+11 5.086E-12 1.736E-13
223 9.000 1 5.000 28.9158 7.309E-01 6.865E+07 1.065E-08 1.649E-13
1145 3.000 1 5.000 28.3512 2.186E+00 7.163E+12 3.052E-13 1.580E-13
1071 9.000 1 5.000 28.5013 6.910E-01 2.338E+09 2.956E-10 1.515E-13
787 9.000 1 5.000 28.5734 6.867E-01 7.036E+09 9.759E-11 1.513E-13
333 9.000 1 5.000 28.8710 6.371E-01 4.002E+07 1.592E-08 1.433E-13
916 3.000 1 5.000 28.5469 1.919E+00 1.016E+12 1.889E-12 1.407E-13
1147 5.000 1 5.000 28.3480 1.107E+00 1.182E+12 9.367E-13 1.334E-13
370 5.000 1 5.000 28.8693 1.043E+00 3.985E+07 2.619E-08 1.304E-13
1129 3.000 1 5.000 28.4333 1.768E+00 1.132E+13 1.562E-13 1.285E-13
317 7.000 1 5.000 28.8717 7.249E-01 4.174E+07 1.736E-08 1.268E-13
711 7.000 1 5.000 28.6167 7.207E-01 2.500E+11 2.883E-12 1.239E-13
995 1.000 1 5.000 28.5363 4.977E+00 6.248E+12 7.966E-13 1.215E-13
481 7.000 1 5.000 28.8439 6.817E-01 2.776E+07 2.455E-08 1.190E-13
347 7.000 1 5.000 28.8708 6.560E-01 2.624E+07 2.500E-08 1.148E-13
366 5.000 1 5.000 28.8694 9.006E-01 2.643E+07 3.407E-08 1.125E-13
684 1.000 1 5.000 28.6177 4.539E+00 9.846E+11 4.610E-12 1.115E-13
89 9.000 1 5.000 29.0858 4.773E-01 8.941E+12 5.339E-14 1.090E-13
594 7.000 1 5.000 28.6997 6.199E-01 1.544E+11 4.015E-12 1.072E-13
715 3.000 1 5.000 28.6166 1.396E+00 5.203E+11 2.684E-12 1.029E-13
1163 3.000 1 5.000 28.3069 1.414E+00 4.169E+12 3.392E-13 1.019E-13
720 1.000 1 5.000 28.6162 3.967E+00 2.733E+12 1.451E-12 9.740E-14
551 5.000 1 5.000 28.8128 7.787E-01 3.409E+12 2.284E-13 9.693E-14
679 7.000 1 5.000 28.6179 5.581E-01 9.473E+10 5.892E-12 9.594E-14
1132 7.000 1 5.000 28.4276 5.561E-01 1.743E+12 3.191E-13 9.434E-14
402 1.000 1 5.000 28.8580 3.707E+00 1.551E+11 2.390E-11 9.256E-14
1165 5.000 1 5.000 28.3049 7.610E-01 7.232E+11 1.052E-12 9.142E-14
828 7.000 1 5.000 28.5729 5.327E-01 2.025E+08 2.631E-09 9.128E-14
501 7.000 1 5.000 28.8424 5.074E-01 1.669E+07 3.041E-08 8.860E-14
533 9.000 1 5.000 28.8423 3.723E-01 2.542E+07 1.465E-08 8.358E-14
315 9.000 1 5.000 28.8717 3.709E-01 3.981E+07 9.316E-09 8.344E-14
510 7.000 1 5.000 28.8424 4.767E-01 1.666E+07 2.861E-08 8.324E-14
192 3.000 1 5.000 28.9224 1.082E+00 2.201E+09 4.918E-10 8.144E-14
380 7.000 1 5.000 28.8692 4.616E-01 3.961E+07 1.165E-08 8.076E-14
856 7.000 1 5.000 28.5698 4.651E-01 4.116E+09 1.130E-10 7.970E-14
1166 7.000 1 5.000 28.3049 4.236E-01 6.905E+11 6.134E-13 7.124E-14
1185 3.000 1 5.000 28.2803 9.380E-01 2.625E+12 3.573E-13 6.748E-14
1148 7.000 1 5.000 28.3480 3.850E-01 1.124E+12 3.426E-13 6.494E-14
245 5.000 1 5.000 28.9141 5.136E-01 6.814E+07 7.537E-09 6.438E-14
1187 5.000 1 5.000 28.2790 5.318E-01 4.668E+11 1.139E-12 6.376E-14
712 5.000 1 5.000 28.6167 5.154E-01 2.927E+11 1.761E-12 6.328E-14
165 3.000 1 5.000 28.9783 8.167E-01 6.737E+11 1.212E-12 6.168E-14
889 3.000 1 5.000 28.5522 8.000E-01 6.128E+12 1.306E-13 5.866E-14
621 1.000 1 5.000 28.6956 2.185E+00 8.378E+11 2.608E-12 5.394E-14
768 5.000 1 5.000 28.5748 4.334E-01 2.464E+12 1.759E-13 5.306E-14
138 9.000 1 5.000 28.9999 2.299E-01 2.377E+08 9.670E-10 5.218E-14
1111 9.000 1 5.000 28.4995 2.352E-01 1.823E+09 1.290E-10 5.156E-14
1039 9.000 1 5.000 28.5258 2.182E-01 2.650E+09 8.235E-11 4.792E-14
804 5.000 1 5.000 28.5731 3.500E-01 6.035E+09 5.800E-11 4.284E-14
847 7.000 1 5.000 28.5713 2.463E-01 2.406E+09 1.024E-10 4.220E-14
672 3.000 1 5.000 28.6214 5.569E-01 2.359E+12 2.361E-13 4.104E-14
497 5.000 1 5.000 28.8424 3.130E-01 2.945E+07 1.063E-08 3.904E-14
899 1.000 1 5.000 28.5480 1.572E+00 3.739E+12 4.205E-13 3.842E-14
26 3.000 1 5.000 29.5671 4.663E-01 4.906E+12 9.504E-14 3.666E-14
547 3.000 1 5.000 28.8246 4.820E-01 1.801E+12 2.677E-13 3.603E-14
247 7.000 1 5.000 28.9140 1.967E-01 6.772E+07 2.905E-09 3.452E-14
861 9.000 1 5.000 28.5694 1.549E-01 3.654E+09 4.238E-11 3.412E-14
211 9.000 1 5.000 28.9167 1.471E-01 1.271E+08 1.157E-09 3.320E-14
968 7.000 1 5.000 28.5466 1.799E-01 1.136E+08 1.583E-09 3.076E-14
239 3.000 1 5.000 28.9143 3.773E-01 6.890E+07 5.476E-09 2.838E-14
282 3.000 1 5.000 28.8873 3.767E-01 1.523E+10 2.474E-11 2.828E-14
811 9.000 1 5.000 28.5731 1.279E-01 2.122E+09 6.028E-11 2.818E-14
872 5.000 1 5.000 28.5641 2.284E-01 1.377E+12 1.659E-13 2.792E-14
527 9.000 1 5.000 28.8423 1.240E-01 2.539E+07 4.883E-09 2.784E-14
460 9.000 1 5.000 28.8440 1.179E-01 2.588E+07 4.556E-09 2.648E-14
786 7.000 1 5.000 28.5734 1.449E-01 7.042E+09 2.057E-11 2.484E-14
810 7.000 1 5.000 28.5731 1.441E-01 2.116E+09 6.811E-11 2.470E-14
313 9.000 1 5.000 28.8718 9.334E-02 7.646E+07 1.221E-09 2.100E-14
699 7.000 1 5.000 28.6170 1.206E-01 4.510E+10 2.675E-12 2.074E-14
372 7.000 1 5.000 28.8693 1.121E-01 2.633E+07 4.256E-09 1.961E-14
381 9.000 1 5.000 28.8692 8.656E-02 3.959E+07 2.186E-09 1.947E-14
78 3.000 1 5.000 29.1325 2.464E-01 1.534E+12 1.606E-13 1.881E-14
1027 7.000 1 5.000 28.5260 1.024E-01 1.054E+09 9.722E-11 1.749E-14
362 5.000 1 5.000 28.8694 1.385E-01 4.011E+07 3.454E-09 1.731E-14
1092 7.000 1 5.000 28.4996 9.626E-02 8.066E+08 1.193E-10 1.641E-14
433 9.000 1 5.000 28.8448 7.237E-02 5.270E+07 1.373E-09 1.625E-14
1146 5.000 1 5.000 28.3512 1.308E-01 8.689E+12 1.505E-14 1.576E-14
328 9.000 1 5.000 28.8711 6.483E-02 7.688E+07 8.433E-10 1.458E-14
450 9.000 1 5.000 28.8441 6.277E-02 5.109E+07 1.229E-09 1.409E-14
219 9.000 1 5.000 28.9161 6.174E-02 1.298E+08 4.756E-10 1.393E-14
218 9.000 1 5.000 28.9165 5.841E-02 6.826E+07 8.557E-10 1.318E-14
671 5.000 1 5.000 28.6214 1.069E-01 3.320E+12 3.221E-14 1.313E-14
1164 5.000 1 5.000 28.3068 1.039E-01 4.982E+12 2.085E-14 1.248E-14
1130 5.000 1 5.000 28.4331 1.004E-01 1.137E+13 8.831E-15 1.217E-14
1091 5.000 1 5.000 28.4996 9.464E-02 8.282E+08 1.143E-10 1.152E-14
281 5.000 1 5.000 28.8873 9.183E-02 2.421E+10 3.793E-12 1.149E-14
172 3.000 1 5.000 28.9648 1.501E-01 5.438E+12 2.760E-14 1.132E-14
318 9.000 1 5.000 28.8717 4.938E-02 3.978E+07 1.241E-09 1.111E-14
700 5.000 1 5.000 28.6170 8.340E-02 6.099E+10 1.367E-12 1.024E-14
349 5.000 1 5.000 28.8708 8.178E-02 3.956E+07 2.067E-09 1.022E-14
350 7.000 1 5.000 28.8708 5.781E-02 3.954E+07 1.462E-09 1.012E-14
1026 5.000 1 5.000 28.5260 8.198E-02 1.082E+09 7.579E-11 1.000E-14
819 7.000 1 5.000 28.5730 5.616E-02 9.484E+07 5.921E-10 9.622E-15
337 7.000 1 5.000 28.8709 5.374E-02 3.990E+07 1.347E-09 9.404E-15
591 3.000 1 5.000 28.7044 1.266E-01 4.801E+12 2.637E-14 9.384E-15
1186 5.000 1 5.000 28.2803 7.686E-02 3.122E+12 2.462E-14 9.216E-15
599 3.000 1 5.000 28.6995 1.182E-01 4.584E+12 2.578E-14 8.755E-15
560 9.000 1 5.000 28.7740 3.908E-02 3.150E+12 1.241E-14 8.730E-15
827 5.000 1 5.000 28.5729 6.740E-02 2.022E+08 3.333E-10 8.252E-15
903 5.000 1 5.000 28.5477 6.628E-02 1.563E+12 4.241E-14 8.098E-15
254 9.000 1 5.000 28.9139 3.308E-02 6.751E+07 4.900E-10 7.462E-15
917 1.000 1 5.000 28.5469 2.949E-01 3.298E+11 8.942E-13 7.206E-15
1110 7.000 1 5.000 28.4995 3.989E-02 1.852E+09 2.153E-11 6.800E-15
855 5.000 1 5.000 28.5698 5.306E-02 1.208E+09 4.393E-11 6.494E-15
860 7.000 1 5.000 28.5694 3.756E-02 3.679E+09 1.021E-11 6.434E-15
1038 7.000 1 5.000 28.5258 3.764E-02 2.686E+09 1.401E-11 6.428E-15
226 9.000 1 5.000 28.9157 2.559E-02 6.849E+07 3.736E-10 5.774E-15
142 9.000 1 5.000 28.9992 2.512E-02 2.423E+08 1.037E-10 5.700E-15
893 7.000 1 5.000 28.5485 2.890E-02 5.024E+11 5.753E-14 4.944E-15
535 9.000 1 5.000 28.8423 2.058E-02 4.959E+07 4.150E-10 4.620E-15
256 9.000 1 5.000 28.9138 2.048E-02 1.275E+08 1.605E-10 4.618E-15
388 9.000 1 5.000 28.8692 2.040E-02 7.691E+07 2.652E-10 4.588E-15
639 9.000 1 5.000 28.6531 2.028E-02 1.808E+12 1.121E-14 4.492E-15
232 5.000 1 5.000 28.9155 3.440E-02 6.785E+07 5.070E-10 4.312E-15
496 3.000 1 5.000 28.8424 4.900E-02 2.529E+07 1.937E-09 3.668E-15
158 9.000 1 5.000 28.9961 1.393E-02 2.333E+08 5.972E-11 3.160E-15
387 9.000 1 5.000 28.8692 1.322E-02 3.947E+07 3.350E-10 2.972E-15
367 7.000 1 5.000 28.8694 1.561E-02 2.644E+07 5.906E-10 2.732E-15
744 9.000 1 5.000 28.5931 1.178E-02 9.754E+11 1.207E-14 2.600E-15
1188 7.000 1 5.000 28.2790 1.283E-02 4.396E+11 2.918E-14 2.154E-15
240 5.000 1 5.000 28.9143 1.681E-02 6.888E+07 2.440E-10 2.106E-15
1095 7.000 1 5.000 28.4996 1.226E-02 7.307E+07 1.678E-10 2.090E-15
983 5.000 1 5.000 28.5465 1.696E-02 2.907E+09 5.836E-12 2.072E-15
188 1.000 1 5.000 28.9329 8.162E-02 8.328E+12 9.801E-15 2.048E-15
979 7.000 1 5.000 28.5465 1.066E-02 1.195E+09 8.919E-12 1.824E-15
877 9.000 1 5.000 28.5589 7.689E-03 6.132E+11 1.254E-14 1.692E-15
739 5.000 1 5.000 28.6018 1.329E-02 2.185E+12 6.081E-15 1.629E-15
1138 1.000 1 5.000 28.4001 6.194E-02 2.104E+13 2.944E-15 1.498E-15
982 3.000 1 5.000 28.5465 1.664E-02 3.049E+09 5.456E-12 1.220E-15
537 9.000 1 5.000 28.8422 5.359E-03 6.735E+07 7.957E-11 1.203E-15
935 7.000 1 5.000 28.5468 6.504E-03 2.713E+08 2.397E-11 1.113E-15
436 7.000 1 5.000 28.8448 6.137E-03 2.533E+07 2.423E-10 1.072E-15
391 9.000 1 5.000 28.8691 4.554E-03 7.918E+07 5.752E-11 1.024E-15
939 7.000 1 5.000 28.5468 5.454E-03 3.787E+09 1.440E-12 9.330E-16
259 9.000 1 5.000 28.9137 3.564E-03 1.254E+08 2.842E-11 8.042E-16
246 7.000 1 5.000 28.9141 4.551E-03 6.811E+07 6.683E-11 7.986E-16
371 7.000 1 5.000 28.8693 4.457E-03 3.980E+07 1.120E-10 7.796E-16
978 5.000 1 5.000 28.5465 6.122E-03 1.289E+09 4.750E-12 7.480E-16
1000 5.000 1 5.000 28.5293 5.844E-03 2.772E+11 2.108E-14 7.132E-16
217 7.000 1 5.000 28.9165 3.710E-03 6.830E+07 5.432E-11 6.512E-16
913 9.000 1 5.000 28.5469 2.457E-03 5.174E+09 4.748E-13 5.404E-16
987 1.000 1 5.000 28.5462 2.094E-02 4.888E+10 4.284E-13 5.116E-16
1030 7.000 1 5.000 28.5259 2.731E-03 7.537E+07 3.624E-11 4.666E-16
1135 3.000 1 5.000 28.4055 6.330E-03 1.568E+13 4.038E-16 4.596E-16
938 5.000 1 5.000 28.5468 3.748E-03 3.929E+09 9.538E-13 4.580E-16
1156 1.000 1 5.000 28.3334 1.510E-02 1.129E+13 1.337E-15 3.634E-16
161 9.000 1 5.000 28.9960 1.514E-03 2.274E+08 6.660E-12 3.436E-16
233 7.000 1 5.000 28.9155 1.651E-03 6.782E+07 2.435E-11 2.900E-16
1015 9.000 1 5.000 28.5276 9.914E-04 3.466E+09 2.861E-13 2.178E-16
702 9.000 1 5.000 28.6169 8.263E-04 2.509E+09 3.293E-13 1.826E-16
1178 1.000 1 5.000 28.2961 7.479E-03 7.777E+12 9.616E-16 1.796E-16
235 1.000 1 5.000 28.9147 6.017E-03 1.262E+08 4.769E-11 1.508E-16
150 1.000 1 5.000 28.9980 5.942E-03 2.380E+08 2.496E-11 1.498E-16
248 9.000 1 5.000 28.9140 6.219E-04 6.772E+07 9.183E-12 1.403E-16
355 1.000 1 5.000 28.8696 4.629E-03 7.507E+07 6.166E-11 1.157E-16
338 9.000 1 5.000 28.8709 4.093E-04 3.989E+07 1.026E-11 9.208E-17
490 1.000 1 5.000 28.8426 3.567E-03 5.318E+07 6.707E-11 8.898E-17
799 7.000 1 5.000 28.5732 4.656E-04 2.684E+08 1.735E-12 7.978E-17
1155 3.000 1 5.000 28.3365 1.026E-03 8.756E+12 1.172E-16 7.414E-17
840 1.000 1 5.000 28.5724 2.968E-03 5.385E+10 5.511E-14 7.266E-17
912 7.000 1 5.000 28.5469 3.004E-04 5.179E+09 5.801E-14 5.138E-17
957 9.000 1 5.000 28.5467 2.033E-04 1.602E+09 1.269E-13 4.472E-17
723 1.000 1 5.000 28.6158 1.713E-03 1.540E+11 1.112E-14 4.206E-17
1116 9.000 1 5.000 28.4995 1.760E-04 1.419E+09 1.240E-13 3.858E-17
1043 9.000 1 5.000 28.5257 1.433E-04 1.989E+09 7.206E-14 3.148E-17
475 9.000 1 5.000 28.8439 1.398E-04 6.030E+07 2.318E-12 3.138E-17
344 9.000 1 5.000 28.8708 1.241E-04 7.893E+07 1.572E-12 2.790E-17
1177 3.000 1 5.000 28.2982 3.840E-04 5.003E+12 7.676E-17 2.766E-17
225 7.000 1 5.000 28.9157 1.362E-04 6.850E+07 1.989E-12 2.390E-17
694 9.000 1 5.000 28.6173 1.071E-04 8.383E+09 1.277E-14 2.366E-17
228 9.000 1 5.000 28.9156 1.004E-04 1.294E+08 7.760E-13 2.266E-17
502 5.000 1 5.000 28.8424 1.682E-04 2.657E+07 6.333E-12 2.098E-17
863 9.000 1 5.000 28.5693 7.566E-05 2.653E+09 2.852E-14 1.666E-17
940 9.000 1 5.000 28.5468 6.669E-05 3.204E+09 2.081E-14 1.467E-17
697 9.000 1 5.000 28.6172 6.406E-05 5.874E+09 1.090E-14 1.416E-17
149 9.000 1 5.000 28.9986 3.846E-05 2.396E+08 1.605E-13 8.728E-18
910 9.000 1 5.000 28.5470 3.327E-05 6.997E+09 4.754E-15 7.316E-18
691 9.000 1 5.000 28.6174 2.388E-05 1.297E+10 1.842E-15 5.278E-18
693 7.000 1 5.000 28.6173 2.267E-05 8.388E+09 2.703E-15 3.896E-18
782 9.000 1 5.000 28.5734 1.279E-05 9.910E+09 1.290E-15 2.818E-18
1175 9.000 1 5.000 28.3049 8.976E-06 1.281E+11 7.004E-17 1.940E-18
1201 9.000 1 5.000 28.2790 8.202E-06 9.018E+10 9.095E-17 1.770E-18
797 9.000 1 5.000 28.5732 6.989E-06 4.461E+09 1.567E-15 1.540E-18
1153 9.000 1 5.000 28.3479 7.090E-06 1.690E+11 4.194E-17 1.537E-18
701 7.000 1 5.000 28.6169 8.296E-06 2.503E+09 3.314E-15 1.426E-18
644 9.000 1 5.000 28.6525 5.936E-06 5.198E+10 1.142E-16 1.315E-18
956 7.000 1 5.000 28.5467 6.576E-06 1.598E+09 4.114E-15 1.125E-18
1133 9.000 1 5.000 28.4276 3.071E-06 1.757E+12 1.748E-18 6.698E-19
652 9.000 1 5.000 28.6494 2.460E-06 2.736E+10 8.991E-17 5.448E-19
1174 9.000 1 5.000 28.3049 2.498E-06 1.260E+11 1.982E-17 5.400E-19
1152 9.000 1 5.000 28.3479 2.211E-06 1.741E+11 1.270E-17 4.794E-19
1200 9.000 1 5.000 28.2790 2.170E-06 8.694E+10 2.496E-17 4.682E-19
1149 9.000 1 5.000 28.3480 2.007E-06 1.126E+12 1.783E-18 4.352E-19
924 9.000 1 5.000 28.5469 1.614E-06 1.571E+10 1.028E-16 3.552E-19
1167 9.000 1 5.000 28.3049 1.281E-06 6.918E+11 1.852E-18 2.770E-19
1189 9.000 1 5.000 28.2790 8.516E-07 4.486E+11 1.898E-18 1.838E-19
849 9.000 1 5.000 28.5713 6.460E-07 4.776E+09 1.353E-16 1.423E-19
784 9.000 1 5.000 28.5734 6.453E-07 2.555E+10 2.526E-17 1.422E-19
689 9.000 1 5.000 28.6175 3.146E-07 4.376E+10 7.188E-18 6.952E-20
506 7.000 1 5.000 28.8424 3.720E-07 1.187E+07 3.134E-14 6.496E-20
905 9.000 1 5.000 28.5471 2.942E-07 3.927E+10 7.492E-18 6.470E-20
1173 7.000 1 5.000 28.3049 1.714E-07 1.279E+11 1.340E-18 2.882E-20
1199 7.000 1 5.000 28.2790 1.681E-07 9.001E+10 1.868E-18 2.824E-20
775 9.000 1 5.000 28.5737 8.979E-08 5.898E+10 1.522E-18 1.978E-20
1151 7.000 1 5.000 28.3479 1.136E-07 1.688E+11 6.729E-19 1.916E-20
866 9.000 1 5.000 28.5691 7.003E-08 1.557E+10 4.498E-18 1.542E-20
511 9.000 1 5.000 28.8424 3.923E-08 1.666E+07 2.355E-15 8.806E-21
680 9.000 1 5.000 28.6179 2.779E-08 9.240E+10 3.008E-19 6.142E-21
463 9.000 1 5.000 28.8439 2.250E-08 1.667E+07 1.350E-15 5.052E-21
602 9.000 1 5.000 28.6991 2.091E-08 7.617E+10 2.745E-19 4.648E-21
473 9.000 1 5.000 28.8439 1.973E-08 1.184E+07 1.667E-15 4.432E-21
520 9.000 1 5.000 28.8423 1.781E-08 1.664E+07 1.070E-15 4.000E-21
440 9.000 1 5.000 28.8448 1.661E-08 1.666E+07 9.973E-16 3.728E-21
373 9.000 1 5.000 28.8693 1.652E-08 2.634E+07 6.273E-16 3.716E-21
339 9.000 1 5.000 28.8709 1.291E-08 2.637E+07 4.896E-16 2.904E-21
1117 9.000 1 5.000 28.4994 9.884E-09 6.204E+09 1.593E-18 2.166E-21
512 9.000 1 5.000 28.8424 8.333E-09 1.185E+07 7.030E-16 1.871E-21
321 9.000 1 5.000 28.8717 7.871E-09 2.632E+07 2.991E-16 1.771E-21
348 9.000 1 5.000 28.8708 6.544E-09 2.624E+07 2.494E-16 1.472E-21
1044 9.000 1 5.000 28.5256 5.587E-09 9.201E+09 6.072E-19 1.227E-21
374 9.000 1 5.000 28.8693 5.081E-09 2.627E+07 1.934E-16 1.143E-21
846 9.000 1 5.000 28.5714 4.283E-09 2.991E+10 1.432E-19 9.436E-22
507 9.000 1 5.000 28.8424 2.229E-09 1.187E+07 1.878E-16 5.004E-22
1067 9.000 1 5.000 28.5013 1.748E-09 1.190E+10 1.469E-19 3.832E-22
595 9.000 1 5.000 28.6997 1.506E-09 1.527E+11 9.857E-21 3.348E-22
479 9.000 1 5.000 28.8439 8.981E-10 1.664E+07 5.398E-17 2.016E-22
936 9.000 1 5.000 28.5468 7.676E-10 2.670E+08 2.875E-18 1.688E-22
854 9.000 1 5.000 28.5698 7.008E-10 1.882E+10 3.723E-20 1.544E-22
1011 9.000 1 5.000 28.5277 6.866E-10 1.829E+10 3.754E-20 1.508E-22
1025 9.000 1 5.000 28.5260 4.020E-10 1.135E+10 3.541E-20 8.828E-23
1090 9.000 1 5.000 28.4996 3.361E-10 7.275E+09 4.620E-20 7.368E-23
972 9.000 1 5.000 28.5466 2.630E-10 1.947E+07 1.351E-17 5.784E-23
969 9.000 1 5.000 28.5466 1.367E-10 1.147E+08 1.192E-18 3.006E-23
971 7.000 1 5.000 28.5466 1.324E-10 1.947E+07 6.801E-18 2.266E-23
648 9.000 1 5.000 28.6509 7.326E-11 3.336E+10 2.196E-21 1.623E-23
800 9.000 1 5.000 28.5732 3.791E-11 2.690E+08 1.409E-19 8.352E-24
820 9.000 1 5.000 28.5730 3.434E-11 9.569E+07 3.589E-19 7.568E-24
962 9.000 1 5.000 28.5466 3.241E-11 1.621E+07 2.000E-18 7.126E-24
908 9.000 1 5.000 28.5470 1.096E-11 3.597E+10 3.047E-22 2.410E-24
777 9.000 1 5.000 28.5735 7.683E-12 5.380E+10 1.428E-22 1.693E-24
933 9.000 1 5.000 28.5468 5.972E-12 2.133E+07 2.800E-19 1.313E-24
946 9.000 1 5.000 28.5467 3.418E-12 2.399E+10 1.425E-22 7.516E-25
1099 9.000 1 5.000 28.4996 2.456E-12 1.395E+07 1.760E-19 5.382E-25
681 9.000 1 5.000 28.6177 6.328E-13 8.328E+10 7.598E-24 1.399E-25
816 9.000 1 5.000 28.5730 4.959E-13 4.023E+10 1.233E-23 1.092E-25
709 9.000 1 5.000 28.6167 2.426E-13 7.559E+10 3.209E-24 5.360E-26
612 9.000 1 5.000 28.6974 1.722E-13 1.748E+11 9.855E-25 3.828E-26
1096 9.000 1 5.000 28.4996 3.629E-14 7.285E+07 4.981E-22 7.954E-27
597 9.000 1 5.000 28.6995 3.370E-14 1.300E+11 2.593E-25 7.490E-27
1031 9.000 1 5.000 28.5259 2.553E-14 7.519E+07 3.396E-22 5.608E-27
918 9.000 1 5.000 28.5469 1.354E-14 5.499E+08 2.463E-23 2.978E-27
1073 9.000 1 5.000 28.5013 1.101E-14 2.158E+08 5.104E-23 2.414E-27
791 9.000 1 5.000 28.5733 5.178E-15 5.554E+08 9.322E-24 1.141E-27
1017 9.000 1 5.000 28.5276 2.678E-15 2.161E+08 1.239E-23 5.880E-28
1105 9.000 1 5.000 28.4995 4.011E-16 3.088E+08 1.299E-24 8.792E-29
1034 9.000 1 5.000 28.5258 4.034E-17 2.929E+08 1.377E-25 8.860E-30
808 9.000 1 5.000 28.5731 9.471E-18 2.018E+08 4.693E-26 2.086E-30
1169 9.000 1 5.000 28.3049 8.031E-20 1.467E+10 5.475E-30 1.737E-32
1195 9.000 1 5.000 28.2790 4.728E-20 1.430E+10 3.306E-30 1.020E-32
954 9.000 1 5.000 28.5467 9.634E-21 2.176E+08 4.428E-29 2.118E-33
