!@# 6 2.00 4.00 10.0 30.0 100. 300.
i j E(eV) a0 a1 a2
1 50 2673.251647 8.217E-10 3.236E+02 -2.995E+00
3 50 668.806693 2.110E-12 1.533E+02 -2.556E+00
6 50 297.062150 1.036E-13 4.526E+01 -2.332E+00
11 50 167.018053 2.497E-14 1.895E+01 -2.256E+00
18 50 106.855534 1.003E-14 9.382E+00 -2.222E+00
27 50 74.187024 5.324E-15 5.446E+00 -2.210E+00
38 50 54.494738 3.112E-15 3.300E+00 -2.197E+00
2 50 668.872414 7.947E-10 9.501E+01 -3.490E+00
5 50 297.081622 1.637E-11 8.671E+01 -3.131E+00
10 50 167.026267 8.435E-13 4.701E+01 -2.842E+00
17 50 106.859737 1.363E-13 2.744E+01 -2.677E+00
26 50 74.189458 4.120E-14 1.766E+01 -2.581E+00
37 50 54.496271 1.658E-14 1.198E+01 -2.511E+00
4 50 667.117532 8.167E-10 9.475E+01 -3.496E+00
8 50 296.561480 1.669E-11 8.631E+01 -3.136E+00
13 50 166.806855 8.604E-13 4.685E+01 -2.847E+00
20 50 106.747403 1.396E-13 2.743E+01 -2.682E+00
29 50 74.124435 4.223E-14 1.769E+01 -2.586E+00
40 50 54.455296 1.694E-14 1.202E+01 -2.516E+00
7 50 296.562374 2.903E-09 5.994E+01 -4.113E+00
12 50 166.807235 1.834E-10 6.359E+01 -3.811E+00
19 50 106.747597 1.410E-11 4.731E+01 -3.526E+00
28 50 74.124544 2.075E-12 3.452E+01 -3.319E+00
39 50 54.455361 4.891E-13 2.580E+01 -3.166E+00
9 50 296.389851 2.948E-09 6.000E+01 -4.117E+00
15 50 166.734427 1.852E-10 6.358E+01 -3.813E+00
22 50 106.710295 1.434E-11 4.739E+01 -3.530E+00
31 50 74.102922 2.108E-12 3.459E+01 -3.322E+00
42 50 54.441698 4.856E-13 2.572E+01 -3.165E+00
14 50 166.734557 1.272E-08 4.558E+01 -4.778E+00
21 50 106.710358 1.890E-09 5.085E+01 -4.532E+00
30 50 74.102955 2.395E-10 4.431E+01 -4.279E+00
41 50 54.441718 4.317E-11 3.719E+01 -4.077E+00
16 50 166.698197 1.282E-08 4.560E+01 -4.779E+00
24 50 106.691727 1.921E-09 5.093E+01 -4.534E+00
33 50 74.092144 2.418E-10 4.436E+01 -4.281E+00
44 50 54.434862 4.161E-11 3.694E+01 -4.072E+00
23 50 106.691748 6.314E-08 3.766E+01 -5.488E+00
32 50 74.092153 1.734E-08 4.235E+01 -5.285E+00
43 50 54.434863 4.015E-09 4.069E+01 -5.092E+00
25 50 106.680608 6.372E-08 3.769E+01 -5.490E+00
34 50 74.085692 1.727E-08 4.233E+01 -5.284E+00
45 50 54.430760 3.907E-09 4.052E+01 -5.088E+00
35 50 74.085690 3.464E-07 3.257E+01 -6.248E+00
46 50 54.430756 1.593E-07 3.657E+01 -6.085E+00
36 50 74.081392 3.447E-07 3.255E+01 -6.247E+00
47 50 54.428034 1.698E-07 3.679E+01 -6.096E+00
48 50 54.428032 1.777E-06 2.854E+01 -7.030E+00
49 50 54.426098 2.050E-06 2.899E+01 -7.054E+00
