j g(j) i g(i) wl A A+A^a A/(A+A^a) f
7 3.000 1 1.000 5.03854 6.237E+13 6.237E+13 1.000E+00 7.123E-01
17 3.000 1 1.000 4.30005 1.897E+13 2.010E+13 9.437E-01 1.578E-01
31 3.000 1 1.000 4.08968 8.317E+12 9.024E+12 9.216E-01 6.255E-02
49 3.000 1 1.000 3.99905 4.460E+12 4.916E+12 9.072E-01 3.207E-02
71 3.000 1 1.000 3.95146 2.739E+12 3.074E+12 8.911E-01 1.924E-02
97 3.000 1 1.000 3.92328 1.920E+12 2.260E+12 8.497E-01 1.330E-02
4 3.000 1 1.000 5.06833 3.493E+11 3.495E+11 9.994E-01 4.035E-03
10 3.000 1 1.000 4.30624 1.098E+11 1.271E+12 8.634E-02 9.157E-04
20 3.000 1 1.000 4.09207 4.617E+10 7.515E+11 6.144E-02 3.478E-04
34 3.000 1 1.000 4.00025 2.318E+10 4.582E+11 5.060E-02 1.669E-04
16 5.000 1 1.000 4.30148 9.774E+09 3.297E+12 2.964E-03 1.356E-04
52 3.000 1 1.000 3.95216 1.299E+10 3.080E+11 4.217E-02 9.127E-05
30 5.000 1 1.000 4.09029 5.892E+09 1.445E+12 4.076E-03 7.389E-05
74 3.000 1 1.000 3.92375 7.687E+09 2.509E+11 3.063E-02 5.324E-05
46 5.000 1 1.000 3.99939 3.494E+09 7.851E+11 4.450E-03 4.189E-05
68 5.000 1 1.000 3.95169 2.210E+09 5.035E+11 4.389E-03 2.586E-05
14 5.000 1 1.000 4.30195 1.716E+09 3.364E+12 5.102E-04 2.381E-05
96 5.000 1 1.000 3.92347 1.508E+09 4.207E+11 3.585E-03 1.740E-05
24 5.000 1 1.000 4.09049 7.436E+08 1.481E+12 5.023E-04 9.327E-06
38 5.000 1 1.000 3.99950 3.790E+08 7.977E+11 4.751E-04 4.545E-06
56 5.000 1 1.000 3.95175 2.176E+08 4.993E+11 4.358E-04 2.547E-06
6 5.000 1 1.000 5.06486 1.087E+08 3.689E+08 2.946E-01 2.090E-06
78 5.000 1 1.000 3.92351 1.352E+08 3.841E+11 3.520E-04 1.560E-06
12 5.000 1 1.000 4.30550 4.316E+07 1.153E+12 3.743E-05 5.998E-07
22 5.000 1 1.000 4.09179 2.028E+07 7.015E+11 2.891E-05 2.545E-07
36 5.000 1 1.000 4.00011 1.106E+07 4.329E+11 2.555E-05 1.327E-07
53 5.000 1 1.000 3.95209 6.748E+06 2.937E+11 2.298E-05 7.902E-08
75 5.000 1 1.000 3.92371 4.554E+06 2.424E+11 1.879E-05 5.256E-08
2 3.000 1 1.000 5.10354 1.380E+06 1.380E+06 1.000E+00 1.617E-08
8 3.000 1 1.000 4.31328 6.227E+05 4.261E+11 1.461E-06 5.211E-09
18 3.000 1 1.000 4.09471 3.023E+05 3.154E+11 9.584E-07 2.280E-09
32 3.000 1 1.000 4.00154 1.665E+05 2.265E+11 7.350E-07 1.199E-09
50 3.000 1 1.000 3.95289 1.015E+05 1.836E+11 5.529E-07 7.132E-10
72 3.000 1 1.000 3.92421 6.770E+04 2.108E+11 3.212E-07 4.688E-10
13 3.000 1 1.000 4.30201 6.373E+03 3.378E+12 1.886E-09 5.306E-11
23 3.000 1 1.000 4.09052 4.087E+03 1.486E+12 2.751E-09 3.074E-11
37 3.000 1 1.000 3.99951 2.495E+03 7.994E+11 3.122E-09 1.795E-11
55 3.000 1 1.000 3.95176 1.601E+03 4.988E+11 3.209E-09 1.124E-11
77 3.000 1 1.000 3.92351 1.097E+03 3.805E+11 2.882E-09 7.593E-12
26 5.000 1 1.000 4.09036 2.550E-01 7.009E+11 3.638E-13 3.197E-15
40 5.000 1 1.000 3.99944 2.256E-01 3.647E+11 6.186E-13 2.704E-15
58 5.000 1 1.000 3.95172 1.671E-01 2.162E+11 7.727E-13 1.956E-15
79 5.000 1 1.000 3.92349 1.214E-01 1.440E+11 8.429E-13 1.401E-15
