j g(j) i g(i) wl A A+A^a A/(A+A^a) f
58 4.000 1 4.000 12.8460 1.912E+13 1.997E+13 9.574E-01 4.720E-01
56 6.000 1 4.000 12.8640 1.201E+13 1.417E+13 8.472E-01 4.463E-01
60 2.000 1 4.000 12.8240 1.721E+13 1.938E+13 8.880E-01 2.120E-01
51 6.000 1 4.000 12.9150 4.885E+12 8.299E+12 5.886E-01 1.832E-01
73 6.000 1 4.000 12.6041 4.423E+12 5.191E+12 8.521E-01 1.581E-01
48 6.000 1 4.000 12.9603 3.467E+12 3.690E+12 9.394E-01 1.310E-01
72 4.000 1 4.000 12.6049 4.360E+12 4.433E+12 9.836E-01 1.039E-01
42 6.000 1 4.000 13.0621 2.627E+12 3.316E+12 7.920E-01 1.008E-01
304 4.000 1 4.000 10.0015 5.780E+12 7.273E+12 7.947E-01 8.670E-02
303 6.000 1 4.000 10.0066 2.992E+12 4.988E+12 5.998E-01 6.738E-02
298 6.000 1 4.000 10.0541 2.787E+12 4.130E+12 6.748E-01 6.335E-02
59 2.000 1 4.000 12.8325 4.651E+12 1.125E+13 4.135E-01 5.743E-02
63 6.000 1 4.000 12.7549 1.417E+12 2.191E+13 6.465E-02 5.183E-02
159 6.000 1 4.000 11.7550 1.656E+12 2.023E+12 8.186E-01 5.148E-02
335 6.000 1 4.000 9.72839 2.382E+12 3.055E+12 7.797E-01 5.068E-02
45 4.000 1 4.000 12.9786 1.983E+12 3.970E+12 4.993E-01 5.008E-02
75 2.000 1 4.000 12.5934 4.202E+12 4.260E+12 9.862E-01 4.995E-02
305 2.000 1 4.000 9.99887 6.540E+12 8.075E+12 8.099E-01 4.903E-02
286 6.000 1 4.000 10.1214 2.108E+12 4.140E+12 5.093E-01 4.858E-02
19 6.000 1 4.000 13.7755 1.015E+12 1.272E+12 7.981E-01 4.330E-02
336 4.000 1 4.000 9.72837 2.390E+12 3.049E+12 7.837E-01 3.390E-02
441 6.000 1 4.000 9.19000 1.644E+12 2.397E+12 6.859E-01 3.123E-02
482 4.000 1 4.000 9.07990 2.470E+12 3.474E+12 7.110E-01 3.053E-02
17 4.000 1 4.000 13.8617 9.910E+11 1.182E+12 8.381E-01 2.855E-02
467 6.000 1 4.000 9.12003 1.405E+12 2.410E+12 5.832E-01 2.630E-02
481 6.000 1 4.000 9.08227 1.159E+12 2.319E+12 4.997E-01 2.150E-02
483 2.000 1 4.000 9.07867 3.158E+12 4.052E+12 7.794E-01 1.951E-02
50 4.000 1 4.000 12.9213 7.515E+11 5.380E+12 1.397E-01 1.881E-02
535 6.000 1 4.000 8.82573 1.037E+12 1.585E+12 6.539E-01 1.816E-02
39 4.000 1 4.000 13.1010 7.013E+11 1.420E+12 4.937E-01 1.805E-02
152 4.000 1 4.000 11.7869 8.493E+11 1.327E+12 6.402E-01 1.769E-02
295 4.000 1 4.000 10.0607 1.153E+12 2.844E+12 4.054E-01 1.750E-02
16 2.000 1 4.000 13.9875 1.182E+12 1.378E+12 8.576E-01 1.733E-02
337 2.000 1 4.000 9.72572 2.436E+12 3.094E+12 7.872E-01 1.727E-02
444 6.000 1 4.000 9.17772 9.113E+11 2.449E+12 3.721E-01 1.726E-02
115 6.000 1 4.000 12.0968 4.837E+11 1.293E+12 3.741E-01 1.592E-02
603 4.000 1 4.000 8.64920 1.382E+12 2.058E+12 6.715E-01 1.550E-02
300 6.000 1 4.000 10.0400 6.317E+11 6.062E+12 1.042E-01 1.432E-02
536 4.000 1 4.000 8.82450 1.210E+12 1.769E+12 6.840E-01 1.413E-02
782 6.000 1 4.000 8.40424 8.667E+11 1.308E+12 6.625E-01 1.377E-02
556 6.000 1 4.000 8.73819 8.008E+11 1.858E+12 4.310E-01 1.375E-02
575 6.000 1 4.000 8.68467 7.830E+11 1.483E+12 5.280E-01 1.328E-02
163 4.000 1 4.000 11.7308 5.618E+11 1.664E+12 3.375E-01 1.159E-02
604 2.000 1 4.000 8.64854 1.858E+12 2.452E+12 7.575E-01 1.042E-02
602 6.000 1 4.000 8.65046 5.902E+11 1.329E+12 4.440E-01 9.933E-03
783 4.000 1 4.000 8.40413 9.358E+11 1.361E+12 6.878E-01 9.910E-03
128 2.000 1 4.000 11.9713 9.185E+11 2.823E+12 3.253E-01 9.868E-03
299 4.000 1 4.000 10.0421 6.415E+11 4.310E+12 1.488E-01 9.698E-03
117 4.000 1 4.000 12.0887 4.305E+11 6.227E+12 6.914E-02 9.430E-03
751 6.000 1 4.000 8.44267 5.627E+11 1.087E+12 5.178E-01 9.020E-03
437 4.000 1 4.000 9.20507 6.945E+11 1.277E+12 5.440E-01 8.823E-03
106 6.000 1 4.000 12.1845 2.617E+11 4.587E+12 5.704E-02 8.738E-03
776 4.000 1 4.000 8.40938 8.100E+11 1.297E+12 6.246E-01 8.588E-03
278 6.000 1 4.000 10.2111 3.608E+11 9.894E+11 3.647E-01 8.460E-03
463 4.000 1 4.000 9.12298 6.633E+11 1.745E+12 3.800E-01 8.278E-03
47 2.000 1 4.000 12.9654 6.540E+11 1.563E+12 4.185E-01 8.240E-03
537 2.000 1 4.000 8.82276 1.281E+12 1.811E+12 7.073E-01 7.473E-03
906 6.000 1 4.000 8.17115 4.908E+11 8.722E+11 5.627E-01 7.370E-03
131 4.000 1 4.000 11.9482 3.403E+11 3.256E+12 1.045E-01 7.283E-03
285 4.000 1 4.000 10.1333 3.910E+11 1.919E+12 2.037E-01 6.020E-03
306 2.000 1 4.000 9.99460 8.035E+11 5.903E+12 1.361E-01 6.018E-03
129 4.000 1 4.000 11.9612 2.803E+11 2.465E+12 1.137E-01 6.015E-03
134 6.000 1 4.000 11.9120 1.885E+11 3.158E+12 5.969E-02 6.015E-03
777 2.000 1 4.000 8.40902 1.132E+12 1.572E+12 7.202E-01 6.003E-03
62 4.000 1 4.000 12.7586 2.441E+11 1.127E+13 2.165E-02 5.958E-03
801 6.000 1 4.000 8.36484 3.723E+11 1.289E+12 2.889E-01 5.858E-03
127 2.000 1 4.000 11.9823 5.320E+11 3.129E+12 1.700E-01 5.728E-03
715 6.000 1 4.000 8.49344 3.522E+11 1.171E+12 3.007E-01 5.715E-03
154 2.000 1 4.000 11.7838 5.355E+11 1.499E+12 3.572E-01 5.573E-03
69 4.000 1 4.000 12.6471 2.303E+11 1.654E+13 1.392E-02 5.523E-03
905 4.000 1 4.000 8.17189 5.348E+11 9.356E+11 5.715E-01 5.355E-03
439 4.000 1 4.000 9.19404 4.120E+11 1.347E+12 3.058E-01 5.223E-03
81 6.000 1 4.000 12.5541 1.462E+11 1.863E+13 7.848E-03 5.183E-03
977 6.000 1 4.000 7.98577 3.602E+11 8.281E+11 4.349E-01 5.168E-03
784 2.000 1 4.000 8.40357 9.750E+11 1.390E+12 7.015E-01 5.163E-03
775 6.000 1 4.000 8.41006 3.240E+11 8.321E+11 3.894E-01 5.153E-03
162 2.000 1 4.000 11.7323 4.904E+11 2.234E+12 2.195E-01 5.060E-03
272 4.000 1 4.000 10.2586 3.050E+11 9.462E+11 3.223E-01 4.810E-03
572 4.000 1 4.000 8.68639 4.130E+11 1.104E+12 3.742E-01 4.670E-03
113 4.000 1 4.000 12.1298 2.011E+11 1.193E+12 1.685E-01 4.438E-03
440 2.000 1 4.000 9.19009 6.960E+11 1.415E+12 4.918E-01 4.405E-03
470 4.000 1 4.000 9.11450 3.403E+11 2.859E+12 1.190E-01 4.238E-03
79 2.000 1 4.000 12.5605 3.432E+11 1.324E+13 2.592E-02 4.058E-03
445 4.000 1 4.000 9.17433 3.018E+11 1.403E+12 2.151E-01 3.808E-03
471 6.000 1 4.000 9.11420 2.013E+11 3.871E+12 5.201E-02 3.760E-03
80 4.000 1 4.000 12.5558 1.568E+11 1.729E+13 9.069E-03 3.708E-03
538 6.000 1 4.000 8.80701 2.118E+11 8.393E+11 2.524E-01 3.695E-03
297 2.000 1 4.000 10.0583 4.792E+11 1.973E+12 2.429E-01 3.633E-03
103 4.000 1 4.000 12.2072 1.616E+11 2.395E+12 6.744E-02 3.610E-03
798 4.000 1 4.000 8.36923 3.330E+11 1.268E+12 2.625E-01 3.498E-03
70 6.000 1 4.000 12.6380 9.003E+10 2.023E+13 4.450E-03 3.235E-03
713 6.000 1 4.000 8.49499 1.990E+11 7.572E+11 2.628E-01 3.228E-03
249 4.000 1 4.000 10.6573 1.783E+11 4.138E+12 4.309E-02 3.038E-03
975 4.000 1 4.000 7.98830 3.128E+11 8.242E+11 3.795E-01 2.993E-03
1143 6.000 1 4.000 7.77449 2.168E+11 5.903E+11 3.673E-01 2.948E-03
748 4.000 1 4.000 8.44363 2.720E+11 7.402E+11 3.674E-01 2.908E-03
359 6.000 1 4.000 9.46393 1.392E+11 3.276E+12 4.249E-02 2.805E-03
331 6.000 1 4.000 9.76209 1.300E+11 7.301E+11 1.780E-01 2.785E-03
271 2.000 1 4.000 10.3324 3.472E+11 1.045E+12 3.324E-01 2.780E-03
904 2.000 1 4.000 8.17192 5.385E+11 8.986E+11 5.993E-01 2.698E-03
576 4.000 1 4.000 8.68171 2.263E+11 1.821E+12 1.243E-01 2.558E-03
254 6.000 1 4.000 10.6203 9.567E+10 7.112E+11 1.345E-01 2.427E-03
570 6.000 1 4.000 8.69265 1.189E+11 4.698E+11 2.532E-01 2.021E-03
99 4.000 1 4.000 12.2565 8.815E+10 1.271E+12 6.936E-02 1.985E-03
208 6.000 1 4.000 11.2799 6.817E+10 2.554E+11 2.669E-01 1.951E-03
577 6.000 1 4.000 8.68170 1.144E+11 2.485E+12 4.602E-02 1.939E-03
320 6.000 1 4.000 9.87810 8.390E+10 7.010E+12 1.197E-02 1.841E-03
326 4.000 1 4.000 9.85867 1.256E+11 7.582E+12 1.657E-02 1.830E-03
71 2.000 1 4.000 12.6128 1.507E+11 1.298E+13 1.160E-02 1.796E-03
251 6.000 1 4.000 10.6517 6.943E+10 3.817E+12 1.819E-02 1.772E-03
464 2.000 1 4.000 9.12214 2.830E+11 1.273E+12 2.223E-01 1.765E-03
105 2.000 1 4.000 12.1923 1.572E+11 4.711E+12 3.337E-02 1.752E-03
799 2.000 1 4.000 8.36898 3.335E+11 9.903E+11 3.368E-01 1.751E-03
1142 4.000 1 4.000 7.77545 1.884E+11 5.866E+11 3.211E-01 1.707E-03
23 6.000 1 4.000 13.5216 4.152E+10 1.908E+12 2.176E-02 1.707E-03
95 2.000 1 4.000 12.2857 1.508E+11 8.596E+11 1.754E-01 1.706E-03
401 2.000 1 4.000 9.33978 2.601E+11 1.195E+12 2.177E-01 1.701E-03
248 2.000 1 4.000 10.6782 1.903E+11 2.681E+12 7.098E-02 1.627E-03
360 4.000 1 4.000 9.46174 1.186E+11 1.541E+12 7.699E-02 1.592E-03
257 6.000 1 4.000 10.5906 6.225E+10 6.677E+11 9.323E-02 1.570E-03
533 6.000 1 4.000 8.83732 8.853E+10 5.727E+11 1.546E-01 1.555E-03
325 2.000 1 4.000 9.86040 2.119E+11 5.844E+12 3.626E-02 1.545E-03
755 4.000 1 4.000 8.44074 1.421E+11 1.371E+12 1.036E-01 1.518E-03
800 6.000 1 4.000 8.36870 9.602E+10 1.958E+12 4.904E-02 1.512E-03
554 4.000 1 4.000 8.74096 1.290E+11 8.506E+11 1.516E-01 1.478E-03
442 4.000 1 4.000 9.18303 1.141E+11 1.176E+12 9.695E-02 1.442E-03
971 2.000 1 4.000 7.98914 3.003E+11 8.206E+11 3.660E-01 1.437E-03
164 6.000 1 4.000 11.7184 4.502E+10 2.399E+12 1.876E-02 1.390E-03
438 2.000 1 4.000 9.20419 2.171E+11 1.090E+12 1.991E-01 1.379E-03
411 6.000 1 4.000 9.31225 6.768E+10 2.386E+12 2.836E-02 1.320E-03
119 2.000 1 4.000 12.0518 1.169E+11 1.297E+12 9.011E-02 1.272E-03
417 2.000 1 4.000 9.26267 1.944E+11 6.863E+11 2.832E-01 1.250E-03
124 6.000 1 4.000 12.0130 3.698E+10 8.722E+11 4.240E-02 1.200E-03
771 6.000 1 4.000 8.41164 7.253E+10 4.112E+11 1.764E-01 1.154E-03
369 4.000 1 4.000 9.42984 8.575E+10 3.304E+12 2.595E-02 1.143E-03
639 6.000 1 4.000 8.59085 6.503E+10 1.786E+12 3.641E-02 1.080E-03
180 4.000 1 4.000 11.6063 5.340E+10 2.537E+12 2.105E-02 1.078E-03
573 2.000 1 4.000 8.68594 1.897E+11 8.524E+11 2.225E-01 1.073E-03
610 6.000 1 4.000 8.64400 6.370E+10 5.717E+12 1.114E-02 1.070E-03
319 4.000 1 4.000 9.87813 7.285E+10 6.377E+12 1.142E-02 1.066E-03
65 6.000 1 4.000 12.7395 2.878E+10 6.894E+11 4.175E-02 1.050E-03
293 6.000 1 4.000 10.0775 4.267E+10 1.409E+12 3.028E-02 9.745E-04
323 6.000 1 4.000 9.86100 4.433E+10 9.366E+12 4.734E-03 9.695E-04
118 6.000 1 4.000 12.0559 2.943E+10 4.964E+12 5.930E-03 9.623E-04
754 6.000 1 4.000 8.44083 5.918E+10 1.680E+12 3.523E-02 9.485E-04
518 4.000 1 4.000 8.96907 7.808E+10 3.804E+12 2.053E-02 9.415E-04
140 2.000 1 4.000 11.8519 8.795E+10 5.713E+12 1.539E-02 9.263E-04
400 6.000 1 4.000 9.34142 4.647E+10 7.887E+11 5.892E-02 9.120E-04
486 2.000 1 4.000 9.07640 1.471E+11 3.005E+12 4.893E-02 9.083E-04
1141 2.000 1 4.000 7.77546 1.931E+11 5.930E+11 3.256E-01 8.748E-04
443 2.000 1 4.000 9.17851 1.354E+11 1.279E+12 1.059E-01 8.550E-04
562 4.000 1 4.000 8.72756 7.365E+10 4.313E+11 1.708E-01 8.410E-04
211 4.000 1 4.000 11.2347 4.435E+10 1.457E+12 3.043E-02 8.393E-04
517 2.000 1 4.000 8.97046 1.242E+11 3.204E+12 3.875E-02 7.490E-04
98 6.000 1 4.000 12.2600 2.168E+10 1.967E+11 1.102E-01 7.328E-04
872 6.000 1 4.000 8.19938 4.815E+10 1.230E+12 3.916E-02 7.280E-04
330 4.000 1 4.000 9.76493 5.088E+10 6.524E+11 7.798E-02 7.273E-04
361 2.000 1 4.000 9.46016 1.046E+11 3.216E+12 3.251E-02 7.015E-04
188 6.000 1 4.000 11.5118 2.350E+10 1.629E+12 1.443E-02 7.003E-04
543 4.000 1 4.000 8.80000 5.955E+10 1.385E+12 4.301E-02 6.915E-04
804 4.000 1 4.000 8.35919 6.568E+10 9.047E+11 7.259E-02 6.880E-04
608 4.000 1 4.000 8.64588 6.088E+10 5.178E+12 1.176E-02 6.823E-04
399 4.000 1 4.000 9.34367 5.190E+10 1.339E+12 3.876E-02 6.793E-04
749 2.000 1 4.000 8.44337 1.248E+11 5.823E+11 2.143E-01 6.670E-04
512 6.000 1 4.000 8.97699 3.638E+10 3.415E+12 1.065E-02 6.593E-04
607 6.000 1 4.000 8.64690 3.587E+10 2.189E+12 1.638E-02 6.033E-04
711 4.000 1 4.000 8.49747 5.385E+10 1.154E+12 4.665E-02 5.830E-04
712 4.000 1 4.000 8.49529 5.358E+10 5.722E+11 9.363E-02 5.798E-04
516 6.000 1 4.000 8.97059 3.197E+10 4.654E+12 6.869E-03 5.783E-04
679 4.000 1 4.000 8.55129 5.205E+10 2.383E+12 2.185E-02 5.708E-04
549 2.000 1 4.000 8.78241 9.805E+10 4.782E+11 2.050E-01 5.670E-04
114 2.000 1 4.000 12.1195 5.060E+10 1.863E+11 2.716E-01 5.570E-04
243 4.000 1 4.000 10.7413 3.143E+10 1.959E+11 1.604E-01 5.438E-04
408 4.000 1 4.000 9.32611 4.140E+10 1.235E+12 3.353E-02 5.400E-04
890 6.000 1 4.000 8.18152 3.422E+10 4.440E+11 7.706E-02 5.153E-04
599 2.000 1 4.000 8.65469 8.485E+10 3.127E+12 2.714E-02 4.765E-04
678 2.000 1 4.000 8.55193 8.480E+10 2.015E+12 4.208E-02 4.650E-04
640 4.000 1 4.000 8.59078 4.118E+10 2.030E+12 2.029E-02 4.558E-04
241 6.000 1 4.000 10.7483 1.661E+10 1.320E+11 1.258E-01 4.315E-04
513 4.000 1 4.000 8.97674 3.545E+10 3.196E+12 1.109E-02 4.283E-04
214 2.000 1 4.000 11.1723 4.538E+10 2.419E+11 1.876E-01 4.245E-04
368 6.000 1 4.000 9.43761 2.117E+10 8.601E+11 2.461E-02 4.243E-04
410 4.000 1 4.000 9.31407 3.193E+10 2.674E+12 1.194E-02 4.153E-04
877 4.000 1 4.000 8.19488 4.030E+10 1.242E+12 3.245E-02 4.058E-04
133 4.000 1 4.000 11.9158 1.904E+10 4.246E+12 4.483E-03 4.053E-04
802 4.000 1 4.000 8.36463 3.835E+10 4.745E+12 8.082E-03 4.023E-04
487 6.000 1 4.000 9.07576 2.122E+10 3.770E+12 5.628E-03 3.930E-04
988 6.000 1 4.000 7.97754 2.745E+10 7.917E+11 3.467E-02 3.928E-04
353 2.000 1 4.000 9.48567 5.640E+10 9.844E+11 5.730E-02 3.803E-04
355 4.000 1 4.000 9.47922 2.798E+10 1.094E+12 2.558E-02 3.770E-04
532 4.000 1 4.000 8.83838 3.165E+10 5.142E+11 6.156E-02 3.708E-04
934 2.000 1 4.000 8.10334 7.420E+10 5.928E+11 1.252E-01 3.653E-04
673 6.000 1 4.000 8.55535 2.187E+10 2.030E+12 1.077E-02 3.600E-04
677 6.000 1 4.000 8.55210 2.128E+10 2.828E+12 7.525E-03 3.500E-04
588 4.000 1 4.000 8.67012 3.100E+10 1.357E+12 2.284E-02 3.495E-04
730 4.000 1 4.000 8.46698 3.220E+10 2.953E+11 1.090E-01 3.460E-04
256 4.000 1 4.000 10.6106 2.000E+10 2.081E+12 9.609E-03 3.375E-04
111 8.000 1 4.000 12.1689 7.505E+09 7.957E+12 9.432E-04 3.332E-04
833 4.000 1 4.000 8.31798 3.210E+10 1.586E+12 2.024E-02 3.330E-04
724 6.000 1 4.000 8.47692 2.053E+10 1.375E+12 1.493E-02 3.318E-04
605 4.000 1 4.000 8.64724 2.855E+10 2.430E+12 1.175E-02 3.200E-04
20 4.000 1 4.000 13.7127 1.119E+10 2.844E+12 3.933E-03 3.153E-04
626 6.000 1 4.000 8.60190 1.887E+10 2.094E+12 9.008E-03 3.140E-04
935 6.000 1 4.000 8.10296 2.123E+10 4.868E+11 4.362E-02 3.135E-04
606 2.000 1 4.000 8.64719 5.555E+10 1.948E+12 2.852E-02 3.115E-04
500 4.000 1 4.000 9.04488 2.489E+10 1.879E+12 1.325E-02 3.053E-04
630 4.000 1 4.000 8.59751 2.723E+10 8.944E+11 3.044E-02 3.018E-04
900 6.000 1 4.000 8.17685 2.002E+10 3.315E+11 6.037E-02 3.010E-04
96 4.000 1 4.000 12.2824 1.321E+10 1.128E+12 1.171E-02 2.988E-04
244 2.000 1 4.000 10.7291 3.459E+10 1.649E+11 2.097E-01 2.985E-04
447 6.000 1 4.000 9.16290 1.578E+10 1.660E+12 9.507E-03 2.980E-04
502 6.000 1 4.000 9.03941 1.618E+10 1.191E+12 1.358E-02 2.973E-04
831 2.000 1 4.000 8.31840 5.570E+10 1.382E+12 4.032E-02 2.890E-04
803 2.000 1 4.000 8.36251 5.495E+10 7.644E+11 7.189E-02 2.880E-04
499 2.000 1 4.000 9.04915 4.671E+10 1.816E+12 2.571E-02 2.868E-04
409 6.000 1 4.000 9.32406 1.462E+10 1.624E+12 8.998E-03 2.858E-04
700 2.000 1 4.000 8.51947 5.245E+10 3.414E+11 1.536E-01 2.853E-04
770 4.000 1 4.000 8.41224 2.678E+10 3.660E+11 7.316E-02 2.840E-04
759 6.000 1 4.000 8.43432 1.752E+10 2.590E+11 6.763E-02 2.803E-04
989 4.000 1 4.000 7.97718 2.893E+10 4.400E+11 6.575E-02 2.760E-04
582 6.000 1 4.000 8.67289 1.600E+10 1.374E+12 1.164E-02 2.708E-04
620 6.000 1 4.000 8.60811 1.604E+10 8.547E+11 1.876E-02 2.673E-04
714 2.000 1 4.000 8.49393 4.917E+10 6.909E+11 7.116E-02 2.660E-04
1145 4.000 1 4.000 7.77216 2.933E+10 5.587E+11 5.249E-02 2.658E-04
592 2.000 1 4.000 8.66683 4.657E+10 1.372E+12 3.393E-02 2.623E-04
632 2.000 1 4.000 8.59679 4.709E+10 1.722E+12 2.735E-02 2.608E-04
412 2.000 1 4.000 9.29549 3.958E+10 3.196E+12 1.238E-02 2.563E-04
321 2.000 1 4.000 9.87491 3.431E+10 4.637E+12 7.399E-03 2.508E-04
992 4.000 1 4.000 7.97520 2.548E+10 1.044E+12 2.439E-02 2.429E-04
107 6.000 1 4.000 12.1791 7.203E+09 6.802E+12 1.059E-03 2.403E-04
674 4.000 1 4.000 8.55520 2.189E+10 1.916E+12 1.142E-02 2.402E-04
850 6.000 1 4.000 8.25043 1.532E+10 1.114E+12 1.375E-02 2.345E-04
364 4.000 1 4.000 9.44747 1.703E+10 2.286E+12 7.450E-03 2.279E-04
716 4.000 1 4.000 8.49213 2.058E+10 1.585E+12 1.299E-02 2.225E-04
218 4.000 1 4.000 11.1504 1.192E+10 1.349E+12 8.835E-03 2.222E-04
1086 6.000 1 4.000 7.88566 1.569E+10 4.103E+11 3.825E-02 2.194E-04
24 4.000 1 4.000 13.5026 7.913E+09 2.355E+12 3.360E-03 2.163E-04
903 6.000 1 4.000 8.17545 1.414E+10 1.111E+12 1.272E-02 2.125E-04
827 6.000 1 4.000 8.32032 1.344E+10 1.267E+12 1.061E-02 2.093E-04
121 4.000 1 4.000 12.0318 9.598E+09 7.955E+11 1.206E-02 2.083E-04
778 2.000 1 4.000 8.40819 3.924E+10 1.323E+12 2.965E-02 2.080E-04
1007 2.000 1 4.000 7.96776 4.294E+10 7.102E+11 6.046E-02 2.044E-04
832 6.000 1 4.000 8.31840 1.281E+10 1.805E+12 7.100E-03 1.994E-04
933 4.000 1 4.000 8.10471 2.001E+10 7.382E+11 2.710E-02 1.971E-04
196 8.000 1 4.000 11.4190 5.016E+09 3.494E+12 1.436E-03 1.961E-04
874 2.000 1 4.000 8.19814 3.884E+10 1.157E+12 3.357E-02 1.957E-04
635 4.000 1 4.000 8.59535 1.732E+10 1.744E+12 9.928E-03 1.918E-04
624 6.000 1 4.000 8.60261 1.134E+10 8.255E+11 1.373E-02 1.887E-04
191 2.000 1 4.000 11.4965 1.890E+10 1.230E+12 1.537E-02 1.873E-04
723 4.000 1 4.000 8.47751 1.727E+10 1.616E+12 1.068E-02 1.861E-04
85 6.000 1 4.000 12.4348 5.342E+09 1.448E+13 3.688E-04 1.858E-04
496 6.000 1 4.000 9.06109 9.653E+09 9.238E+11 1.045E-02 1.783E-04
944 6.000 1 4.000 8.08850 1.185E+10 8.521E+11 1.391E-02 1.744E-04
1073 6.000 1 4.000 7.90595 1.221E+10 1.005E+12 1.215E-02 1.717E-04
258 4.000 1 4.000 10.5715 9.955E+09 1.168E+12 8.522E-03 1.668E-04
978 4.000 1 4.000 7.98304 1.739E+10 6.803E+11 2.556E-02 1.662E-04
976 2.000 1 4.000 7.98589 3.379E+10 6.412E+11 5.270E-02 1.615E-04
629 6.000 1 4.000 8.59850 9.665E+09 9.224E+11 1.048E-02 1.607E-04
109 4.000 1 4.000 12.1764 7.213E+09 6.913E+12 1.043E-03 1.603E-04
1083 4.000 1 4.000 7.88673 1.675E+10 5.178E+11 3.234E-02 1.562E-04
396 4.000 1 4.000 9.35055 1.162E+10 7.596E+11 1.530E-02 1.524E-04
828 4.000 1 4.000 8.32026 1.427E+10 1.195E+12 1.194E-02 1.481E-04
1097 6.000 1 4.000 7.88088 1.046E+10 7.878E+11 1.327E-02 1.460E-04
1084 2.000 1 4.000 7.88627 3.110E+10 4.570E+11 6.803E-02 1.450E-04
652 4.000 1 4.000 8.57483 1.292E+10 1.700E+12 7.599E-03 1.424E-04
726 2.000 1 4.000 8.46907 2.567E+10 1.612E+12 1.592E-02 1.380E-04
194 6.000 1 4.000 11.4266 4.653E+09 4.349E+12 1.070E-03 1.366E-04
190 4.000 1 4.000 11.5011 6.798E+09 2.144E+12 3.171E-03 1.348E-04
174 6.000 1 4.000 11.6492 4.307E+09 4.399E+11 9.790E-03 1.314E-04
584 6.000 1 4.000 8.67180 7.417E+09 1.369E+12 5.417E-03 1.254E-04
1203 6.000 1 4.000 7.62654 9.313E+09 3.040E+12 3.063E-03 1.218E-04
1010 4.000 1 4.000 7.96730 1.269E+10 8.341E+11 1.521E-02 1.208E-04
895 4.000 1 4.000 8.17920 1.147E+10 1.119E+12 1.026E-02 1.151E-04
557 4.000 1 4.000 8.73807 1.002E+10 8.784E+11 1.141E-02 1.147E-04
393 2.000 1 4.000 9.35931 1.732E+10 1.288E+12 1.345E-02 1.137E-04
722 6.000 1 4.000 8.48197 7.020E+09 1.009E+12 6.958E-03 1.136E-04
936 4.000 1 4.000 8.10183 1.152E+10 8.900E+11 1.294E-02 1.133E-04
617 4.000 1 4.000 8.61032 1.015E+10 8.000E+11 1.269E-02 1.128E-04
371 6.000 1 4.000 9.41612 5.482E+09 3.179E+12 1.724E-03 1.093E-04
172 4.000 1 4.000 11.6576 5.310E+09 9.807E+11 5.414E-03 1.082E-04
647 6.000 1 4.000 8.57875 6.535E+09 6.674E+11 9.791E-03 1.082E-04
1202 4.000 1 4.000 7.62692 1.239E+10 2.670E+12 4.640E-03 1.081E-04
555 2.000 1 4.000 8.74088 1.775E+10 6.862E+11 2.587E-02 1.017E-04
515 2.000 1 4.000 8.97591 1.625E+10 2.272E+12 7.151E-03 9.813E-05
1219 6.000 1 4.000 7.57830 7.322E+09 7.329E+11 9.990E-03 9.458E-05
1113 6.000 1 4.000 7.87270 6.668E+09 6.505E+11 1.025E-02 9.295E-05
780 6.000 1 4.000 8.40793 5.785E+09 1.402E+12 4.127E-03 9.198E-05
1179 6.000 1 4.000 7.67536 6.893E+09 5.688E+11 1.212E-02 9.133E-05
943 4.000 1 4.000 8.08889 9.293E+09 1.024E+12 9.073E-03 9.115E-05
873 4.000 1 4.000 8.19878 8.798E+09 5.170E+11 1.702E-02 8.868E-05
404 4.000 1 4.000 9.33307 6.618E+09 2.697E+12 2.454E-03 8.643E-05
984 4.000 1 4.000 7.97932 9.048E+09 3.733E+11 2.423E-02 8.635E-05
637 2.000 1 4.000 8.59467 1.532E+10 7.807E+11 1.962E-02 8.480E-05
308 4.000 1 4.000 9.98781 5.631E+09 6.356E+12 8.860E-04 8.424E-05
1039 6.000 1 4.000 7.95401 5.918E+09 2.719E+12 2.176E-03 8.420E-05
1255 6.000 1 4.000 7.44131 6.733E+09 2.246E+12 2.997E-03 8.385E-05
110 2.000 1 4.000 12.1707 7.390E+09 7.403E+12 9.983E-04 8.208E-05
102 6.000 1 4.000 12.2225 2.422E+09 1.871E+11 1.294E-02 8.135E-05
363 2.000 1 4.000 9.45228 1.173E+10 7.860E+11 1.492E-02 7.853E-05
64 4.000 1 4.000 12.7518 3.220E+09 2.202E+11 1.462E-02 7.850E-05
1197 4.000 1 4.000 7.63264 8.850E+09 6.601E+11 1.341E-02 7.730E-05
31 8.000 1 4.000 13.3378 1.448E+09 7.066E+09 2.048E-01 7.720E-05
307 6.000 1 4.000 9.98812 3.345E+09 7.461E+12 4.484E-04 7.506E-05
645 4.000 1 4.000 8.58007 6.703E+09 4.611E+12 1.454E-03 7.398E-05
1254 4.000 1 4.000 7.44156 8.750E+09 1.961E+12 4.462E-03 7.265E-05
865 2.000 1 4.000 8.20381 1.407E+10 4.816E+11 2.920E-02 7.095E-05
849 4.000 1 4.000 8.25047 6.950E+09 9.931E+11 6.998E-03 7.093E-05
709 2.000 1 4.000 8.50231 1.304E+10 1.324E+12 9.845E-03 7.065E-05
625 2.000 1 4.000 8.60234 1.265E+10 1.511E+12 8.369E-03 7.015E-05
357 6.000 1 4.000 9.47014 3.433E+09 7.415E+11 4.630E-03 6.923E-05
1070 6.000 1 4.000 7.91015 4.852E+09 9.058E+11 5.356E-03 6.828E-05
252 2.000 1 4.000 10.6362 8.020E+09 3.826E+11 2.096E-02 6.800E-05
1276 6.000 1 4.000 7.39403 5.333E+09 5.584E+11 9.551E-03 6.558E-05
867 4.000 1 4.000 8.20254 6.448E+09 5.005E+11 1.288E-02 6.505E-05
898 4.000 1 4.000 8.17714 6.163E+09 2.490E+11 2.475E-02 6.178E-05
618 2.000 1 4.000 8.60933 1.100E+10 9.230E+11 1.191E-02 6.110E-05
192 4.000 1 4.000 11.4948 3.080E+09 1.256E+12 2.452E-03 6.105E-05
1038 4.000 1 4.000 7.95530 6.413E+09 3.515E+12 1.825E-03 6.083E-05
195 4.000 1 4.000 11.4244 3.038E+09 5.174E+12 5.871E-04 5.945E-05
458 2.000 1 4.000 9.13387 9.425E+09 2.082E+12 4.527E-03 5.893E-05
846 4.000 1 4.000 8.25213 5.718E+09 1.062E+12 5.386E-03 5.838E-05
1249 4.000 1 4.000 7.44512 6.923E+09 4.962E+11 1.395E-02 5.753E-05
1215 6.000 1 4.000 7.58092 4.393E+09 6.554E+11 6.704E-03 5.678E-05
1196 6.000 1 4.000 7.63309 4.330E+09 6.362E+11 6.806E-03 5.675E-05
315 2.000 1 4.000 9.95536 7.625E+09 1.263E+12 6.038E-03 5.665E-05
346 8.000 1 4.000 9.62839 2.014E+09 7.135E+12 2.823E-04 5.600E-05
354 4.000 1 4.000 9.48493 4.148E+09 9.416E+11 4.405E-03 5.593E-05
847 2.000 1 4.000 8.25074 1.094E+10 1.004E+12 1.089E-02 5.580E-05
1144 2.000 1 4.000 7.77341 1.222E+10 4.963E+11 2.462E-02 5.535E-05
675 2.000 1 4.000 8.55489 1.009E+10 1.404E+12 7.189E-03 5.535E-05
940 4.000 1 4.000 8.09166 5.625E+09 5.068E+11 1.110E-02 5.520E-05
1199 2.000 1 4.000 7.63192 1.263E+10 7.048E+11 1.791E-02 5.513E-05
356 6.000 1 4.000 9.47901 2.713E+09 8.177E+11 3.318E-03 5.483E-05
627 4.000 1 4.000 8.60071 4.800E+09 1.556E+12 3.085E-03 5.323E-05
1089 4.000 1 4.000 7.88506 5.580E+09 6.893E+11 8.095E-03 5.203E-05
811 6.000 1 4.000 8.33645 3.258E+09 6.425E+11 5.071E-03 5.093E-05
1072 4.000 1 4.000 7.90747 5.230E+09 1.605E+12 3.259E-03 4.903E-05
27 6.000 1 4.000 13.4179 1.207E+09 9.342E+09 1.292E-01 4.885E-05
1201 2.000 1 4.000 7.62912 1.119E+10 1.619E+12 6.911E-03 4.883E-05
1093 4.000 1 4.000 7.88198 5.235E+09 6.733E+11 7.775E-03 4.875E-05
294 4.000 1 4.000 10.0741 3.198E+09 1.396E+12 2.290E-03 4.868E-05
586 4.000 1 4.000 8.67141 4.280E+09 1.075E+12 3.980E-03 4.828E-05
457 4.000 1 4.000 9.13765 3.688E+09 1.707E+12 2.160E-03 4.618E-05
149 8.000 1 4.000 11.8109 1.090E+09 7.890E+12 1.382E-04 4.562E-05
184 2.000 1 4.000 11.5938 4.518E+09 2.136E+12 2.115E-03 4.553E-05
1112 4.000 1 4.000 7.87275 4.893E+09 8.336E+11 5.869E-03 4.545E-05
1248 6.000 1 4.000 7.44538 3.390E+09 4.767E+11 7.112E-03 4.228E-05
1251 2.000 1 4.000 7.44470 1.014E+10 5.360E+11 1.891E-02 4.213E-05
1095 2.000 1 4.000 7.88156 9.000E+09 8.630E+11 1.043E-02 4.190E-05
343 6.000 1 4.000 9.63033 1.990E+09 6.434E+12 3.093E-04 4.150E-05
1272 6.000 1 4.000 7.39598 3.322E+09 5.236E+11 6.344E-03 4.085E-05
1031 2.000 1 4.000 7.95937 8.415E+09 1.782E+12 4.723E-03 3.995E-05
198 2.000 1 4.000 11.4130 4.075E+09 9.047E+12 4.504E-04 3.980E-05
990 2.000 1 4.000 7.97713 8.335E+09 8.671E+11 9.613E-03 3.975E-05
197 2.000 1 4.000 11.4179 4.004E+09 1.378E+12 2.905E-03 3.913E-05
1114 2.000 1 4.000 7.87025 8.285E+09 7.226E+11 1.147E-02 3.848E-05
830 2.000 1 4.000 8.32011 7.075E+09 8.807E+11 8.033E-03 3.673E-05
222 6.000 1 4.000 11.0436 1.323E+09 1.294E+12 1.023E-03 3.630E-05
524 2.000 1 4.000 8.95631 5.545E+09 4.680E+11 1.185E-02 3.335E-05
987 6.000 1 4.000 7.97790 2.325E+09 5.232E+11 4.444E-03 3.328E-05
22 4.000 1 4.000 13.5217 1.208E+09 1.898E+10 6.363E-02 3.310E-05
253 4.000 1 4.000 10.6259 1.912E+09 3.369E+11 5.676E-03 3.238E-05
1177 2.000 1 4.000 7.67575 7.315E+09 6.052E+11 1.209E-02 3.230E-05
1018 6.000 1 4.000 7.96547 2.228E+09 8.024E+11 2.777E-03 3.180E-05
265 2.000 1 4.000 10.4902 3.853E+09 1.777E+13 2.168E-04 3.178E-05
495 4.000 1 4.000 9.06171 2.575E+09 1.006E+12 2.559E-03 3.170E-05
1253 2.000 1 4.000 7.44290 7.595E+09 1.223E+12 6.210E-03 3.155E-05
449 6.000 1 4.000 9.16132 1.615E+09 9.138E+11 1.768E-03 3.050E-05
1176 4.000 1 4.000 7.67587 3.425E+09 5.744E+11 5.963E-03 3.025E-05
1218 4.000 1 4.000 7.57903 3.425E+09 1.099E+12 3.117E-03 2.950E-05
947 2.000 1 4.000 8.08572 5.875E+09 1.107E+12 5.306E-03 2.880E-05
344 4.000 1 4.000 9.62988 2.002E+09 6.311E+12 3.172E-04 2.783E-05
693 2.000 1 4.000 8.53153 5.005E+09 8.118E+12 6.165E-04 2.730E-05
199 4.000 1 4.000 11.3907 1.384E+09 7.029E+12 1.969E-04 2.693E-05
186 8.000 1 4.000 11.5458 6.660E+08 1.028E+13 6.478E-05 2.663E-05
1096 4.000 1 4.000 7.88090 2.835E+09 7.359E+11 3.852E-03 2.640E-05
720 4.000 1 4.000 8.48330 2.415E+09 7.224E+11 3.343E-03 2.605E-05
1178 4.000 1 4.000 7.67544 2.943E+09 5.395E+11 5.454E-03 2.600E-05
942 6.000 1 4.000 8.09130 1.687E+09 7.049E+11 2.393E-03 2.485E-05
147 6.000 1 4.000 11.8274 7.682E+08 1.365E+13 5.628E-05 2.417E-05
1019 4.000 1 4.000 7.96541 2.525E+09 8.787E+11 2.874E-03 2.401E-05
274 2.000 1 4.000 10.2493 2.980E+09 1.467E+12 2.031E-03 2.346E-05
1187 6.000 1 4.000 7.66318 1.712E+09 4.072E+11 4.203E-03 2.261E-05
1036 6.000 1 4.000 7.95673 1.538E+09 2.321E+12 6.627E-04 2.190E-05
728 6.000 1 4.000 8.46827 1.345E+09 1.402E+12 9.589E-04 2.169E-05
571 4.000 1 4.000 8.69057 1.893E+09 6.400E+11 2.958E-03 2.144E-05
710 4.000 1 4.000 8.50170 1.968E+09 5.895E+11 3.338E-03 2.133E-05
563 2.000 1 4.000 8.72580 3.652E+09 5.991E+11 6.095E-03 2.084E-05
1275 4.000 1 4.000 7.39440 2.520E+09 8.496E+11 2.966E-03 2.067E-05
1109 6.000 1 4.000 7.87425 1.480E+09 4.967E+11 2.979E-03 2.063E-05
807 6.000 1 4.000 8.34471 1.279E+09 1.158E+12 1.105E-03 2.003E-05
462 8.000 1 4.000 9.12593 7.964E+08 6.987E+11 1.140E-03 1.989E-05
259 6.000 1 4.000 10.5592 7.928E+08 6.070E+12 1.306E-04 1.988E-05
1146 2.000 1 4.000 7.76950 4.355E+09 5.990E+11 7.270E-03 1.971E-05
21 2.000 1 4.000 13.6020 1.376E+09 9.887E+09 1.391E-01 1.908E-05
200 6.000 1 4.000 11.3752 6.555E+08 7.494E+12 8.747E-05 1.907E-05
501 4.000 1 4.000 9.04037 1.555E+09 9.904E+11 1.570E-03 1.905E-05
981 2.000 1 4.000 7.98030 3.988E+09 3.658E+11 1.090E-02 1.904E-05
1068 4.000 1 4.000 7.91069 1.947E+09 9.768E+11 1.993E-03 1.826E-05
697 4.000 1 4.000 8.52650 1.667E+09 8.356E+12 1.994E-04 1.817E-05
548 8.000 1 4.000 8.78270 7.798E+08 4.220E+12 1.848E-04 1.803E-05
659 6.000 1 4.000 8.56909 1.070E+09 1.827E+12 5.855E-04 1.767E-05
1032 6.000 1 4.000 7.95914 1.211E+09 3.111E+11 3.891E-03 1.725E-05
288 8.000 1 4.000 10.1099 5.288E+08 5.911E+11 8.945E-04 1.621E-05
158 6.000 1 4.000 11.7695 5.017E+08 5.994E+12 8.369E-05 1.563E-05
332 6.000 1 4.000 9.76091 7.253E+08 4.324E+12 1.677E-04 1.554E-05
474 6.000 1 4.000 9.10663 8.077E+08 2.055E+12 3.931E-04 1.507E-05
476 8.000 1 4.000 9.10406 5.938E+08 1.824E+12 3.255E-04 1.476E-05
193 4.000 1 4.000 11.4700 7.303E+08 1.689E+13 4.323E-05 1.440E-05
345 2.000 1 4.000 9.62888 2.019E+09 6.400E+12 3.155E-04 1.404E-05
545 6.000 1 4.000 8.78340 7.760E+08 3.853E+12 2.014E-04 1.346E-05
178 2.000 1 4.000 11.6190 1.302E+09 1.665E+13 7.817E-05 1.317E-05
699 6.000 1 4.000 8.52457 7.938E+08 5.564E+12 1.427E-04 1.298E-05
1220 6.000 1 4.000 7.57645 9.842E+08 2.281E+12 4.315E-04 1.271E-05
1214 4.000 1 4.000 7.58129 1.449E+09 6.849E+11 2.116E-03 1.249E-05
1088 2.000 1 4.000 7.88530 2.671E+09 7.308E+11 3.655E-03 1.245E-05
809 4.000 1 4.000 8.33898 1.192E+09 1.009E+12 1.182E-03 1.243E-05
991 2.000 1 4.000 7.97632 2.475E+09 3.902E+11 6.342E-03 1.181E-05
143 4.000 1 4.000 11.8436 5.435E+08 7.169E+12 7.581E-05 1.143E-05
805 4.000 1 4.000 8.34779 9.765E+08 7.784E+11 1.255E-03 1.020E-05
177 4.000 1 4.000 11.6373 4.933E+08 1.286E+13 3.835E-05 1.001E-05
633 4.000 1 4.000 8.59629 9.035E+08 8.009E+11 1.128E-03 1.001E-05
707 2.000 1 4.000 8.50620 1.831E+09 8.654E+11 2.115E-03 9.930E-06
1075 6.000 1 4.000 7.90188 6.940E+08 3.442E+12 2.016E-04 9.745E-06
179 4.000 1 4.000 11.6162 4.758E+08 7.004E+12 6.793E-05 9.628E-06
621 4.000 1 4.000 8.60760 8.665E+08 7.900E+11 1.097E-03 9.625E-06
130 6.000 1 4.000 11.9546 2.937E+08 1.966E+12 1.494E-04 9.441E-06
473 4.000 1 4.000 9.10669 7.575E+08 2.327E+12 3.256E-04 9.420E-06
282 6.000 1 4.000 10.1550 3.921E+08 5.911E+11 6.633E-04 9.092E-06
528 6.000 1 4.000 8.88100 5.118E+08 2.199E+12 2.328E-04 9.080E-06
546 4.000 1 4.000 8.78322 7.788E+08 3.794E+12 2.052E-04 9.008E-06
814 2.000 1 4.000 8.33444 1.721E+09 1.316E+12 1.308E-03 8.960E-06
1069 2.000 1 4.000 7.91019 1.885E+09 1.287E+12 1.465E-03 8.840E-06
168 6.000 1 4.000 11.6842 2.832E+08 1.338E+13 2.117E-05 8.695E-06
35 6.000 1 4.000 13.2439 2.087E+08 2.784E+10 7.497E-03 8.230E-06
794 8.000 1 4.000 8.38338 3.821E+08 2.833E+12 1.349E-04 8.052E-06
1271 4.000 1 4.000 7.39626 9.803E+08 5.259E+11 1.864E-03 8.040E-06
866 4.000 1 4.000 8.20361 7.898E+08 4.572E+11 1.728E-03 7.968E-06
189 2.000 1 4.000 11.5117 7.945E+08 1.523E+13 5.216E-05 7.895E-06
815 8.000 1 4.000 8.33425 3.749E+08 1.183E+12 3.169E-04 7.807E-06
488 4.000 1 4.000 9.07544 6.181E+08 3.260E+12 1.896E-04 7.633E-06
1277 6.000 1 4.000 7.39293 6.152E+08 1.679E+12 3.664E-04 7.563E-06
1155 6.000 1 4.000 7.75489 5.580E+08 5.646E+11 9.884E-04 7.545E-06
32 2.000 1 4.000 13.2971 5.620E+08 2.045E+12 2.748E-04 7.450E-06
165 4.000 1 4.000 11.7022 3.523E+08 1.122E+13 3.141E-05 7.230E-06
845 2.000 1 4.000 8.26370 1.393E+09 5.028E+11 2.769E-03 7.130E-06
456 6.000 1 4.000 9.14970 3.680E+08 1.006E+12 3.657E-04 6.928E-06
852 2.000 1 4.000 8.24429 1.355E+09 7.512E+11 1.804E-03 6.905E-06
454 4.000 1 4.000 9.15425 5.493E+08 1.319E+12 4.166E-04 6.901E-06
806 6.000 1 4.000 8.34774 4.343E+08 6.109E+11 7.109E-04 6.805E-06
1035 4.000 1 4.000 7.95698 7.160E+08 1.092E+12 6.557E-04 6.798E-06
171 8.000 1 4.000 11.6672 1.625E+08 2.168E+12 7.496E-05 6.632E-06
853 6.000 1 4.000 8.23809 4.277E+08 8.163E+11 5.239E-04 6.528E-06
1106 4.000 1 4.000 7.87461 6.873E+08 3.880E+11 1.771E-03 6.390E-06
792 6.000 1 4.000 8.38364 3.947E+08 2.675E+12 1.475E-04 6.238E-06
268 6.000 1 4.000 10.4468 2.468E+08 2.474E+13 9.979E-06 6.058E-06
475 2.000 1 4.000 9.10546 8.995E+08 3.418E+12 2.631E-04 5.590E-06
451 6.000 1 4.000 9.16023 2.859E+08 4.887E+11 5.850E-04 5.396E-06
26 4.000 1 4.000 13.4342 1.985E+08 2.746E+10 7.230E-03 5.371E-06
277 4.000 1 4.000 10.2216 3.428E+08 5.899E+11 5.811E-04 5.368E-06
812 6.000 1 4.000 8.33483 3.422E+08 1.292E+12 2.649E-04 5.348E-06
136 8.000 1 4.000 11.8911 1.239E+08 1.138E+12 1.089E-04 5.253E-06
702 4.000 1 4.000 8.51596 4.800E+08 8.912E+12 5.386E-05 5.218E-06
30 4.000 1 4.000 13.3583 1.949E+08 4.462E+10 4.368E-03 5.215E-06
1216 2.000 1 4.000 7.58038 1.174E+09 9.114E+11 1.288E-03 5.058E-06
202 8.000 1 4.000 11.3645 1.296E+08 8.792E+10 1.474E-03 5.020E-06
1188 4.000 1 4.000 7.66111 5.668E+08 6.228E+11 9.100E-04 4.988E-06
135 6.000 1 4.000 11.9068 1.518E+08 9.156E+11 1.658E-04 4.840E-06
1028 4.000 1 4.000 7.96290 5.088E+08 5.727E+11 8.883E-04 4.838E-06
1160 2.000 1 4.000 7.75179 1.055E+09 6.700E+11 1.575E-03 4.753E-06
503 2.000 1 4.000 9.03158 7.746E+08 1.393E+12 5.562E-04 4.738E-06
810 4.000 1 4.000 8.33654 4.430E+08 7.821E+11 5.665E-04 4.615E-06
25 2.000 1 4.000 13.4899 3.359E+08 8.966E+09 3.747E-02 4.584E-06
547 2.000 1 4.000 8.78283 7.795E+08 3.835E+12 2.033E-04 4.508E-06
161 2.000 1 4.000 11.7438 4.335E+08 9.379E+12 4.622E-05 4.480E-06
176 2.000 1 4.000 11.6391 4.278E+08 1.509E+13 2.835E-05 4.345E-06
793 4.000 1 4.000 8.38350 4.113E+08 2.652E+12 1.551E-04 4.335E-06
460 6.000 1 4.000 9.12839 2.282E+08 6.641E+11 3.436E-04 4.276E-06
275 2.000 1 4.000 10.2429 5.372E+08 6.215E+11 8.643E-04 4.226E-06
273 6.000 1 4.000 10.2538 1.762E+08 2.879E+12 6.120E-05 4.165E-06
175 6.000 1 4.000 11.6428 1.364E+08 1.162E+12 1.174E-04 4.158E-06
1077 4.000 1 4.000 7.89950 4.373E+08 3.510E+12 1.246E-04 4.093E-06
153 6.000 1 4.000 11.7845 1.304E+08 2.022E+13 6.447E-06 4.070E-06
238 2.000 1 4.000 10.7733 4.662E+08 2.110E+12 2.210E-04 4.055E-06
1158 6.000 1 4.000 7.75323 2.970E+08 4.715E+11 6.299E-04 4.015E-06
1027 4.000 1 4.000 7.96337 4.113E+08 6.744E+11 6.098E-04 3.910E-06
1204 2.000 1 4.000 7.61140 8.895E+08 4.204E+11 2.116E-03 3.863E-06
1273 2.000 1 4.000 7.39522 8.740E+08 6.879E+11 1.271E-03 3.583E-06
642 6.000 1 4.000 8.58207 2.148E+08 5.929E+12 3.624E-05 3.558E-06
585 8.000 1 4.000 8.67144 1.559E+08 3.350E+11 4.652E-04 3.515E-06
212 8.000 1 4.000 11.1894 9.290E+07 2.399E+12 3.873E-05 3.488E-06
1066 6.000 1 4.000 7.91156 2.467E+08 8.106E+11 3.043E-04 3.473E-06
132 4.000 1 4.000 11.9184 1.622E+08 4.959E+11 3.270E-04 3.455E-06
185 6.000 1 4.000 11.5744 1.135E+08 3.360E+12 3.378E-05 3.420E-06
922 8.000 1 4.000 8.15915 1.708E+08 2.707E+12 6.308E-05 3.410E-06
931 4.000 1 4.000 8.10933 3.420E+08 5.282E+11 6.475E-04 3.373E-06
18 2.000 1 4.000 13.7997 2.340E+08 2.934E+12 7.975E-05 3.340E-06
1067 4.000 1 4.000 7.91116 3.470E+08 9.557E+11 3.631E-04 3.255E-06
209 6.000 1 4.000 11.2796 1.132E+08 1.946E+13 5.816E-06 3.240E-06
155 4.000 1 4.000 11.7800 1.550E+08 9.145E+12 1.695E-05 3.225E-06
813 4.000 1 4.000 8.33464 3.095E+08 1.495E+12 2.070E-04 3.223E-06
1205 4.000 1 4.000 7.60982 3.693E+08 4.431E+11 8.333E-04 3.205E-06
82 8.000 1 4.000 12.5493 6.569E+07 1.546E+12 4.248E-05 3.102E-06
1239 6.000 1 4.000 7.46327 2.467E+08 3.366E+11 7.327E-04 3.090E-06
385 8.000 1 4.000 9.37436 1.167E+08 1.238E+12 9.427E-05 3.075E-06
998 8.000 1 4.000 7.96914 1.572E+08 6.375E+11 2.467E-04 2.993E-06
281 4.000 1 4.000 10.1595 1.922E+08 6.107E+11 3.147E-04 2.973E-06
1159 4.000 1 4.000 7.75284 3.110E+08 5.799E+11 5.363E-04 2.803E-06
921 6.000 1 4.000 8.15924 1.817E+08 2.463E+12 7.377E-05 2.720E-06
29 6.000 1 4.000 13.3790 6.711E+07 2.007E+10 3.344E-03 2.702E-06
403 2.000 1 4.000 9.33410 4.102E+08 2.570E+12 1.596E-04 2.678E-06
169 4.000 1 4.000 11.6731 1.281E+08 1.930E+12 6.639E-05 2.618E-06
264 6.000 1 4.000 10.4944 1.055E+08 8.718E+11 1.210E-04 2.613E-06
392 6.000 1 4.000 9.36024 1.310E+08 7.002E+12 1.871E-05 2.583E-06
1234 4.000 1 4.000 7.52899 2.980E+08 2.143E+12 1.391E-04 2.533E-06
729 4.000 1 4.000 8.46808 2.347E+08 1.740E+12 1.349E-04 2.523E-06
203 8.000 1 4.000 11.3394 6.509E+07 1.793E+13 3.631E-06 2.510E-06
871 6.000 1 4.000 8.20018 1.649E+08 4.743E+11 3.477E-04 2.494E-06
333 4.000 1 4.000 9.75851 1.746E+08 6.100E+12 2.861E-05 2.492E-06
731 2.000 1 4.000 8.46605 4.480E+08 4.864E+11 9.211E-04 2.407E-06
765 8.000 1 4.000 8.42199 1.127E+08 2.433E+11 4.634E-04 2.398E-06
1232 2.000 1 4.000 7.52930 5.305E+08 2.499E+12 2.123E-04 2.254E-06
287 6.000 1 4.000 10.1201 9.733E+07 6.247E+11 1.558E-04 2.242E-06
994 6.000 1 4.000 7.96963 1.565E+08 6.646E+11 2.355E-04 2.236E-06
795 2.000 1 4.000 8.38328 4.237E+08 2.674E+12 1.584E-04 2.232E-06
448 4.000 1 4.000 9.16215 1.744E+08 5.684E+11 3.068E-04 2.195E-06
92 8.000 1 4.000 12.3463 4.715E+07 3.321E+10 1.420E-03 2.155E-06
431 8.000 1 4.000 9.22519 8.319E+07 6.043E+12 1.377E-05 2.123E-06
267 4.000 1 4.000 10.4493 1.292E+08 2.601E+13 4.968E-06 2.115E-06
226 8.000 1 4.000 10.9963 5.814E+07 2.499E+12 2.326E-05 2.108E-06
937 2.000 1 4.000 8.10092 4.199E+08 1.051E+12 3.995E-04 2.066E-06
160 4.000 1 4.000 11.7496 9.843E+07 1.988E+13 4.951E-06 2.037E-06
567 6.000 1 4.000 8.70575 1.148E+08 3.392E+11 3.385E-04 1.956E-06
561 2.000 1 4.000 8.73013 3.391E+08 1.680E+12 2.019E-04 1.937E-06
148 2.000 1 4.000 11.8237 1.797E+08 1.364E+12 1.317E-04 1.883E-06
631 6.000 1 4.000 8.59682 1.130E+08 4.165E+11 2.714E-04 1.879E-06
187 6.000 1 4.000 11.5265 6.250E+07 1.061E+13 5.891E-06 1.868E-06
182 6.000 1 4.000 11.6041 6.150E+07 1.116E+13 5.510E-06 1.863E-06
1236 6.000 1 4.000 7.52835 1.452E+08 1.367E+12 1.062E-04 1.851E-06
420 4.000 1 4.000 9.25707 1.426E+08 5.258E+12 2.712E-05 1.832E-06
1149 8.000 1 4.000 7.76483 9.935E+07 5.947E+11 1.670E-04 1.796E-06
1180 2.000 1 4.000 7.67376 4.008E+08 5.188E+11 7.725E-04 1.769E-06
1134 4.000 1 4.000 7.85164 1.906E+08 3.735E+12 5.102E-05 1.762E-06
816 2.000 1 4.000 8.33389 3.339E+08 1.977E+12 1.689E-04 1.738E-06
432 2.000 1 4.000 9.22507 2.713E+08 7.850E+11 3.457E-04 1.731E-06
477 4.000 1 4.000 9.09732 1.364E+08 3.367E+12 4.051E-05 1.693E-06
40 8.000 1 4.000 13.0894 3.295E+07 1.703E+10 1.934E-03 1.693E-06
961 6.000 1 4.000 8.02592 1.151E+08 5.313E+11 2.166E-04 1.667E-06
1136 6.000 1 4.000 7.85071 1.129E+08 2.393E+12 4.718E-05 1.565E-06
703 2.000 1 4.000 8.51427 2.879E+08 1.121E+13 2.568E-05 1.564E-06
78 6.000 1 4.000 12.5883 4.345E+07 1.451E+12 2.995E-05 1.549E-06
435 4.000 1 4.000 9.21711 1.209E+08 6.682E+11 1.809E-04 1.539E-06
1289 2.000 1 4.000 7.34732 3.800E+08 1.684E+12 2.256E-04 1.538E-06
421 2.000 1 4.000 9.25588 2.372E+08 6.682E+12 3.550E-05 1.524E-06
1291 4.000 1 4.000 7.34712 1.843E+08 1.471E+12 1.253E-04 1.492E-06
1081 2.000 1 4.000 7.89333 3.152E+08 4.697E+11 6.709E-04 1.472E-06
291 6.000 1 4.000 10.0862 6.360E+07 5.914E+11 1.075E-04 1.455E-06
269 4.000 1 4.000 10.4167 8.250E+07 2.143E+13 3.849E-06 1.342E-06
868 6.000 1 4.000 8.20220 8.804E+07 4.473E+11 1.968E-04 1.332E-06
91 6.000 1 4.000 12.3485 3.845E+07 9.917E+10 3.877E-04 1.319E-06
279 4.000 1 4.000 10.2003 8.307E+07 1.512E+12 5.494E-05 1.296E-06
761 4.000 1 4.000 8.43341 1.212E+08 3.590E+11 3.375E-04 1.292E-06
995 4.000 1 4.000 7.96960 1.351E+08 6.960E+11 1.941E-04 1.287E-06
1147 6.000 1 4.000 7.76501 9.112E+07 6.306E+11 1.445E-04 1.236E-06
779 4.000 1 4.000 8.40808 1.154E+08 1.332E+12 8.664E-05 1.223E-06
183 4.000 1 4.000 11.5993 6.000E+07 9.781E+12 6.134E-06 1.210E-06
418 8.000 1 4.000 9.26148 4.704E+07 1.925E+12 2.443E-05 1.210E-06
419 6.000 1 4.000 9.25859 6.168E+07 2.024E+12 3.048E-05 1.189E-06
1278 4.000 1 4.000 7.39141 1.450E+08 2.479E+12 5.847E-05 1.187E-06
1240 4.000 1 4.000 7.46205 1.374E+08 5.027E+11 2.733E-04 1.147E-06
478 6.000 1 4.000 9.08834 6.025E+07 4.620E+12 1.304E-05 1.119E-06
215 4.000 1 4.000 11.1655 5.753E+07 1.220E+13 4.715E-06 1.075E-06
551 4.000 1 4.000 8.75883 9.237E+07 3.499E+11 2.640E-04 1.062E-06
76 4.000 1 4.000 12.5918 4.398E+07 1.424E+12 3.089E-05 1.045E-06
695 6.000 1 4.000 8.53028 6.317E+07 1.502E+12 4.205E-05 1.034E-06
1293 6.000 1 4.000 7.34674 8.465E+07 9.862E+11 8.584E-05 1.028E-06
876 2.000 1 4.000 8.19701 2.029E+08 5.527E+11 3.672E-04 1.022E-06
142 2.000 1 4.000 11.8504 9.530E+07 3.930E+12 2.425E-05 1.003E-06
550 2.000 1 4.000 8.76346 1.732E+08 3.562E+11 4.863E-04 9.974E-07
1221 4.000 1 4.000 7.57471 1.159E+08 2.803E+12 4.134E-05 9.968E-07
391 4.000 1 4.000 9.36057 7.313E+07 6.292E+12 1.162E-05 9.605E-07
666 8.000 1 4.000 8.56336 4.202E+07 1.010E+12 4.160E-05 9.242E-07
284 4.000 1 4.000 10.1398 5.845E+07 5.943E+11 9.835E-05 9.010E-07
923 4.000 1 4.000 8.15841 8.933E+07 2.366E+12 3.775E-05 8.915E-07
436 4.000 1 4.000 9.21191 6.970E+07 8.781E+12 7.938E-06 8.868E-07
1259 2.000 1 4.000 7.41415 2.062E+08 3.593E+11 5.739E-04 8.498E-07
740 6.000 1 4.000 8.45393 5.210E+07 3.454E+11 1.509E-04 8.375E-07
920 2.000 1 4.000 8.15953 1.673E+08 1.897E+12 8.815E-05 8.348E-07
1023 6.000 1 4.000 7.96394 5.765E+07 7.707E+11 7.480E-05 8.223E-07
919 4.000 1 4.000 8.15997 8.150E+07 2.381E+12 3.422E-05 8.135E-07
566 4.000 1 4.000 8.70654 7.115E+07 3.527E+11 2.017E-04 8.085E-07
670 6.000 1 4.000 8.55684 4.875E+07 4.533E+12 1.076E-05 8.028E-07
996 2.000 1 4.000 7.96949 1.683E+08 1.090E+12 1.544E-04 8.013E-07
383 6.000 1 4.000 9.37952 4.042E+07 5.614E+12 7.200E-06 7.998E-07
280 2.000 1 4.000 10.1722 1.024E+08 6.296E+11 1.626E-04 7.940E-07
529 4.000 1 4.000 8.88032 6.650E+07 3.020E+12 2.202E-05 7.863E-07
1148 4.000 1 4.000 7.76493 8.635E+07 7.115E+11 1.214E-04 7.808E-07
433 6.000 1 4.000 9.22446 3.987E+07 3.864E+12 1.032E-05 7.630E-07
1005 6.000 1 4.000 7.96789 5.339E+07 9.409E+11 5.674E-05 7.623E-07
210 2.000 1 4.000 11.2735 7.960E+07 1.795E+13 4.436E-06 7.583E-07
1133 2.000 1 4.000 7.85242 1.607E+08 4.151E+12 3.870E-05 7.425E-07
312 8.000 1 4.000 9.97701 2.396E+07 5.983E+11 4.005E-05 7.155E-07
924 8.000 1 4.000 8.15768 3.582E+07 2.508E+12 1.428E-05 7.148E-07
94 6.000 1 4.000 12.3257 2.059E+07 1.475E+12 1.396E-05 7.037E-07
1157 4.000 1 4.000 7.75390 7.758E+07 5.459E+11 1.421E-04 6.993E-07
929 2.000 1 4.000 8.11188 1.417E+08 6.092E+11 2.325E-04 6.988E-07
733 6.000 1 4.000 8.46235 4.327E+07 1.251E+12 3.458E-05 6.970E-07
466 4.000 1 4.000 9.12050 5.429E+07 5.544E+11 9.793E-05 6.769E-07
167 8.000 1 4.000 11.6873 1.649E+07 8.186E+12 2.014E-06 6.753E-07
717 2.000 1 4.000 8.49101 1.219E+08 1.756E+12 6.942E-05 6.588E-07
1260 4.000 1 4.000 7.41276 7.885E+07 3.738E+11 2.109E-04 6.495E-07
520 8.000 1 4.000 8.96761 2.678E+07 2.026E+12 1.322E-05 6.458E-07
1206 2.000 1 4.000 7.60791 1.474E+08 6.122E+11 2.407E-04 6.393E-07
34 4.000 1 4.000 13.2534 2.415E+07 5.267E+10 4.586E-04 6.361E-07
581 6.000 1 4.000 8.67350 3.729E+07 3.606E+11 1.034E-04 6.309E-07
917 4.000 1 4.000 8.16228 6.253E+07 1.654E+12 3.781E-05 6.245E-07
223 6.000 1 4.000 11.0391 2.251E+07 2.641E+12 8.522E-06 6.169E-07
708 4.000 1 4.000 8.50546 5.554E+07 2.881E+11 1.928E-04 6.024E-07
220 2.000 1 4.000 11.1003 6.340E+07 2.855E+12 2.221E-05 5.855E-07
1237 4.000 1 4.000 7.52673 6.883E+07 2.424E+12 2.840E-05 5.848E-07
915 6.000 1 4.000 8.16390 3.885E+07 1.249E+12 3.109E-05 5.823E-07
216 2.000 1 4.000 11.1634 6.175E+07 1.489E+13 4.147E-06 5.768E-07
706 2.000 1 4.000 8.50822 1.058E+08 2.709E+11 3.905E-04 5.740E-07
377 8.000 1 4.000 9.39134 2.165E+07 1.715E+12 1.262E-05 5.725E-07
125 4.000 1 4.000 12.0016 2.629E+07 6.060E+11 4.338E-05 5.678E-07
77 2.000 1 4.000 12.5889 4.737E+07 1.482E+12 3.197E-05 5.628E-07
734 4.000 1 4.000 8.46171 5.230E+07 2.450E+12 2.135E-05 5.613E-07
213 6.000 1 4.000 11.1861 1.948E+07 2.738E+12 7.116E-06 5.485E-07
468 4.000 1 4.000 9.11567 4.394E+07 6.853E+11 6.412E-05 5.475E-07
505 8.000 1 4.000 9.01680 2.239E+07 7.397E+11 3.027E-05 5.458E-07
86 4.000 1 4.000 12.4172 2.335E+07 1.764E+13 1.323E-06 5.397E-07
276 4.000 1 4.000 10.2351 3.370E+07 1.409E+13 2.392E-06 5.290E-07
732 8.000 1 4.000 8.46247 2.422E+07 1.402E+12 1.728E-05 5.203E-07
985 6.000 1 4.000 7.97931 3.622E+07 3.412E+11 1.061E-04 5.185E-07
1137 4.000 1 4.000 7.84738 5.598E+07 4.214E+12 1.328E-05 5.168E-07
389 2.000 1 4.000 9.36310 7.775E+07 4.183E+12 1.859E-05 5.110E-07
752 8.000 1 4.000 8.44195 2.364E+07 3.112E+12 7.595E-06 5.052E-07
232 6.000 1 4.000 10.8909 1.853E+07 2.697E+12 6.872E-06 4.943E-07
229 4.000 1 4.000 10.9300 2.755E+07 2.434E+12 1.132E-05 4.933E-07
894 8.000 1 4.000 8.18051 2.344E+07 6.937E+11 3.379E-05 4.703E-07
912 8.000 1 4.000 8.16527 2.346E+07 5.864E+11 4.001E-05 4.690E-07
446 2.000 1 4.000 9.16657 7.368E+07 5.300E+11 1.390E-04 4.642E-07
764 6.000 1 4.000 8.42318 2.907E+07 2.771E+11 1.049E-04 4.638E-07
44 2.000 1 4.000 13.0318 3.595E+07 9.762E+10 3.682E-04 4.576E-07
402 4.000 1 4.000 9.33629 3.455E+07 6.639E+12 5.204E-06 4.515E-07
43 6.000 1 4.000 13.0429 1.085E+07 5.672E+10 1.913E-04 4.153E-07
88 4.000 1 4.000 12.3582 1.798E+07 1.496E+12 1.202E-05 4.118E-07
206 2.000 1 4.000 11.3065 4.285E+07 1.702E+13 2.518E-06 4.108E-07
376 6.000 1 4.000 9.39619 2.057E+07 1.953E+12 1.053E-05 4.083E-07
1150 2.000 1 4.000 7.76472 9.000E+07 8.753E+11 1.028E-04 4.068E-07
671 4.000 1 4.000 8.55660 3.630E+07 3.868E+12 9.386E-06 3.983E-07
854 4.000 1 4.000 8.23791 3.875E+07 1.151E+12 3.367E-05 3.945E-07
382 4.000 1 4.000 9.38474 2.965E+07 3.404E+12 8.710E-06 3.915E-07
739 4.000 1 4.000 8.45430 3.511E+07 5.670E+11 6.193E-05 3.764E-07
824 6.000 1 4.000 8.32529 2.393E+07 3.973E+12 6.024E-06 3.733E-07
705 2.000 1 4.000 8.50892 6.870E+07 3.797E+11 1.810E-04 3.728E-07
899 6.000 1 4.000 8.17685 2.430E+07 3.028E+12 8.024E-06 3.655E-07
386 4.000 1 4.000 9.36931 2.698E+07 5.912E+12 4.563E-06 3.550E-07
90 4.000 1 4.000 12.3500 1.533E+07 9.175E+10 1.671E-04 3.506E-07
822 4.000 1 4.000 8.32959 3.335E+07 1.864E+12 1.789E-05 3.468E-07
227 6.000 1 4.000 10.9938 1.247E+07 2.150E+12 5.800E-06 3.390E-07
384 2.000 1 4.000 9.37823 5.120E+07 2.771E+12 1.848E-05 3.375E-07
918 2.000 1 4.000 8.16156 6.710E+07 1.349E+12 4.974E-05 3.350E-07
472 2.000 1 4.000 9.11251 5.297E+07 7.103E+11 7.458E-05 3.299E-07
1222 6.000 1 4.000 7.55988 2.543E+07 4.170E+11 6.099E-05 3.270E-07
181 8.000 1 4.000 11.6062 8.050E+06 5.460E+12 1.474E-06 3.252E-07
1269 4.000 1 4.000 7.40113 3.895E+07 1.242E+12 3.137E-05 3.200E-07
230 2.000 1 4.000 10.9219 3.510E+07 2.807E+12 1.250E-05 3.138E-07
374 4.000 1 4.000 9.39961 2.365E+07 1.512E+12 1.564E-05 3.133E-07
1294 4.000 1 4.000 7.34575 3.755E+07 1.713E+12 2.192E-05 3.038E-07
341 8.000 1 4.000 9.67143 1.082E+07 1.174E+12 9.222E-06 3.035E-07
426 4.000 1 4.000 9.24105 2.363E+07 5.811E+12 4.067E-06 3.025E-07
469 6.000 1 4.000 9.11467 1.618E+07 7.207E+11 2.245E-05 3.022E-07
522 4.000 1 4.000 8.96508 2.412E+07 4.699E+12 5.133E-06 2.908E-07
735 2.000 1 4.000 8.46119 5.090E+07 3.060E+12 1.663E-05 2.733E-07
137 6.000 1 4.000 11.8736 8.589E+06 4.245E+11 2.023E-05 2.723E-07
1029 6.000 1 4.000 7.96274 1.892E+07 2.887E+12 6.553E-06 2.698E-07
997 4.000 1 4.000 7.96934 2.768E+07 7.519E+11 3.681E-05 2.635E-07
455 4.000 1 4.000 9.15400 2.088E+07 5.069E+11 4.119E-05 2.623E-07
217 6.000 1 4.000 11.1555 9.358E+06 1.883E+13 4.971E-07 2.620E-07
523 6.000 1 4.000 8.96325 1.441E+07 5.250E+12 2.745E-06 2.603E-07
1037 2.000 1 4.000 7.95613 5.447E+07 8.770E+11 6.211E-05 2.586E-07
858 8.000 1 4.000 8.21977 1.236E+07 1.296E+12 9.543E-06 2.505E-07
394 6.000 1 4.000 9.35574 1.251E+07 7.065E+12 1.771E-06 2.463E-07
1261 2.000 1 4.000 7.41169 5.965E+07 5.128E+11 1.163E-04 2.457E-07
1014 8.000 1 4.000 7.96631 1.239E+07 5.788E+11 2.141E-05 2.358E-07
948 4.000 1 4.000 8.08561 2.334E+07 1.693E+12 1.378E-05 2.288E-07
945 8.000 1 4.000 8.08611 1.107E+07 1.042E+12 1.062E-05 2.170E-07
390 8.000 1 4.000 9.36282 8.146E+06 4.768E+12 1.709E-06 2.141E-07
1009 8.000 1 4.000 7.96753 1.121E+07 1.043E+12 1.076E-05 2.134E-07
925 6.000 1 4.000 8.15750 1.411E+07 2.741E+12 5.147E-06 2.112E-07
428 6.000 1 4.000 9.23867 1.098E+07 3.831E+12 2.867E-06 2.108E-07
901 4.000 1 4.000 8.17673 2.091E+07 2.476E+12 8.445E-06 2.096E-07
668 2.000 1 4.000 8.55834 3.736E+07 2.965E+12 1.260E-05 2.051E-07
28 2.000 1 4.000 13.3948 1.504E+07 2.110E+10 7.130E-04 2.024E-07
270 2.000 1 4.000 10.4078 2.484E+07 2.867E+13 8.663E-07 2.017E-07
434 2.000 1 4.000 9.21829 3.134E+07 8.220E+12 3.812E-06 1.996E-07
398 2.000 1 4.000 9.34704 3.041E+07 4.642E+12 6.551E-06 1.992E-07
406 6.000 1 4.000 9.33135 1.012E+07 7.885E+12 1.283E-06 1.982E-07
1138 2.000 1 4.000 7.84599 4.130E+07 5.902E+12 6.998E-06 1.906E-07
753 6.000 1 4.000 8.44187 1.167E+07 2.089E+12 5.588E-06 1.871E-07
156 2.000 1 4.000 11.7763 1.783E+07 8.613E+12 2.070E-06 1.853E-07
593 6.000 1 4.000 8.66652 1.068E+07 4.159E+11 2.567E-05 1.803E-07
231 4.000 1 4.000 10.9062 9.996E+06 2.965E+12 3.371E-06 1.782E-07
340 6.000 1 4.000 9.67205 8.459E+06 1.198E+12 7.063E-06 1.779E-07
565 2.000 1 4.000 8.70927 3.126E+07 3.609E+11 8.663E-05 1.777E-07
397 4.000 1 4.000 9.34890 1.343E+07 8.674E+12 1.549E-06 1.760E-07
1299 6.000 1 4.000 7.22532 1.497E+07 6.749E+11 2.217E-05 1.757E-07
962 4.000 1 4.000 8.02202 1.786E+07 8.709E+11 2.051E-05 1.723E-07
485 8.000 1 4.000 9.07835 6.940E+06 1.258E+12 5.516E-06 1.715E-07
949 2.000 1 4.000 8.08518 3.437E+07 2.297E+12 1.496E-05 1.684E-07
946 6.000 1 4.000 8.08608 1.139E+07 9.232E+11 1.234E-05 1.675E-07
521 2.000 1 4.000 8.96534 2.718E+07 5.378E+12 5.054E-06 1.638E-07
1238 2.000 1 4.000 7.52603 3.827E+07 3.489E+12 1.097E-05 1.625E-07
425 2.000 1 4.000 9.24374 2.469E+07 6.480E+12 3.810E-06 1.582E-07
664 6.000 1 4.000 8.56546 9.543E+06 3.299E+12 2.893E-06 1.575E-07
658 8.000 1 4.000 8.56989 7.041E+06 8.767E+11 8.032E-06 1.551E-07
1012 4.000 1 4.000 7.96687 1.594E+07 1.516E+12 1.052E-05 1.517E-07
569 4.000 1 4.000 8.70244 1.336E+07 3.621E+11 3.688E-05 1.516E-07
957 8.000 1 4.000 8.07045 7.516E+06 1.827E+12 4.115E-06 1.468E-07
736 6.000 1 4.000 8.45729 9.035E+06 1.999E+12 4.521E-06 1.454E-07
221 4.000 1 4.000 11.0446 7.842E+06 2.728E+12 2.875E-06 1.434E-07
1020 2.000 1 4.000 7.96531 3.002E+07 1.354E+12 2.217E-05 1.428E-07
757 4.000 1 4.000 8.43807 1.294E+07 4.121E+12 3.140E-06 1.382E-07
651 8.000 1 4.000 8.57548 6.209E+06 3.445E+11 1.802E-05 1.369E-07
405 8.000 1 4.000 9.33182 5.078E+06 6.565E+12 7.734E-07 1.326E-07
1001 6.000 1 4.000 7.96835 9.218E+06 6.094E+11 1.513E-05 1.317E-07
1172 6.000 1 4.000 7.71415 9.627E+06 1.340E+12 7.185E-06 1.288E-07
519 6.000 1 4.000 8.96806 7.050E+06 1.816E+12 3.882E-06 1.275E-07
289 4.000 1 4.000 10.1024 8.276E+06 5.694E+11 1.453E-05 1.266E-07
1082 4.000 1 4.000 7.89180 1.329E+07 5.129E+11 2.590E-05 1.241E-07
1103 8.000 1 4.000 7.87583 6.472E+06 7.240E+11 8.940E-06 1.204E-07
860 6.000 1 4.000 8.21824 7.672E+06 2.543E+12 3.017E-06 1.165E-07
1104 4.000 1 4.000 7.87576 1.237E+07 1.022E+12 1.210E-05 1.151E-07
769 6.000 1 4.000 8.41912 7.085E+06 3.161E+11 2.242E-05 1.129E-07
1268 6.000 1 4.000 7.40139 9.068E+06 8.756E+11 1.036E-05 1.117E-07
36 2.000 1 4.000 13.2100 8.153E+06 3.483E+10 2.341E-04 1.066E-07
655 6.000 1 4.000 8.57187 6.372E+06 1.364E+12 4.671E-06 1.053E-07
146 2.000 1 4.000 11.8316 9.913E+06 2.951E+12 3.359E-06 1.040E-07
66 8.000 1 4.000 12.7109 2.101E+06 1.361E+11 1.544E-05 1.018E-07
1102 6.000 1 4.000 7.87590 7.275E+06 6.793E+11 1.071E-05 1.015E-07
861 4.000 1 4.000 8.21794 9.678E+06 2.561E+12 3.779E-06 9.798E-08
667 4.000 1 4.000 8.56130 8.763E+06 3.283E+12 2.669E-06 9.628E-08
1002 8.000 1 4.000 7.96832 4.926E+06 4.003E+11 1.231E-05 9.380E-08
542 8.000 1 4.000 8.80042 3.980E+06 8.336E+11 4.775E-06 9.242E-08
145 4.000 1 4.000 11.8361 4.385E+06 2.157E+12 2.033E-06 9.210E-08
756 2.000 1 4.000 8.43933 1.702E+07 2.743E+12 6.206E-06 9.085E-08
1117 8.000 1 4.000 7.86486 4.814E+06 6.762E+11 7.119E-06 8.927E-08
1154 6.000 1 4.000 7.76161 6.578E+06 1.911E+12 3.443E-06 8.913E-08
498 2.000 1 4.000 9.05788 1.444E+07 7.672E+12 1.881E-06 8.878E-08
665 2.000 1 4.000 8.56491 1.593E+07 1.881E+12 8.466E-06 8.758E-08
122 6.000 1 4.000 12.0238 2.663E+06 2.247E+12 1.185E-06 8.658E-08
494 6.000 1 4.000 9.06345 4.622E+06 9.329E+12 4.954E-07 8.540E-08
663 4.000 1 4.000 8.56772 7.720E+06 2.037E+12 3.790E-06 8.495E-08
1126 8.000 1 4.000 7.86218 4.491E+06 1.321E+12 3.400E-06 8.325E-08
1295 2.000 1 4.000 7.34528 2.056E+07 2.430E+12 8.460E-06 8.313E-08
958 6.000 1 4.000 8.07031 5.638E+06 1.312E+12 4.299E-06 8.260E-08
170 6.000 1 4.000 11.6716 2.642E+06 2.938E+12 8.993E-07 8.093E-08
1118 6.000 1 4.000 7.86451 5.800E+06 1.052E+12 5.512E-06 8.068E-08
654 4.000 1 4.000 8.57344 7.205E+06 1.047E+12 6.882E-06 7.940E-08
1233 6.000 1 4.000 7.52918 6.195E+06 6.893E+11 8.988E-06 7.898E-08
993 8.000 1 4.000 7.97098 4.116E+06 2.845E+11 1.447E-05 7.843E-08
897 2.000 1 4.000 8.17763 1.539E+07 1.826E+12 8.425E-06 7.713E-08
84 6.000 1 4.000 12.4490 2.125E+06 1.950E+12 1.090E-06 7.407E-08
349 6.000 1 4.000 9.56004 3.543E+06 7.880E+11 4.496E-06 7.283E-08
429 6.000 1 4.000 9.23746 3.778E+06 1.203E+12 3.141E-06 7.250E-08
1105 2.000 1 4.000 7.87539 1.538E+07 1.454E+12 1.058E-05 7.150E-08
313 6.000 1 4.000 9.97604 3.153E+06 5.954E+11 5.296E-06 7.058E-08
459 4.000 1 4.000 9.12846 5.592E+06 1.015E+12 5.507E-06 6.987E-08
41 4.000 1 4.000 13.0765 2.720E+06 1.306E+11 2.082E-05 6.973E-08
587 4.000 1 4.000 8.67033 6.027E+06 3.490E+11 1.727E-05 6.793E-08
205 4.000 1 4.000 11.3152 3.530E+06 1.739E+13 2.030E-07 6.778E-08
423 4.000 1 4.000 9.24671 5.260E+06 2.506E+12 2.099E-06 6.743E-08
1153 4.000 1 4.000 7.76295 7.460E+06 1.085E+12 6.878E-06 6.740E-08
1000 6.000 1 4.000 7.96873 4.640E+06 6.504E+11 7.134E-06 6.628E-08
999 6.000 1 4.000 7.96899 4.533E+06 6.629E+11 6.838E-06 6.475E-08
450 4.000 1 4.000 9.16031 5.083E+06 8.733E+11 5.820E-06 6.395E-08
967 8.000 1 4.000 7.99474 3.265E+06 1.576E+12 2.072E-06 6.258E-08
224 4.000 1 4.000 11.0378 3.365E+06 1.487E+12 2.263E-06 6.148E-08
507 6.000 1 4.000 9.01579 3.290E+06 6.619E+11 4.970E-06 6.013E-08
1181 8.000 1 4.000 7.66603 3.375E+06 6.527E+11 5.171E-06 5.948E-08
818 4.000 1 4.000 8.33294 5.676E+06 2.973E+11 1.909E-05 5.911E-08
351 8.000 1 4.000 9.53592 2.075E+06 7.529E+11 2.756E-06 5.658E-08
228 2.000 1 4.000 10.9338 6.135E+06 3.139E+12 1.955E-06 5.498E-08
541 6.000 1 4.000 8.80069 3.029E+06 8.463E+11 3.579E-06 5.276E-08
766 4.000 1 4.000 8.42074 4.951E+06 3.495E+11 1.417E-05 5.261E-08
87 2.000 1 4.000 12.3776 4.561E+06 1.488E+12 3.066E-06 5.238E-08
339 4.000 1 4.000 9.67246 3.719E+06 1.202E+12 3.095E-06 5.217E-08
237 8.000 1 4.000 10.7905 1.478E+06 2.274E+12 6.499E-07 5.157E-08
489 8.000 1 4.000 9.07343 2.071E+06 4.609E+12 4.494E-07 5.115E-08
424 6.000 1 4.000 9.24514 2.657E+06 3.960E+12 6.708E-07 5.105E-08
862 2.000 1 4.000 8.21760 9.715E+06 2.828E+12 3.435E-06 4.920E-08
883 8.000 1 4.000 8.18385 2.396E+06 5.630E+11 4.256E-06 4.813E-08
334 8.000 1 4.000 9.75516 1.668E+06 5.750E+11 2.900E-06 4.758E-08
283 2.000 1 4.000 10.1460 6.145E+06 5.967E+11 1.030E-05 4.743E-08
504 6.000 1 4.000 9.01845 2.542E+06 8.406E+11 3.024E-06 4.648E-08
790 8.000 1 4.000 8.39274 2.182E+06 5.521E+11 3.953E-06 4.610E-08
823 4.000 1 4.000 8.32885 4.398E+06 6.947E+11 6.331E-06 4.573E-08
682 8.000 1 4.000 8.54823 2.078E+06 2.047E+12 1.015E-06 4.550E-08
89 2.000 1 4.000 12.3510 3.807E+06 8.647E+10 4.402E-05 4.354E-08
414 4.000 1 4.000 9.26931 3.308E+06 9.341E+11 3.541E-06 4.263E-08
820 6.000 1 4.000 8.33252 2.712E+06 2.689E+11 1.008E-05 4.233E-08
688 4.000 1 4.000 8.53818 3.800E+06 3.878E+12 9.799E-07 4.155E-08
37 6.000 1 4.000 13.1222 1.068E+06 3.418E+10 3.124E-05 4.135E-08
910 8.000 1 4.000 8.16573 2.060E+06 3.816E+11 5.399E-06 4.120E-08
38 6.000 1 4.000 13.1132 1.060E+06 1.460E+10 7.259E-05 4.098E-08
416 2.000 1 4.000 9.26272 6.308E+06 1.921E+12 3.284E-06 4.056E-08
960 4.000 1 4.000 8.06867 4.150E+06 2.582E+12 1.607E-06 4.053E-08
819 8.000 1 4.000 8.33261 1.936E+06 2.912E+11 6.649E-06 4.032E-08
378 6.000 1 4.000 9.39036 2.007E+06 1.452E+12 1.382E-06 3.978E-08
1004 2.000 1 4.000 7.96793 8.355E+06 7.051E+11 1.185E-05 3.978E-08
347 4.000 1 4.000 9.56184 2.897E+06 7.639E+11 3.792E-06 3.970E-08
1016 4.000 1 4.000 7.96572 4.170E+06 1.480E+12 2.818E-06 3.968E-08
1122 4.000 1 4.000 7.86400 4.248E+06 1.224E+12 3.469E-06 3.940E-08
896 4.000 1 4.000 8.17918 3.790E+06 1.836E+12 2.064E-06 3.803E-08
738 2.000 1 4.000 8.45644 6.893E+06 5.671E+11 1.215E-05 3.697E-08
834 8.000 1 4.000 8.31082 1.736E+06 9.467E+11 1.834E-06 3.595E-08
817 6.000 1 4.000 8.33319 2.298E+06 3.061E+11 7.508E-06 3.590E-08
150 8.000 1 4.000 11.7968 8.606E+05 8.763E+12 9.821E-08 3.590E-08
660 8.000 1 4.000 8.56879 1.566E+06 2.142E+12 7.311E-07 3.448E-08
1100 2.000 1 4.000 7.87906 7.249E+06 7.785E+11 9.312E-06 3.373E-08
857 6.000 1 4.000 8.21984 2.178E+06 1.124E+12 1.939E-06 3.310E-08
683 6.000 1 4.000 8.54536 1.918E+06 3.280E+12 5.849E-07 3.150E-08
892 2.000 1 4.000 8.18130 6.245E+06 1.224E+12 5.104E-06 3.133E-08
314 2.000 1 4.000 9.97103 3.987E+06 5.865E+11 6.797E-06 2.971E-08
1026 4.000 1 4.000 7.96376 3.108E+06 1.693E+12 1.835E-06 2.955E-08
1183 6.000 1 4.000 7.66556 2.177E+06 1.144E+12 1.903E-06 2.878E-08
950 6.000 1 4.000 8.08382 1.908E+06 1.158E+12 1.648E-06 2.805E-08
615 8.000 1 4.000 8.61855 1.240E+06 6.105E+11 2.031E-06 2.763E-08
954 4.000 1 4.000 8.07336 2.765E+06 1.885E+12 1.467E-06 2.703E-08
1290 6.000 1 4.000 7.34725 2.208E+06 5.128E+11 4.307E-06 2.683E-08
789 6.000 1 4.000 8.39289 1.675E+06 5.588E+11 2.998E-06 2.656E-08
1132 6.000 1 4.000 7.85248 1.898E+06 9.800E+11 1.937E-06 2.633E-08
310 6.000 1 4.000 9.98215 1.165E+06 6.123E+11 1.903E-06 2.611E-08
836 8.000 1 4.000 8.30792 1.226E+06 2.243E+12 5.465E-07 2.535E-08
1128 2.000 1 4.000 7.86064 5.375E+06 2.580E+12 2.084E-06 2.491E-08
534 8.000 1 4.000 8.83434 1.058E+06 4.624E+11 2.289E-06 2.477E-08
691 8.000 1 4.000 8.53575 1.130E+06 3.921E+12 2.883E-07 2.469E-08
1184 4.000 1 4.000 7.66547 2.783E+06 1.125E+12 2.473E-06 2.451E-08
956 6.000 1 4.000 8.07286 1.576E+06 1.451E+12 1.086E-06 2.309E-08
1279 6.000 1 4.000 7.36549 1.878E+06 3.558E+11 5.279E-06 2.292E-08
982 4.000 1 4.000 7.98006 2.370E+06 3.146E+11 7.535E-06 2.263E-08
493 2.000 1 4.000 9.06610 3.621E+06 6.930E+12 5.225E-07 2.231E-08
1047 8.000 1 4.000 7.94802 1.143E+06 5.475E+11 2.087E-06 2.165E-08
348 2.000 1 4.000 9.56103 3.138E+06 7.818E+11 4.014E-06 2.150E-08
413 4.000 1 4.000 9.27017 1.594E+06 1.921E+12 8.295E-07 2.053E-08
311 4.000 1 4.000 9.97933 1.370E+06 6.030E+11 2.272E-06 2.045E-08
737 4.000 1 4.000 8.45707 1.874E+06 1.560E+12 1.201E-06 2.009E-08
233 4.000 1 4.000 10.8791 1.130E+06 2.896E+12 3.904E-07 2.006E-08
379 8.000 1 4.000 9.38871 7.442E+05 2.831E+12 2.629E-07 1.967E-08
1223 4.000 1 4.000 7.55967 2.263E+06 4.353E+11 5.199E-06 1.939E-08
100 4.000 1 4.000 12.2457 8.598E+05 2.354E+12 3.652E-07 1.933E-08
648 6.000 1 4.000 8.57661 1.163E+06 3.710E+11 3.136E-06 1.925E-08
234 2.000 1 4.000 10.8616 2.166E+06 4.038E+12 5.362E-07 1.915E-08
959 2.000 1 4.000 8.06876 3.828E+06 2.904E+12 1.318E-06 1.868E-08
1129 4.000 1 4.000 7.85948 1.964E+06 2.930E+12 6.701E-07 1.819E-08
97 2.000 1 4.000 12.2696 1.593E+06 2.118E+12 7.522E-07 1.798E-08
842 2.000 1 4.000 8.30335 3.451E+06 4.415E+12 7.816E-07 1.784E-08
1116 6.000 1 4.000 7.86487 1.279E+06 8.318E+11 1.538E-06 1.780E-08
879 4.000 1 4.000 8.18570 1.753E+06 6.888E+11 2.545E-06 1.761E-08
235 4.000 1 4.000 10.8564 9.924E+05 2.701E+12 3.674E-07 1.754E-08
1173 4.000 1 4.000 7.71304 1.961E+06 2.582E+12 7.593E-07 1.749E-08
506 4.000 1 4.000 9.01647 1.379E+06 6.478E+11 2.129E-06 1.681E-08
33 4.000 1 4.000 13.2964 6.287E+05 3.044E+11 2.065E-06 1.666E-08
657 6.000 1 4.000 8.56990 1.007E+06 1.008E+12 9.993E-07 1.664E-08
1107 6.000 1 4.000 7.87461 1.186E+06 8.175E+11 1.451E-06 1.654E-08
373 6.000 1 4.000 9.41286 8.258E+05 1.445E+12 5.715E-07 1.646E-08
685 4.000 1 4.000 8.54259 1.502E+06 4.142E+12 3.625E-07 1.643E-08
1125 4.000 1 4.000 7.86296 1.767E+06 2.111E+12 8.373E-07 1.638E-08
1123 8.000 1 4.000 7.86374 8.511E+05 8.013E+11 1.062E-06 1.578E-08
225 2.000 1 4.000 11.0022 1.704E+06 3.055E+12 5.578E-07 1.546E-08
589 6.000 1 4.000 8.66873 9.083E+05 2.406E+12 3.774E-07 1.535E-08
52 8.000 1 4.000 12.9122 3.066E+05 7.894E+09 3.884E-05 1.533E-08
774 8.000 1 4.000 8.41015 7.208E+05 3.307E+11 2.180E-06 1.529E-08
965 6.000 1 4.000 7.99876 1.047E+06 1.543E+12 6.787E-07 1.507E-08
219 4.000 1 4.000 11.1075 8.128E+05 2.800E+13 2.903E-08 1.503E-08
540 4.000 1 4.000 8.80087 1.294E+06 8.477E+11 1.526E-06 1.502E-08
763 4.000 1 4.000 8.42563 1.411E+06 4.546E+11 3.104E-06 1.502E-08
292 2.000 1 4.000 10.0835 1.956E+06 5.475E+11 3.573E-06 1.491E-08
616 6.000 1 4.000 8.61375 8.876E+05 1.478E+12 6.007E-07 1.481E-08
882 6.000 1 4.000 8.18397 9.817E+05 6.627E+11 1.481E-06 1.479E-08
889 6.000 1 4.000 8.18153 9.662E+05 2.000E+12 4.832E-07 1.454E-08
49 4.000 1 4.000 12.9366 5.755E+05 7.716E+11 7.458E-07 1.444E-08
909 6.000 1 4.000 8.16580 9.439E+05 3.925E+11 2.405E-06 1.415E-08
1185 2.000 1 4.000 7.66539 3.161E+06 1.245E+12 2.539E-06 1.392E-08
54 4.000 1 4.000 12.8996 5.566E+05 1.454E+12 3.828E-07 1.388E-08
1119 2.000 1 4.000 7.86436 2.980E+06 1.268E+12 2.351E-06 1.382E-08
758 2.000 1 4.000 8.43636 2.396E+06 4.516E+12 5.306E-07 1.279E-08
67 8.000 1 4.000 12.6910 2.598E+05 2.551E+12 1.018E-07 1.254E-08
492 4.000 1 4.000 9.06736 9.981E+05 6.837E+12 1.460E-07 1.230E-08
372 2.000 1 4.000 9.41396 1.817E+06 1.595E+12 1.139E-06 1.207E-08
427 8.000 1 4.000 9.24005 4.685E+05 2.862E+12 1.637E-07 1.199E-08
692 6.000 1 4.000 8.53528 7.310E+05 4.344E+12 1.683E-07 1.198E-08
686 2.000 1 4.000 8.54164 2.185E+06 2.715E+12 8.046E-07 1.195E-08
885 2.000 1 4.000 8.18329 2.340E+06 7.872E+11 2.972E-06 1.175E-08
430 4.000 1 4.000 9.23626 9.016E+05 1.206E+12 7.474E-07 1.153E-08
650 6.000 1 4.000 8.57573 6.964E+05 3.817E+11 1.825E-06 1.152E-08
497 4.000 1 4.000 9.06097 9.295E+05 7.093E+12 1.310E-07 1.144E-08
1300 4.000 1 4.000 7.22496 1.409E+06 1.179E+12 1.195E-06 1.103E-08
880 6.000 1 4.000 8.18489 7.192E+05 8.783E+11 8.188E-07 1.084E-08
83 4.000 1 4.000 12.4768 4.473E+05 1.745E+12 2.564E-07 1.044E-08
120 2.000 1 4.000 12.0398 9.556E+05 3.608E+12 2.649E-07 1.038E-08
869 8.000 1 4.000 8.20076 5.070E+05 4.205E+11 1.206E-06 1.022E-08
1127 6.000 1 4.000 7.86165 7.025E+05 1.247E+12 5.634E-07 9.765E-09
611 4.000 1 4.000 8.63871 8.466E+05 4.725E+11 1.792E-06 9.470E-09
902 8.000 1 4.000 8.17595 4.599E+05 2.275E+11 2.022E-06 9.217E-09
491 6.000 1 4.000 9.07289 4.974E+05 5.267E+12 9.442E-08 9.205E-09
1048 8.000 1 4.000 7.94773 4.582E+05 6.448E+11 7.107E-07 8.680E-09
727 6.000 1 4.000 8.46878 5.131E+05 1.696E+12 3.025E-07 8.274E-09
290 4.000 1 4.000 10.0950 5.312E+05 5.884E+11 9.027E-07 8.116E-09
55 2.000 1 4.000 12.8707 6.534E+05 5.142E+10 1.271E-05 8.114E-09
841 4.000 1 4.000 8.30387 7.575E+05 3.838E+12 1.974E-07 7.830E-09
788 4.000 1 4.000 8.39298 7.369E+05 5.600E+11 1.316E-06 7.782E-09
461 2.000 1 4.000 9.12794 1.239E+06 1.567E+12 7.905E-07 7.736E-09
983 4.000 1 4.000 7.97991 7.956E+05 1.197E+12 6.649E-07 7.596E-09
741 2.000 1 4.000 8.45294 1.374E+06 2.953E+11 4.652E-06 7.360E-09
698 2.000 1 4.000 8.52500 1.336E+06 7.717E+11 1.731E-06 7.274E-09
240 6.000 1 4.000 10.7519 2.630E+05 2.590E+12 1.015E-07 6.838E-09
840 6.000 1 4.000 8.30546 4.379E+05 3.803E+12 1.151E-07 6.791E-09
742 4.000 1 4.000 8.45182 6.175E+05 7.954E+11 7.763E-07 6.613E-09
619 6.000 1 4.000 8.60897 3.965E+05 1.472E+12 2.694E-07 6.608E-09
875 6.000 1 4.000 8.19727 4.282E+05 5.194E+11 8.244E-07 6.470E-09
1151 6.000 1 4.000 7.76440 4.741E+05 5.437E+11 8.719E-07 6.426E-09
821 2.000 1 4.000 8.33205 1.232E+06 2.951E+11 4.176E-06 6.411E-09
953 2.000 1 4.000 8.07396 1.274E+06 2.100E+12 6.065E-07 6.225E-09
527 4.000 1 4.000 8.91669 5.221E+05 8.151E+11 6.406E-07 6.224E-09
704 4.000 1 4.000 8.51143 5.710E+05 6.883E+11 8.296E-07 6.200E-09
1161 8.000 1 4.000 7.74454 3.445E+05 4.758E+11 7.240E-07 6.195E-09
301 8.000 1 4.000 10.0170 2.026E+05 1.155E+12 1.754E-07 6.097E-09
338 2.000 1 4.000 9.67273 8.563E+05 1.192E+12 7.185E-07 6.006E-09
888 4.000 1 4.000 8.18283 5.876E+05 1.163E+12 5.052E-07 5.899E-09
746 8.000 1 4.000 8.44774 2.662E+05 1.548E+12 1.720E-07 5.698E-09
662 2.000 1 4.000 8.56852 1.023E+06 1.318E+12 7.761E-07 5.628E-09
526 2.000 1 4.000 8.91975 9.395E+05 8.002E+11 1.174E-06 5.605E-09
613 6.000 1 4.000 8.63778 3.337E+05 5.280E+11 6.320E-07 5.599E-09
649 4.000 1 4.000 8.57633 5.061E+05 3.748E+11 1.350E-06 5.583E-09
204 6.000 1 4.000 11.3360 1.902E+05 1.896E+13 1.003E-08 5.495E-09
1182 6.000 1 4.000 7.66603 3.867E+05 6.078E+11 6.362E-07 5.110E-09
1243 8.000 1 4.000 7.45355 3.009E+05 7.191E+11 4.184E-07 5.013E-09
236 6.000 1 4.000 10.8182 1.875E+05 2.228E+12 8.415E-08 4.935E-09
508 2.000 1 4.000 9.01271 7.836E+05 5.577E+11 1.405E-06 4.773E-09
855 4.000 1 4.000 8.22026 4.519E+05 4.069E+11 1.110E-06 4.576E-09
1011 2.000 1 4.000 7.96695 9.440E+05 8.749E+11 1.079E-06 4.493E-09
1058 2.000 1 4.000 7.94331 9.461E+05 2.186E+12 4.329E-07 4.475E-09
381 2.000 1 4.000 9.38688 6.645E+05 2.214E+12 3.002E-07 4.390E-09
1022 2.000 1 4.000 7.96446 9.080E+05 1.311E+12 6.925E-07 4.318E-09
525 4.000 1 4.000 8.95303 3.588E+05 9.430E+12 3.804E-08 4.313E-09
725 4.000 1 4.000 8.47012 3.953E+05 1.393E+12 2.837E-07 4.253E-09
1056 2.000 1 4.000 7.94456 8.945E+05 2.421E+12 3.694E-07 4.233E-09
1013 6.000 1 4.000 7.96684 2.947E+05 1.328E+12 2.219E-07 4.205E-09
1280 4.000 1 4.000 7.36537 5.160E+05 3.735E+11 1.382E-06 4.198E-09
123 4.000 1 4.000 12.0146 1.895E+05 1.983E+12 9.558E-08 4.101E-09
656 4.000 1 4.000 8.56998 3.580E+05 3.635E+11 9.848E-07 3.940E-09
968 6.000 1 4.000 7.99457 2.725E+05 1.597E+12 1.706E-07 3.918E-09
612 2.000 1 4.000 8.63811 6.986E+05 4.942E+11 1.414E-06 3.909E-09
762 6.000 1 4.000 8.43068 2.406E+05 3.123E+11 7.704E-07 3.844E-09
375 4.000 1 4.000 9.39745 2.900E+05 1.734E+12 1.673E-07 3.840E-09
653 2.000 1 4.000 8.57473 6.896E+05 3.762E+11 1.833E-06 3.801E-09
1120 2.000 1 4.000 7.86422 7.970E+05 1.325E+12 6.014E-07 3.695E-09
568 2.000 1 4.000 8.70286 6.482E+05 3.511E+11 1.846E-06 3.682E-09
1256 2.000 1 4.000 7.43062 8.710E+05 4.888E+11 1.782E-06 3.605E-09
856 2.000 1 4.000 8.22013 7.024E+05 4.264E+11 1.647E-06 3.557E-09
939 6.000 1 4.000 8.09219 2.400E+05 1.215E+12 1.976E-07 3.535E-09
1191 8.000 1 4.000 7.64690 1.952E+05 9.758E+11 2.001E-07 3.423E-09
745 4.000 1 4.000 8.44808 3.136E+05 2.857E+12 1.098E-07 3.357E-09
15 2.000 1 4.000 47.8382 1.830E+04 1.180E+11 1.551E-07 3.140E-09
747 6.000 1 4.000 8.44719 1.878E+05 2.090E+12 8.988E-08 3.013E-09
242 8.000 1 4.000 10.7483 8.699E+04 8.364E+10 1.040E-06 3.013E-09
966 4.000 1 4.000 7.99666 3.120E+05 1.258E+12 2.480E-07 2.993E-09
908 4.000 1 4.000 8.16586 2.964E+05 3.867E+11 7.665E-07 2.964E-09
479 8.000 1 4.000 9.08587 1.179E+05 8.229E+11 1.433E-07 2.917E-09
1170 2.000 1 4.000 7.74203 6.450E+05 1.988E+12 3.245E-07 2.900E-09
352 6.000 1 4.000 9.51751 1.401E+05 1.268E+12 1.105E-07 2.854E-09
837 6.000 1 4.000 8.30777 1.757E+05 2.553E+12 6.880E-08 2.728E-09
509 4.000 1 4.000 9.00430 2.220E+05 5.152E+11 4.308E-07 2.698E-09
1091 8.000 1 4.000 7.88307 1.411E+05 1.512E+12 9.334E-08 2.630E-09
126 8.000 1 4.000 11.9834 6.068E+04 7.786E+11 7.793E-08 2.612E-09
1061 4.000 1 4.000 7.93903 2.470E+05 1.394E+12 1.771E-07 2.334E-09
796 6.000 1 4.000 8.37546 1.462E+05 6.519E+11 2.243E-07 2.307E-09
1169 4.000 1 4.000 7.74262 2.563E+05 1.469E+12 1.744E-07 2.302E-09
1059 2.000 1 4.000 7.94155 4.689E+05 1.796E+12 2.610E-07 2.217E-09
1042 8.000 1 4.000 7.94981 1.164E+05 7.861E+11 1.481E-07 2.207E-09
839 2.000 1 4.000 8.30593 4.246E+05 3.640E+12 1.167E-07 2.196E-09
327 4.000 1 4.000 9.85370 1.461E+05 6.274E+11 2.329E-07 2.127E-09
1094 6.000 1 4.000 7.88191 1.491E+05 8.493E+11 1.756E-07 2.083E-09
1052 6.000 1 4.000 7.94558 1.467E+05 1.894E+12 7.743E-08 2.082E-09
694 4.000 1 4.000 8.53054 1.873E+05 5.572E+11 3.362E-07 2.044E-09
104 8.000 1 4.000 12.2031 4.494E+04 5.084E+11 8.840E-08 2.007E-09
1044 6.000 1 4.000 7.94895 1.396E+05 1.230E+12 1.135E-07 1.984E-09
316 4.000 1 4.000 9.94591 1.315E+05 5.286E+11 2.488E-07 1.951E-09
1057 4.000 1 4.000 7.94391 2.031E+05 2.347E+12 8.652E-08 1.921E-09
317 8.000 1 4.000 9.88943 6.530E+04 1.978E+12 3.302E-08 1.915E-09
597 4.000 1 4.000 8.65948 1.617E+05 2.461E+12 6.571E-08 1.818E-09
859 6.000 1 4.000 8.21962 1.185E+05 4.977E+11 2.380E-07 1.800E-09
1163 8.000 1 4.000 7.74374 9.919E+04 9.662E+11 1.027E-07 1.784E-09
1046 4.000 1 4.000 7.94812 1.867E+05 1.459E+12 1.279E-07 1.768E-09
74 8.000 1 4.000 12.5985 3.591E+04 2.597E+13 1.383E-09 1.709E-09
539 2.000 1 4.000 8.80098 2.918E+05 8.418E+11 3.467E-07 1.694E-09
600 8.000 1 4.000 8.65213 7.186E+04 5.492E+11 1.309E-07 1.613E-09
1060 2.000 1 4.000 7.94050 3.398E+05 1.425E+12 2.385E-07 1.606E-09
116 4.000 1 4.000 12.0899 7.060E+04 1.185E+12 5.958E-08 1.547E-09
1050 4.000 1 4.000 7.94734 1.600E+05 1.531E+12 1.045E-07 1.515E-09
744 2.000 1 4.000 8.44903 2.738E+05 3.382E+12 8.096E-08 1.465E-09
979 4.000 1 4.000 7.98268 1.525E+05 9.401E+11 1.622E-07 1.457E-09
1241 6.000 1 4.000 7.45473 1.155E+05 7.223E+11 1.598E-07 1.443E-09
61 8.000 1 4.000 12.7944 2.924E+04 6.717E+12 4.353E-09 1.435E-09
719 4.000 1 4.000 8.48712 1.305E+05 3.686E+11 3.539E-07 1.409E-09
552 4.000 1 4.000 8.74547 1.205E+05 2.493E+12 4.834E-08 1.382E-09
951 4.000 1 4.000 8.08234 1.351E+05 1.671E+12 8.089E-08 1.323E-09
1062 6.000 1 4.000 7.93664 9.088E+04 1.351E+12 6.728E-08 1.287E-09
1265 6.000 1 4.000 7.40348 1.022E+05 7.378E+11 1.385E-07 1.260E-09
1008 4.000 1 4.000 7.96770 1.316E+05 9.351E+11 1.407E-07 1.252E-09
1263 4.000 1 4.000 7.40482 1.467E+05 7.319E+11 2.004E-07 1.206E-09
881 4.000 1 4.000 8.18463 1.178E+05 8.535E+11 1.380E-07 1.183E-09
415 6.000 1 4.000 9.26762 6.058E+04 2.545E+12 2.381E-08 1.170E-09
1165 6.000 1 4.000 7.74316 8.150E+04 1.358E+12 6.000E-08 1.099E-09
1017 6.000 1 4.000 7.96555 7.502E+04 1.511E+12 4.965E-08 1.070E-09
296 8.000 1 4.000 10.0585 3.404E+04 1.593E+12 2.137E-08 1.032E-09
1210 6.000 1 4.000 7.59429 7.639E+04 9.934E+11 7.690E-08 9.908E-10
1164 6.000 1 4.000 7.74370 7.308E+04 1.087E+12 6.727E-08 9.855E-10
139 8.000 1 4.000 11.8691 2.331E+04 1.203E+12 1.939E-08 9.850E-10
1209 4.000 1 4.000 7.59595 1.135E+05 9.935E+11 1.142E-07 9.815E-10
583 8.000 1 4.000 8.67234 4.344E+04 1.225E+12 3.546E-08 9.798E-10
1189 6.000 1 4.000 7.64890 7.009E+04 9.784E+11 7.164E-08 9.222E-10
564 4.000 1 4.000 8.71195 8.014E+04 2.533E+12 3.164E-08 9.119E-10
1045 2.000 1 4.000 7.94892 1.901E+05 8.065E+11 2.357E-07 9.003E-10
787 2.000 1 4.000 8.39304 1.700E+05 5.573E+11 3.051E-07 8.981E-10
358 8.000 1 4.000 9.46972 3.285E+04 7.802E+11 4.211E-08 8.833E-10
510 8.000 1 4.000 8.98138 3.635E+04 1.163E+12 3.125E-08 8.793E-10
328 6.000 1 4.000 9.85190 3.895E+04 5.507E+11 7.074E-08 8.504E-10
838 4.000 1 4.000 8.30631 8.186E+04 3.571E+12 2.292E-08 8.468E-10
768 4.000 1 4.000 8.41971 7.955E+04 4.039E+11 1.970E-07 8.456E-10
760 4.000 1 4.000 8.43342 7.568E+04 2.879E+12 2.629E-08 8.069E-10
646 2.000 1 4.000 8.57883 1.422E+05 2.399E+12 5.929E-08 7.847E-10
1051 6.000 1 4.000 7.94732 5.478E+04 1.250E+12 4.381E-08 7.780E-10
558 8.000 1 4.000 8.73587 3.335E+04 2.490E+12 1.340E-08 7.630E-10
407 8.000 1 4.000 9.32720 2.909E+04 9.716E+11 2.994E-08 7.587E-10
955 8.000 1 4.000 8.07328 3.879E+04 1.028E+12 3.774E-08 7.580E-10
969 2.000 1 4.000 7.99130 1.579E+05 7.977E+11 1.979E-07 7.557E-10
46 8.000 1 4.000 12.9758 1.495E+04 3.261E+11 4.585E-08 7.550E-10
844 2.000 1 4.000 8.28250 1.462E+05 5.506E+11 2.656E-07 7.521E-10
701 6.000 1 4.000 8.51723 4.446E+04 5.220E+11 8.517E-08 7.253E-10
262 4.000 1 4.000 10.5124 4.358E+04 2.854E+12 1.527E-08 7.223E-10
614 4.000 1 4.000 8.62964 6.038E+04 9.412E+11 6.415E-08 6.740E-10
598 2.000 1 4.000 8.65562 1.190E+05 2.552E+12 4.664E-08 6.684E-10
465 8.000 1 4.000 9.12187 2.549E+04 1.191E+12 2.140E-08 6.358E-10
1110 4.000 1 4.000 7.87371 6.588E+04 1.139E+12 5.786E-08 6.123E-10
1262 2.000 1 4.000 7.40580 1.329E+05 7.522E+11 1.767E-07 5.464E-10
1099 4.000 1 4.000 7.87946 5.864E+04 1.658E+12 3.537E-08 5.459E-10
848 2.000 1 4.000 8.25047 1.033E+05 2.843E+11 3.633E-07 5.270E-10
580 4.000 1 4.000 8.67359 4.631E+04 2.548E+12 1.818E-08 5.224E-10
370 4.000 1 4.000 9.42863 3.754E+04 1.141E+12 3.290E-08 5.005E-10
560 2.000 1 4.000 8.73185 8.747E+04 2.521E+12 3.469E-08 4.998E-10
1124 6.000 1 4.000 7.86339 3.557E+04 1.132E+12 3.143E-08 4.948E-10
669 8.000 1 4.000 8.55747 2.202E+04 7.925E+11 2.779E-08 4.838E-10
324 2.000 1 4.000 9.86050 6.597E+04 6.488E+11 1.017E-07 4.808E-10
101 8.000 1 4.000 12.2273 1.044E+04 6.896E+10 1.513E-07 4.677E-10
1246 4.000 1 4.000 7.44965 5.569E+04 9.231E+11 6.032E-08 4.633E-10
322 8.000 1 4.000 9.87440 1.571E+04 6.418E+12 2.448E-09 4.592E-10
263 2.000 1 4.000 10.5114 5.393E+04 4.299E+12 1.254E-08 4.467E-10
1244 6.000 1 4.000 7.45341 3.528E+04 7.832E+11 4.504E-08 4.406E-10
57 4.000 1 4.000 12.8466 1.775E+04 1.104E+11 1.608E-07 4.392E-10
638 4.000 1 4.000 8.59445 3.949E+04 2.630E+12 1.501E-08 4.373E-10
634 8.000 1 4.000 8.59624 1.941E+04 9.156E+11 2.120E-08 4.302E-10
1194 4.000 1 4.000 7.64073 4.713E+04 1.169E+12 4.033E-08 4.124E-10
530 6.000 1 4.000 8.87400 2.312E+04 4.405E+11 5.249E-08 4.096E-10
1055 8.000 1 4.000 7.94458 2.160E+04 2.669E+12 8.093E-09 4.090E-10
1168 2.000 1 4.000 7.74294 8.990E+04 1.376E+12 6.531E-08 4.040E-10
628 4.000 1 4.000 8.59973 3.581E+04 2.484E+12 1.442E-08 3.971E-10
1192 6.000 1 4.000 7.64669 3.012E+04 1.016E+12 2.965E-08 3.961E-10
907 2.000 1 4.000 8.16589 7.659E+04 3.813E+11 2.009E-07 3.829E-10
1207 2.000 1 4.000 7.59742 8.741E+04 1.009E+12 8.660E-08 3.783E-10
689 2.000 1 4.000 8.53804 6.846E+04 5.723E+11 1.196E-07 3.743E-10
786 2.000 1 4.000 8.39550 6.922E+04 9.210E+11 7.516E-08 3.658E-10
980 6.000 1 4.000 7.98191 2.503E+04 5.619E+11 4.455E-08 3.588E-10
329 4.000 1 4.000 9.81801 2.477E+04 1.537E+12 1.611E-08 3.579E-10
721 8.000 1 4.000 8.48262 1.600E+04 6.649E+11 2.406E-08 3.450E-10
1025 2.000 1 4.000 7.96391 7.028E+04 8.379E+11 8.388E-08 3.344E-10
574 8.000 1 4.000 8.68569 1.462E+04 8.356E+11 1.750E-08 3.308E-10
1101 6.000 1 4.000 7.87895 2.321E+04 1.412E+12 1.644E-08 3.241E-10
1085 6.000 1 4.000 7.88626 2.279E+04 1.464E+12 1.557E-08 3.189E-10
112 8.000 1 4.000 12.1647 7.035E+03 3.487E+12 2.017E-09 3.122E-10
928 2.000 1 4.000 8.11967 6.279E+04 4.886E+11 1.285E-07 3.102E-10
785 4.000 1 4.000 8.39939 2.900E+04 5.461E+11 5.311E-08 3.068E-10
851 4.000 1 4.000 8.24952 2.962E+04 2.640E+11 1.122E-07 3.022E-10
590 4.000 1 4.000 8.66838 2.635E+04 3.730E+11 7.064E-08 2.969E-10
1003 8.000 1 4.000 7.96802 1.529E+04 8.842E+11 1.729E-08 2.910E-10
1242 4.000 1 4.000 7.45461 3.477E+04 7.366E+11 4.720E-08 2.897E-10
974 2.000 1 4.000 7.98842 5.949E+04 6.787E+11 8.765E-08 2.844E-10
623 8.000 1 4.000 8.60283 1.279E+04 2.225E+12 5.748E-09 2.837E-10
825 8.000 1 4.000 8.32160 1.348E+04 4.543E+11 2.966E-08 2.797E-10
1121 4.000 1 4.000 7.86413 2.885E+04 1.269E+12 2.273E-08 2.675E-10
246 8.000 1 4.000 10.7038 7.748E+03 2.164E+11 3.581E-08 2.662E-10
870 8.000 1 4.000 8.20040 1.310E+04 4.720E+11 2.775E-08 2.640E-10
963 4.000 1 4.000 8.00697 2.746E+04 7.762E+11 3.538E-08 2.640E-10
1296 2.000 1 4.000 7.24272 6.520E+04 4.162E+11 1.567E-07 2.565E-10
1208 2.000 1 4.000 7.59640 5.896E+04 1.021E+12 5.773E-08 2.550E-10
636 6.000 1 4.000 8.59481 1.533E+04 2.556E+12 5.998E-09 2.547E-10
986 8.000 1 4.000 7.97827 1.329E+04 3.594E+11 3.697E-08 2.535E-10
1264 2.000 1 4.000 7.40475 6.029E+04 7.637E+11 7.894E-08 2.478E-10
350 4.000 1 4.000 9.53996 1.765E+04 1.262E+12 1.399E-08 2.409E-10
941 8.000 1 4.000 8.09145 1.196E+04 4.693E+11 2.549E-08 2.348E-10
591 2.000 1 4.000 8.66702 4.130E+04 3.513E+11 1.176E-07 2.326E-10
1078 2.000 1 4.000 7.89921 4.925E+04 6.136E+11 8.026E-08 2.303E-10
750 8.000 1 4.000 8.44317 1.073E+04 5.993E+11 1.790E-08 2.293E-10
309 8.000 1 4.000 9.98549 7.188E+03 7.913E+12 9.083E-10 2.149E-10
514 8.000 1 4.000 8.97609 8.666E+03 2.843E+12 3.048E-09 2.094E-10
1195 8.000 1 4.000 7.63317 1.197E+04 6.248E+11 1.916E-08 2.092E-10
1190 4.000 1 4.000 7.64869 2.202E+04 9.922E+11 2.219E-08 1.931E-10
1079 4.000 1 4.000 7.89683 2.047E+04 3.178E+11 6.440E-08 1.913E-10
767 2.000 1 4.000 8.42003 3.325E+04 3.206E+11 1.037E-07 1.767E-10
250 2.000 1 4.000 10.6526 1.926E+04 4.338E+12 4.441E-09 1.639E-10
1064 4.000 1 4.000 7.93284 1.596E+04 1.620E+12 9.854E-09 1.506E-10
878 6.000 1 4.000 8.18803 9.930E+03 2.313E+11 4.293E-08 1.497E-10
718 2.000 1 4.000 8.48889 2.744E+04 3.772E+11 7.275E-08 1.482E-10
1053 4.000 1 4.000 7.94534 1.549E+04 2.329E+12 6.651E-09 1.466E-10
1065 2.000 1 4.000 7.93001 2.866E+04 1.818E+12 1.576E-08 1.351E-10
1266 4.000 1 4.000 7.40285 1.586E+04 7.819E+11 2.029E-08 1.304E-10
1247 8.000 1 4.000 7.44542 7.836E+03 4.645E+11 1.687E-08 1.302E-10
1098 4.000 1 4.000 7.88040 1.369E+04 1.285E+12 1.066E-08 1.275E-10
1282 8.000 1 4.000 7.35656 7.852E+03 7.122E+11 1.103E-08 1.274E-10
1108 8.000 1 4.000 7.87445 6.692E+03 3.443E+11 1.944E-08 1.244E-10
559 6.000 1 4.000 8.73523 7.207E+03 2.392E+12 3.013E-09 1.237E-10
579 2.000 1 4.000 8.67758 2.136E+04 2.597E+12 8.227E-09 1.206E-10
166 8.000 1 4.000 11.6953 2.852E+03 1.454E+12 1.962E-09 1.170E-10
781 8.000 1 4.000 8.40713 5.348E+03 1.962E+12 2.726E-09 1.133E-10
1090 4.000 1 4.000 7.88391 1.209E+04 4.873E+11 2.480E-08 1.126E-10
1087 6.000 1 4.000 7.88534 7.991E+03 3.952E+11 2.022E-08 1.117E-10
676 8.000 1 4.000 8.55488 4.954E+03 1.576E+12 3.143E-09 1.087E-10
970 4.000 1 4.000 7.98945 1.102E+04 3.236E+11 3.406E-08 1.055E-10
1225 8.000 1 4.000 7.54494 5.899E+03 9.632E+11 6.124E-09 1.007E-10
531 4.000 1 4.000 8.86164 8.527E+03 8.634E+11 9.876E-09 1.004E-10
255 8.000 1 4.000 10.6195 2.966E+03 1.335E+11 2.222E-08 1.003E-10
622 8.000 1 4.000 8.60544 4.151E+03 9.805E+11 4.234E-09 9.220E-11
864 4.000 1 4.000 8.21362 9.081E+03 4.547E+12 1.997E-09 9.186E-11
772 8.000 1 4.000 8.41108 4.325E+03 3.716E+11 1.164E-08 9.175E-11
863 4.000 1 4.000 8.21594 9.048E+03 5.256E+11 1.722E-08 9.155E-11
490 8.000 1 4.000 9.07315 3.684E+03 4.588E+12 8.029E-10 9.092E-11
927 4.000 1 4.000 8.12185 9.049E+03 4.185E+11 2.162E-08 8.949E-11
239 4.000 1 4.000 10.7676 5.111E+03 2.819E+12 1.813E-09 8.887E-11
1140 2.000 1 4.000 7.78396 1.867E+04 5.506E+11 3.391E-08 8.477E-11
1245 2.000 1 4.000 7.45272 1.978E+04 8.363E+11 2.365E-08 8.236E-11
1167 2.000 1 4.000 7.74302 1.819E+04 1.523E+12 1.194E-08 8.175E-11
829 8.000 1 4.000 8.32014 3.782E+03 1.066E+12 3.547E-09 7.852E-11
578 2.000 1 4.000 8.67883 1.284E+04 2.562E+12 5.011E-09 7.250E-11
1063 4.000 1 4.000 7.93437 7.514E+03 1.413E+12 5.318E-09 7.092E-11
938 4.000 1 4.000 8.09301 7.113E+03 1.009E+12 7.047E-09 6.985E-11
452 8.000 1 4.000 9.15587 2.739E+03 1.485E+12 1.844E-09 6.885E-11
1071 8.000 1 4.000 7.90882 3.538E+03 9.082E+11 3.895E-09 6.635E-11
595 4.000 1 4.000 8.66353 5.842E+03 2.452E+12 2.382E-09 6.576E-11
1193 2.000 1 4.000 7.64552 1.473E+04 1.059E+12 1.391E-08 6.455E-11
964 2.000 1 4.000 8.00460 1.332E+04 1.175E+12 1.134E-08 6.398E-11
362 8.000 1 4.000 9.45498 2.375E+03 1.112E+12 2.135E-09 6.368E-11
157 4.000 1 4.000 11.7725 2.988E+03 1.548E+13 1.930E-10 6.210E-11
596 8.000 1 4.000 8.66247 2.729E+03 1.302E+12 2.095E-09 6.140E-11
1212 4.000 1 4.000 7.59250 6.541E+03 1.107E+12 5.911E-09 5.654E-11
1139 4.000 1 4.000 7.78503 5.903E+03 3.660E+11 1.613E-08 5.363E-11
808 8.000 1 4.000 8.34202 2.442E+03 9.718E+11 2.514E-09 5.097E-11
797 4.000 1 4.000 8.37458 4.596E+03 6.407E+11 7.174E-09 4.833E-11
553 6.000 1 4.000 8.74539 2.796E+03 2.494E+12 1.121E-09 4.810E-11
609 8.000 1 4.000 8.64557 2.140E+03 2.925E+12 7.316E-10 4.795E-11
1021 8.000 1 4.000 7.96505 2.488E+03 8.362E+11 2.975E-09 4.733E-11
1211 4.000 1 4.000 7.59320 5.385E+03 1.031E+12 5.224E-09 4.655E-11
886 8.000 1 4.000 8.18323 2.199E+03 1.323E+12 1.662E-09 4.415E-11
1076 4.000 1 4.000 7.89989 3.928E+03 6.503E+11 6.040E-09 3.675E-11
973 4.000 1 4.000 7.98856 3.728E+03 5.485E+11 6.797E-09 3.567E-11
1054 6.000 1 4.000 7.94461 2.372E+03 2.749E+12 8.628E-10 3.368E-11
247 4.000 1 4.000 10.6939 1.939E+03 5.536E+12 3.503E-10 3.325E-11
1217 8.000 1 4.000 7.57975 1.864E+03 6.403E+11 2.911E-09 3.210E-11
1092 4.000 1 4.000 7.88236 3.393E+03 7.359E+11 4.610E-09 3.160E-11
1080 2.000 1 4.000 7.89584 6.692E+03 3.860E+11 1.734E-08 3.126E-11
1285 6.000 1 4.000 7.35548 2.525E+03 7.429E+11 3.399E-09 3.073E-11
1228 6.000 1 4.000 7.54307 2.237E+03 9.828E+11 2.277E-09 2.863E-11
1175 2.000 1 4.000 7.68550 6.265E+03 4.205E+11 1.490E-08 2.774E-11
1270 2.000 1 4.000 7.40080 6.231E+03 9.461E+11 6.586E-09 2.559E-11
1200 8.000 1 4.000 7.63112 1.430E+03 6.511E+11 2.196E-09 2.497E-11
972 6.000 1 4.000 7.98883 1.517E+03 3.412E+11 4.446E-09 2.177E-11
453 2.000 1 4.000 9.15478 3.237E+03 4.758E+11 6.803E-09 2.034E-11
1274 8.000 1 4.000 7.39488 1.225E+03 4.838E+11 2.531E-09 2.008E-11
1074 2.000 1 4.000 7.90316 4.112E+03 3.202E+11 1.284E-08 1.926E-11
641 8.000 1 4.000 8.58520 8.529E+02 7.313E+11 1.166E-09 1.885E-11
1226 4.000 1 4.000 7.54455 1.939E+03 1.030E+12 1.882E-09 1.655E-11
1252 8.000 1 4.000 7.44420 9.390E+02 5.055E+11 1.857E-09 1.560E-11
1283 4.000 1 4.000 7.35632 1.836E+03 7.718E+11 2.379E-09 1.490E-11
1156 8.000 1 4.000 7.75399 7.976E+02 4.845E+11 1.646E-09 1.438E-11
1213 2.000 1 4.000 7.59039 3.262E+03 1.162E+12 2.808E-09 1.409E-11
1258 4.000 1 4.000 7.41546 1.624E+03 1.012E+12 1.605E-09 1.339E-11
1171 4.000 1 4.000 7.74119 1.381E+03 1.557E+12 8.870E-10 1.241E-11
1186 4.000 1 4.000 7.66410 1.387E+03 1.915E+12 7.240E-10 1.221E-11
1030 8.000 1 4.000 7.96048 5.881E+02 3.295E+11 1.785E-09 1.117E-11
932 4.000 1 4.000 8.10680 1.105E+03 5.177E+11 2.134E-09 1.089E-11
1152 4.000 1 4.000 7.76416 1.085E+03 5.021E+11 2.161E-09 9.806E-12
930 6.000 1 4.000 8.10962 6.479E+02 4.052E+11 1.599E-09 9.583E-12
1034 8.000 1 4.000 7.95857 4.928E+02 6.975E+11 7.065E-10 9.360E-12
1267 4.000 1 4.000 7.40248 1.033E+03 8.650E+11 1.195E-09 8.490E-12
1257 2.000 1 4.000 7.41655 1.882E+03 1.061E+12 1.774E-09 7.760E-12
1166 4.000 1 4.000 7.74316 8.440E+02 1.460E+12 5.779E-10 7.587E-12
1298 4.000 1 4.000 7.23367 8.457E+02 7.663E+11 1.104E-09 6.634E-12
366 8.000 1 4.000 9.44326 2.320E+02 2.454E+12 9.454E-11 6.202E-12
1284 4.000 1 4.000 7.35572 7.455E+02 8.032E+11 9.281E-10 6.048E-12
1111 2.000 1 4.000 7.87289 1.177E+03 1.754E+12 6.712E-10 5.471E-12
926 2.000 1 4.000 8.12854 1.054E+03 4.258E+11 2.475E-09 5.218E-12
1227 4.000 1 4.000 7.54350 5.335E+02 1.048E+12 5.093E-10 4.551E-12
266 8.000 1 4.000 10.4819 1.208E+02 2.886E+11 4.188E-10 3.983E-12
1297 2.000 1 4.000 7.23421 9.883E+02 8.262E+11 1.196E-09 3.876E-12
1281 6.000 1 4.000 7.35756 2.075E+02 7.382E+11 2.811E-10 2.527E-12
893 8.000 1 4.000 8.18092 1.109E+02 9.367E+11 1.184E-10 2.226E-12
843 4.000 1 4.000 8.28323 1.869E+02 5.588E+11 3.346E-10 1.923E-12
260 8.000 1 4.000 10.5348 5.383E+01 6.671E+10 8.068E-10 1.791E-12
696 8.000 1 4.000 8.52706 7.578E+01 1.268E+12 5.976E-11 1.652E-12
367 2.000 1 4.000 9.43796 2.328E+02 1.098E+12 2.121E-10 1.554E-12
1024 8.000 1 4.000 7.96391 7.381E+01 7.788E+11 9.478E-11 1.404E-12
687 8.000 1 4.000 8.53867 6.249E+01 1.182E+12 5.288E-11 1.366E-12
1174 4.000 1 4.000 7.68557 1.516E+02 3.894E+11 3.892E-10 1.342E-12
207 4.000 1 4.000 11.2845 3.797E+01 1.408E+13 2.697E-12 7.249E-13
1130 8.000 1 4.000 7.85625 3.488E+01 8.694E+11 4.012E-11 6.455E-13
644 8.000 1 4.000 8.58028 1.893E+01 1.417E+12 1.335E-11 4.178E-13
1224 6.000 1 4.000 7.54661 2.702E+01 9.909E+11 2.726E-11 3.462E-13
1230 8.000 1 4.000 7.53107 1.905E+01 6.055E+11 3.146E-11 3.240E-13
1229 2.000 1 4.000 7.54066 6.760E+01 1.142E+12 5.921E-11 2.882E-13
1286 2.000 1 4.000 7.35398 6.934E+01 8.736E+11 7.937E-11 2.810E-13
1287 8.000 1 4.000 7.34835 1.113E+01 4.535E+11 2.455E-11 1.803E-13
1135 8.000 1 4.000 7.85126 8.081E+00 9.007E+11 8.972E-12 1.494E-13
884 8.000 1 4.000 8.18345 1.002E+00 5.199E+11 1.927E-12 2.012E-14
1235 8.000 1 4.000 7.52852 8.516E-01 6.379E+11 1.335E-12 1.447E-14
1292 8.000 1 4.000 7.34686 6.241E-03 4.911E+11 1.271E-14 1.010E-16
