j g(j) i g(i) wl A A^a A/A^a f
21 6.000 1 4.000 23.3019 8.232E+11 2.082E+14 3.954E-03 1.005E-01
22 4.000 1 4.000 23.3008 8.233E+11 2.084E+14 3.950E-03 6.703E-02
23 2.000 1 4.000 23.3001 8.235E+11 2.080E+14 3.959E-03 3.350E-02
34 6.000 1 4.000 22.2625 1.150E+11 1.388E+13 8.288E-03 1.282E-02
36 4.000 1 4.000 22.2625 1.151E+11 1.387E+13 8.294E-03 8.550E-03
111 6.000 1 4.000 22.0086 4.358E+10 1.956E+12 2.228E-02 4.748E-03
58 6.000 1 4.000 22.0962 4.288E+10 4.637E+12 9.248E-03 4.710E-03
142 6.000 1 4.000 21.9973 4.172E+10 1.126E+12 3.706E-02 4.540E-03
35 2.000 1 4.000 22.2625 1.151E+11 1.383E+13 8.321E-03 4.278E-03
210 6.000 1 4.000 21.9651 3.263E+10 6.209E+12 5.256E-03 3.540E-03
110 4.000 1 4.000 22.0086 4.363E+10 1.850E+12 2.358E-02 3.168E-03
59 4.000 1 4.000 22.0961 4.290E+10 4.556E+12 9.416E-03 3.140E-03
141 4.000 1 4.000 21.9974 4.128E+10 1.220E+12 3.382E-02 2.995E-03
205 4.000 1 4.000 21.9653 3.245E+10 6.041E+12 5.371E-03 2.348E-03
109 2.000 1 4.000 22.0086 4.373E+10 1.965E+12 2.225E-02 1.588E-03
60 2.000 1 4.000 22.0961 4.290E+10 4.589E+12 9.348E-03 1.570E-03
140 2.000 1 4.000 21.9975 4.103E+10 1.238E+12 3.313E-02 1.488E-03
335 6.000 1 4.000 21.8077 1.299E+10 1.334E+13 9.736E-04 1.389E-03
325 6.000 1 4.000 21.8367 1.282E+10 1.129E+14 1.136E-04 1.375E-03
204 2.000 1 4.000 21.9654 3.235E+10 5.890E+12 5.492E-03 1.170E-03
286 6.000 1 4.000 21.9022 1.049E+10 1.293E+14 8.109E-05 1.132E-03
334 4.000 1 4.000 21.8078 1.315E+10 1.011E+13 1.300E-03 9.373E-04
324 4.000 1 4.000 21.8368 1.269E+10 7.360E+13 1.724E-04 9.073E-04
287 4.000 1 4.000 21.9020 1.068E+10 8.321E+13 1.284E-04 7.680E-04
577 6.000 1 4.000 21.7353 6.855E+09 1.437E+12 4.772E-03 7.285E-04
152 6.000 1 4.000 21.9829 5.627E+09 3.855E+12 1.460E-03 6.115E-04
576 4.000 1 4.000 21.7353 6.928E+09 1.096E+12 6.321E-03 4.905E-04
333 2.000 1 4.000 21.8079 1.323E+10 1.290E+13 1.025E-03 4.715E-04
323 2.000 1 4.000 21.8368 1.263E+10 1.033E+13 1.222E-03 4.513E-04
151 4.000 1 4.000 21.9831 6.128E+09 3.899E+12 1.572E-03 4.440E-04
95 6.000 1 4.000 22.0335 3.798E+09 1.376E+12 2.761E-03 4.148E-04
288 2.000 1 4.000 21.9018 1.068E+10 9.630E+13 1.109E-04 3.840E-04
895 6.000 1 4.000 21.6992 3.062E+09 3.365E+12 9.097E-04 3.243E-04
721 6.000 1 4.000 21.7183 3.043E+09 7.271E+13 4.185E-05 3.228E-04
427 6.000 1 4.000 21.7720 2.912E+09 4.723E+13 6.165E-05 3.105E-04
565 6.000 1 4.000 21.7399 2.762E+09 1.114E+13 2.479E-04 2.935E-04
96 4.000 1 4.000 22.0335 3.795E+09 1.413E+12 2.686E-03 2.763E-04
575 2.000 1 4.000 21.7354 6.960E+09 1.647E+12 4.225E-03 2.465E-04
963 6.000 1 4.000 21.6791 2.240E+09 1.354E+12 1.654E-03 2.368E-04
150 2.000 1 4.000 21.9832 6.410E+09 3.886E+12 1.649E-03 2.323E-04
894 4.000 1 4.000 21.6992 3.100E+09 2.351E+12 1.319E-03 2.189E-04
720 4.000 1 4.000 21.7184 3.050E+09 4.416E+13 6.907E-05 2.157E-04
426 4.000 1 4.000 21.7722 2.878E+09 3.193E+13 9.013E-05 2.045E-04
564 4.000 1 4.000 21.7400 2.653E+09 8.991E+12 2.950E-04 1.879E-04
962 4.000 1 4.000 21.6791 2.254E+09 9.634E+11 2.339E-03 1.588E-04
97 2.000 1 4.000 22.0335 3.781E+09 1.452E+12 2.604E-03 1.376E-04
719 2.000 1 4.000 21.7184 3.058E+09 1.406E+13 2.175E-04 1.081E-04
425 2.000 1 4.000 21.7722 2.863E+09 3.568E+12 8.022E-04 1.017E-04
893 2.000 1 4.000 21.6993 2.866E+09 4.063E+12 7.054E-04 1.012E-04
563 2.000 1 4.000 21.7401 2.607E+09 1.279E+12 2.038E-03 9.235E-05
961 2.000 1 4.000 21.6791 2.261E+09 1.818E+12 1.244E-03 7.965E-05
1017 6.000 1 4.000 21.6598 7.463E+08 3.626E+13 2.059E-05 7.875E-05
696 6.000 1 4.000 21.7282 5.888E+08 3.208E+13 1.835E-05 6.253E-05
1016 4.000 1 4.000 21.6598 6.990E+08 1.780E+13 3.928E-05 4.918E-05
1115 6.000 1 4.000 21.6259 4.548E+08 1.827E+13 2.489E-05 4.785E-05
698 4.000 1 4.000 21.7282 5.858E+08 2.193E+13 2.671E-05 4.148E-05
1238 6.000 1 4.000 21.6064 3.375E+08 1.300E+13 2.596E-05 3.543E-05
1113 4.000 1 4.000 21.6259 4.500E+08 7.749E+12 5.807E-05 3.155E-05
285 6.000 1 4.000 21.9057 2.663E+08 2.133E+13 1.249E-05 2.875E-05
1018 2.000 1 4.000 21.6598 6.735E+08 2.058E+13 3.272E-05 2.369E-05
1236 4.000 1 4.000 21.6064 3.345E+08 5.760E+12 5.807E-05 2.341E-05
699 2.000 1 4.000 21.7281 5.855E+08 2.723E+13 2.150E-05 2.072E-05
1114 2.000 1 4.000 21.6259 4.462E+08 9.186E+12 4.858E-05 1.564E-05
1237 2.000 1 4.000 21.6064 3.327E+08 5.988E+12 5.555E-05 1.164E-05
892 2.000 1 4.000 21.6994 2.565E+08 6.039E+12 4.246E-05 9.053E-06
1020 4.000 1 4.000 21.6595 4.263E+07 8.704E+12 4.897E-06 3.000E-06
25 6.000 1 4.000 23.0956 2.105E+07 2.513E+14 8.377E-08 2.525E-06
1013 2.000 1 4.000 21.6600 6.445E+07 9.007E+12 7.156E-06 2.266E-06
282 4.000 1 4.000 21.9062 3.123E+07 1.420E+13 2.199E-06 2.247E-06
867 6.000 1 4.000 21.7149 1.523E+07 1.208E+13 1.261E-06 1.615E-06
297 6.000 1 4.000 21.8783 1.477E+07 1.435E+13 1.029E-06 1.590E-06
251 4.000 1 4.000 21.9318 1.164E+07 2.303E+12 5.052E-06 8.393E-07
28 2.000 1 4.000 22.9155 2.082E+07 2.066E+14 1.007E-07 8.193E-07
605 6.000 1 4.000 21.7307 5.550E+06 1.509E+11 3.678E-05 5.893E-07
254 6.000 1 4.000 21.9276 4.952E+06 5.938E+12 8.339E-07 5.355E-07
783 6.000 1 4.000 21.7153 5.020E+06 6.569E+09 7.642E-04 5.323E-07
622 4.000 1 4.000 21.7306 7.465E+06 1.669E+11 4.473E-05 5.285E-07
26 4.000 1 4.000 23.0631 6.581E+06 1.657E+14 3.972E-08 5.247E-07
258 4.000 1 4.000 21.9147 6.793E+06 1.625E+13 4.179E-07 4.890E-07
566 4.000 1 4.000 21.7379 6.875E+06 1.620E+12 4.244E-06 4.870E-07
573 6.000 1 4.000 21.7365 3.960E+06 1.079E+13 3.668E-07 4.208E-07
309 2.000 1 4.000 21.8608 1.137E+07 7.714E+12 1.474E-06 4.073E-07
24 4.000 1 4.000 23.0958 4.988E+06 2.521E+14 1.978E-08 3.990E-07
863 4.000 1 4.000 21.7152 5.615E+06 3.945E+10 1.423E-04 3.970E-07
750 6.000 1 4.000 21.7154 3.570E+06 1.092E+10 3.268E-04 3.785E-07
865 2.000 1 4.000 21.7152 9.345E+06 1.854E+10 5.040E-04 3.303E-07
198 4.000 1 4.000 21.9721 4.206E+06 1.269E+13 3.314E-07 3.044E-07
253 4.000 1 4.000 21.9276 4.180E+06 5.963E+12 7.010E-07 3.013E-07
659 4.000 1 4.000 21.7305 4.145E+06 2.156E+11 1.922E-05 2.935E-07
572 4.000 1 4.000 21.7365 4.138E+06 9.740E+12 4.248E-07 2.930E-07
626 6.000 1 4.000 21.7306 2.595E+06 8.660E+10 2.997E-05 2.755E-07
653 2.000 1 4.000 21.7305 7.015E+06 2.455E+11 2.857E-05 2.483E-07
604 6.000 1 4.000 21.7307 2.050E+06 3.000E+10 6.833E-05 2.177E-07
866 4.000 1 4.000 21.7151 3.068E+06 2.976E+12 1.031E-06 2.169E-07
820 6.000 1 4.000 21.7152 1.895E+06 2.090E+09 9.065E-04 2.010E-07
634 2.000 1 4.000 21.7306 5.585E+06 1.906E+11 2.930E-05 1.977E-07
777 4.000 1 4.000 21.7153 2.688E+06 2.558E+10 1.050E-04 1.901E-07
298 4.000 1 4.000 21.8781 2.479E+06 8.066E+12 3.073E-07 1.779E-07
891 4.000 1 4.000 21.7013 2.225E+06 1.101E+12 2.021E-06 1.571E-07
424 6.000 1 4.000 21.7750 1.451E+06 9.999E+12 1.451E-07 1.547E-07
301 4.000 1 4.000 21.8682 2.061E+06 8.475E+12 2.432E-07 1.478E-07
662 6.000 1 4.000 21.7305 1.306E+06 5.627E+10 2.320E-05 1.387E-07
1335 6.000 1 4.000 21.5952 1.313E+06 3.615E+13 3.631E-08 1.377E-07
771 4.000 1 4.000 21.7154 1.816E+06 1.019E+11 1.783E-05 1.284E-07
32 6.000 1 4.000 22.3085 9.917E+05 2.295E+12 4.321E-07 1.110E-07
1007 6.000 1 4.000 21.6638 9.930E+05 1.022E+13 9.715E-08 1.048E-07
387 4.000 1 4.000 21.7957 1.391E+06 7.228E+12 1.924E-07 9.908E-08
257 2.000 1 4.000 21.9154 2.569E+06 6.103E+12 4.209E-07 9.250E-08
370 6.000 1 4.000 21.8028 8.628E+05 2.648E+09 3.259E-04 9.223E-08
438 6.000 1 4.000 21.7628 8.260E+05 1.921E+13 4.300E-08 8.798E-08
1109 6.000 1 4.000 21.6281 8.350E+05 5.406E+12 1.544E-07 8.785E-08
1232 6.000 1 4.000 21.6079 8.150E+05 3.229E+12 2.524E-07 8.558E-08
328 6.000 1 4.000 21.8238 7.935E+05 3.152E+13 2.518E-08 8.500E-08
27 2.000 1 4.000 23.0616 2.117E+06 1.650E+14 1.282E-08 8.439E-08
578 4.000 1 4.000 21.7324 1.128E+06 6.436E+12 1.752E-07 7.987E-08
437 2.000 1 4.000 21.7633 1.975E+06 2.515E+12 7.851E-07 7.010E-08
321 4.000 1 4.000 21.8431 9.313E+05 9.531E+12 9.772E-08 6.661E-08
449 4.000 1 4.000 21.7591 9.300E+05 6.248E+12 1.489E-07 6.602E-08
1006 4.000 1 4.000 21.6639 9.275E+05 8.991E+12 1.032E-07 6.528E-08
197 2.000 1 4.000 21.9722 1.792E+06 1.272E+13 1.409E-07 6.485E-08
1121 6.000 1 4.000 21.6221 6.112E+05 5.363E+13 1.140E-08 6.425E-08
1386 6.000 1 4.000 21.5760 5.905E+05 5.207E+13 1.134E-08 6.183E-08
1231 4.000 1 4.000 21.6079 8.443E+05 2.891E+12 2.920E-07 5.910E-08
1332 2.000 1 4.000 21.5996 1.682E+06 1.513E+13 1.112E-07 5.880E-08
55 6.000 1 4.000 22.1079 5.118E+05 7.829E+11 6.538E-07 5.625E-08
571 2.000 1 4.000 21.7366 1.531E+06 6.093E+12 2.512E-07 5.420E-08
252 2.000 1 4.000 21.9276 1.392E+06 5.991E+12 2.323E-07 5.015E-08
31 4.000 1 4.000 22.3086 6.653E+05 2.299E+12 2.894E-07 4.964E-08
1108 4.000 1 4.000 21.6282 7.040E+05 6.034E+12 1.167E-07 4.938E-08
1388 4.000 1 4.000 21.5719 6.816E+05 1.471E+14 4.633E-09 4.757E-08
83 6.000 1 4.000 22.0503 4.252E+05 3.196E+12 1.330E-07 4.650E-08
213 6.000 1 4.000 21.9650 4.205E+05 5.821E+05 7.224E-01 4.563E-08
609 4.000 1 4.000 21.7307 6.243E+05 1.544E+10 4.042E-05 4.420E-08
384 4.000 1 4.000 21.8027 6.025E+05 4.281E+09 1.407E-04 4.293E-08
146 6.000 1 4.000 21.9919 3.738E+05 7.861E+12 4.756E-08 4.065E-08
312 6.000 1 4.000 21.8544 3.652E+05 3.229E+13 1.131E-08 3.923E-08
915 6.000 1 4.000 21.6875 3.447E+05 3.587E+13 9.608E-09 3.645E-08
45 8.000 1 4.000 22.1608 2.440E+05 2.146E+10 1.137E-05 3.592E-08
706 4.000 1 4.000 21.7254 4.948E+05 3.612E+12 1.370E-07 3.500E-08
1439 2.000 1 4.000 21.5577 1.002E+06 4.553E+13 2.201E-08 3.490E-08
385 2.000 1 4.000 21.8027 9.685E+05 7.423E+09 1.305E-04 3.450E-08
805 2.000 1 4.000 21.7153 9.210E+05 9.695E+08 9.500E-04 3.255E-08
383 6.000 1 4.000 21.8027 2.998E+05 3.553E+09 8.438E-05 3.205E-08
1460 4.000 1 4.000 21.5156 4.532E+05 4.078E+13 1.111E-08 3.147E-08
102 6.000 1 4.000 22.0319 2.839E+05 3.593E+11 7.900E-07 3.098E-08
1382 4.000 1 4.000 21.5821 4.269E+05 4.394E+13 9.714E-09 2.980E-08
44 6.000 1 4.000 22.1608 2.442E+05 1.982E+10 1.232E-05 2.698E-08
54 4.000 1 4.000 22.1079 3.372E+05 7.839E+11 4.301E-07 2.471E-08
709 6.000 1 4.000 21.7235 2.320E+05 4.433E+12 5.233E-08 2.463E-08
1122 2.000 1 4.000 21.6173 6.730E+05 8.096E+12 8.313E-08 2.358E-08
1458 6.000 1 4.000 21.5181 2.257E+05 1.586E+13 1.423E-08 2.351E-08
306 8.000 1 4.000 21.8679 1.634E+05 3.062E+12 5.335E-08 2.342E-08
658 6.000 1 4.000 21.7305 2.203E+05 2.395E+10 9.201E-06 2.341E-08
70 8.000 1 4.000 22.0557 1.601E+05 9.624E+09 1.664E-05 2.335E-08
372 4.000 1 4.000 21.8028 3.173E+05 6.763E+09 4.691E-05 2.261E-08
746 6.000 1 4.000 21.7154 2.100E+05 7.229E+09 2.905E-05 2.227E-08
423 4.000 1 4.000 21.7752 3.065E+05 5.256E+12 5.831E-08 2.179E-08
422 4.000 1 4.000 21.7778 3.016E+05 6.050E+12 4.985E-08 2.145E-08
770 6.000 1 4.000 21.7154 2.017E+05 7.895E+10 2.555E-06 2.138E-08
1004 4.000 1 4.000 21.6644 2.963E+05 7.580E+12 3.909E-08 2.085E-08
1485 4.000 1 4.000 21.4823 2.784E+05 2.030E+13 1.371E-08 1.926E-08
386 2.000 1 4.000 21.7958 5.361E+05 5.544E+12 9.670E-08 1.910E-08
703 4.000 1 4.000 21.7266 2.603E+05 4.215E+12 6.174E-08 1.841E-08
43 4.000 1 4.000 22.1609 2.444E+05 1.923E+10 1.271E-05 1.799E-08
305 6.000 1 4.000 21.8679 1.633E+05 2.366E+12 6.902E-08 1.756E-08
69 6.000 1 4.000 22.0557 1.602E+05 9.505E+09 1.685E-05 1.752E-08
705 2.000 1 4.000 21.7258 4.827E+05 3.351E+12 1.441E-07 1.708E-08
82 4.000 1 4.000 22.0504 2.243E+05 3.186E+12 7.039E-08 1.635E-08
1336 4.000 1 4.000 21.5952 2.281E+05 4.623E+13 4.934E-09 1.595E-08
1484 6.000 1 4.000 21.4837 1.486E+05 7.858E+12 1.891E-08 1.542E-08
1041 2.000 1 4.000 21.6458 4.371E+05 1.007E+13 4.341E-08 1.535E-08
890 2.000 1 4.000 21.7014 4.344E+05 1.166E+12 3.725E-07 1.534E-08
1516 4.000 1 4.000 21.4631 2.193E+05 1.474E+13 1.488E-08 1.514E-08
311 4.000 1 4.000 21.8545 2.103E+05 2.440E+13 8.618E-09 1.506E-08
327 4.000 1 4.000 21.8238 2.058E+05 1.153E+13 1.785E-08 1.470E-08
289 6.000 1 4.000 21.8927 1.354E+05 7.557E+12 1.791E-08 1.459E-08
115 8.000 1 4.000 22.0072 1.004E+05 5.599E+09 1.793E-05 1.458E-08
443 8.000 1 4.000 21.7626 9.815E+04 1.590E+12 6.173E-08 1.394E-08
811 4.000 1 4.000 21.7153 1.917E+05 2.297E+11 8.345E-07 1.355E-08
579 2.000 1 4.000 21.7324 3.788E+05 2.394E+12 1.583E-07 1.341E-08
101 4.000 1 4.000 22.0319 1.829E+05 3.598E+11 5.083E-07 1.331E-08
745 4.000 1 4.000 21.7154 1.866E+05 4.809E+11 3.879E-07 1.319E-08
1235 4.000 1 4.000 21.6069 1.827E+05 4.050E+12 4.512E-08 1.279E-08
957 4.000 1 4.000 21.6857 1.725E+05 3.363E+12 5.127E-08 1.216E-08
304 4.000 1 4.000 21.8680 1.633E+05 3.149E+12 5.183E-08 1.171E-08
68 4.000 1 4.000 22.0557 1.602E+05 9.773E+09 1.639E-05 1.169E-08
1342 6.000 1 4.000 21.5869 1.102E+05 4.288E+13 2.569E-09 1.155E-08
380 6.000 1 4.000 21.8027 1.076E+05 3.521E+09 3.057E-05 1.151E-08
1230 2.000 1 4.000 21.6080 3.273E+05 1.490E+12 2.197E-07 1.146E-08
1241 4.000 1 4.000 21.6054 1.622E+05 8.824E+12 1.838E-08 1.135E-08
1005 2.000 1 4.000 21.6639 3.222E+05 3.498E+12 9.211E-08 1.134E-08
382 4.000 1 4.000 21.8027 1.565E+05 2.115E+09 7.400E-05 1.115E-08
114 6.000 1 4.000 22.0072 1.005E+05 5.631E+09 1.784E-05 1.094E-08
1111 4.000 1 4.000 21.6280 1.559E+05 1.172E+13 1.330E-08 1.093E-08
1515 6.000 1 4.000 21.4641 1.042E+05 4.884E+12 2.133E-08 1.079E-08
663 4.000 1 4.000 21.7305 1.515E+05 3.172E+10 4.775E-06 1.073E-08
320 2.000 1 4.000 21.8432 2.970E+05 3.635E+12 8.171E-08 1.062E-08
442 6.000 1 4.000 21.7627 9.817E+04 1.259E+12 7.794E-08 1.046E-08
718 4.000 1 4.000 21.7219 1.472E+05 4.331E+12 3.400E-08 1.041E-08
450 2.000 1 4.000 21.7588 2.861E+05 5.154E+12 5.550E-08 1.015E-08
570 4.000 1 4.000 21.7367 1.419E+05 3.930E+12 3.609E-08 1.005E-08
1107 2.000 1 4.000 21.6282 2.775E+05 1.571E+12 1.767E-07 9.731E-09
161 8.000 1 4.000 21.9810 6.646E+04 3.458E+09 1.922E-05 9.630E-09
708 4.000 1 4.000 21.7236 1.293E+05 3.475E+12 3.722E-08 9.150E-09
302 2.000 1 4.000 21.8680 2.519E+05 6.476E+12 3.890E-08 9.030E-09
42 2.000 1 4.000 22.1609 2.445E+05 1.813E+10 1.348E-05 9.000E-09
569 6.000 1 4.000 21.7368 8.122E+04 2.059E+13 3.944E-09 8.630E-09
499 6.000 1 4.000 21.7560 7.572E+04 1.168E+09 6.482E-05 8.060E-09
1387 4.000 1 4.000 21.5759 1.143E+05 5.439E+13 2.102E-09 7.980E-09
553 6.000 1 4.000 21.7443 7.435E+04 5.078E+12 1.464E-08 7.905E-09
439 4.000 1 4.000 21.7627 1.107E+05 7.676E+12 1.442E-08 7.860E-09
871 8.000 1 4.000 21.7140 5.552E+04 1.166E+12 4.761E-08 7.850E-09
1389 2.000 1 4.000 21.5717 2.208E+05 8.879E+13 2.487E-09 7.704E-09
113 4.000 1 4.000 22.0072 1.005E+05 5.720E+09 1.757E-05 7.298E-09
160 6.000 1 4.000 21.9810 6.648E+04 3.434E+09 1.936E-05 7.225E-09
441 4.000 1 4.000 21.7627 9.813E+04 1.743E+12 5.629E-08 6.968E-09
624 6.000 1 4.000 21.7306 6.537E+04 2.728E+10 2.397E-06 6.943E-09
209 8.000 1 4.000 21.9653 4.792E+04 2.328E+09 2.059E-05 6.935E-09
363 6.000 1 4.000 21.8029 6.170E+04 6.313E+08 9.773E-05 6.598E-09
1234 2.000 1 4.000 21.6071 1.809E+05 4.016E+12 4.506E-08 6.331E-09
812 6.000 1 4.000 21.7153 5.923E+04 2.322E+11 2.551E-07 6.283E-09
1242 6.000 1 4.000 21.6052 5.832E+04 1.272E+13 4.585E-09 6.123E-09
870 6.000 1 4.000 21.7140 5.548E+04 8.568E+11 6.476E-08 5.883E-09
303 2.000 1 4.000 21.8680 1.632E+05 4.479E+12 3.644E-08 5.850E-09
67 2.000 1 4.000 22.0557 1.603E+05 9.588E+09 1.671E-05 5.845E-09
92 2.000 1 4.000 22.0362 1.597E+05 2.539E+12 6.290E-08 5.814E-09
1461 2.000 1 4.000 21.5155 1.673E+05 6.511E+13 2.570E-09 5.808E-09
524 4.000 1 4.000 21.7559 8.025E+04 2.835E+09 2.831E-05 5.695E-09
916 4.000 1 4.000 21.6872 8.008E+04 1.501E+13 5.336E-09 5.648E-09
369 4.000 1 4.000 21.8028 7.348E+04 2.156E+09 3.407E-05 5.238E-09
208 6.000 1 4.000 21.9653 4.793E+04 2.243E+09 2.137E-05 5.200E-09
421 2.000 1 4.000 21.7779 1.413E+05 2.661E+12 5.309E-08 5.024E-09
1383 2.000 1 4.000 21.5821 1.438E+05 3.629E+13 3.963E-09 5.021E-09
91 4.000 1 4.000 22.0364 6.657E+04 2.356E+12 2.826E-08 4.846E-09
159 4.000 1 4.000 21.9810 6.650E+04 3.558E+09 1.869E-05 4.818E-09
525 2.000 1 4.000 21.7559 1.307E+05 5.095E+09 2.565E-05 4.638E-09
914 8.000 1 4.000 21.6877 3.184E+04 1.421E+12 2.240E-08 4.490E-09
1118 4.000 1 4.000 21.6224 6.114E+04 4.533E+13 1.349E-09 4.286E-09
1104 6.000 1 4.000 21.6306 4.065E+04 2.705E+13 1.503E-09 4.278E-09
413 6.000 1 4.000 21.7805 3.880E+04 1.284E+13 3.022E-09 4.140E-09
368 6.000 1 4.000 21.8028 3.810E+04 1.991E+09 1.914E-05 4.073E-09
869 4.000 1 4.000 21.7140 5.545E+04 1.138E+12 4.874E-08 3.920E-09
485 6.000 1 4.000 21.7560 3.548E+04 1.695E+08 2.094E-04 3.778E-09
1229 4.000 1 4.000 21.6081 5.295E+04 2.303E+12 2.299E-08 3.705E-09
112 2.000 1 4.000 22.0072 1.005E+05 5.465E+09 1.839E-05 3.648E-09
1486 2.000 1 4.000 21.4822 1.039E+05 3.347E+13 3.104E-09 3.596E-09
440 2.000 1 4.000 21.7627 9.800E+04 2.189E+12 4.478E-08 3.478E-09
207 4.000 1 4.000 21.9653 4.793E+04 2.423E+09 1.978E-05 3.468E-09
913 6.000 1 4.000 21.6877 3.207E+04 9.533E+11 3.364E-08 3.393E-09
505 4.000 1 4.000 21.7560 4.633E+04 1.315E+09 3.523E-05 3.288E-09
999 4.000 1 4.000 21.6703 4.532E+04 1.111E+13 4.079E-09 3.192E-09
972 8.000 1 4.000 21.6721 2.075E+04 3.951E+11 5.252E-08 2.923E-09
1517 2.000 1 4.000 21.4630 8.278E+04 2.508E+13 3.301E-09 2.859E-09
371 2.000 1 4.000 21.8028 7.960E+04 3.023E+09 2.633E-05 2.838E-09
523 6.000 1 4.000 21.7559 2.355E+04 1.711E+09 1.377E-05 2.505E-09
158 2.000 1 4.000 21.9810 6.650E+04 3.463E+09 1.920E-05 2.409E-09
562 4.000 1 4.000 21.7424 3.353E+04 1.853E+12 1.809E-08 2.377E-09
912 4.000 1 4.000 21.6877 3.223E+04 1.171E+12 2.751E-08 2.272E-09
1457 4.000 1 4.000 21.5181 3.175E+04 2.648E+13 1.199E-09 2.204E-09
971 6.000 1 4.000 21.6721 2.072E+04 3.022E+11 6.855E-08 2.189E-09
552 4.000 1 4.000 21.7443 3.053E+04 4.290E+12 7.115E-09 2.163E-09
219 6.000 1 4.000 21.9650 1.925E+04 1.532E+06 1.256E-02 2.089E-09
195 6.000 1 4.000 21.9736 1.913E+04 1.166E+11 1.641E-07 2.077E-09
717 2.000 1 4.000 21.7219 5.794E+04 2.457E+12 2.358E-08 2.049E-09
310 2.000 1 4.000 21.8545 5.605E+04 8.858E+12 6.328E-09 2.007E-09
868 2.000 1 4.000 21.7140 5.540E+04 1.580E+12 3.506E-08 1.959E-09
81 2.000 1 4.000 22.0505 5.285E+04 3.174E+12 1.665E-08 1.927E-09
795 6.000 1 4.000 21.7153 1.780E+04 3.062E+06 5.813E-03 1.888E-09
821 2.000 1 4.000 21.7152 5.105E+04 2.948E+08 1.731E-04 1.805E-09
33 8.000 1 4.000 22.3084 1.192E+04 2.291E+12 5.204E-09 1.779E-09
704 6.000 1 4.000 21.7263 1.667E+04 9.601E+12 1.736E-09 1.770E-09
958 2.000 1 4.000 21.6856 4.969E+04 2.033E+12 2.444E-08 1.752E-09
206 2.000 1 4.000 21.9653 4.793E+04 2.329E+09 2.058E-05 1.734E-09
1379 6.000 1 4.000 21.5856 1.601E+04 2.095E+12 7.643E-09 1.677E-09
1483 4.000 1 4.000 21.4837 2.142E+04 1.490E+13 1.437E-09 1.482E-09
970 4.000 1 4.000 21.6721 2.071E+04 4.109E+11 5.040E-08 1.458E-09
1338 4.000 1 4.000 21.5939 1.978E+04 3.752E+13 5.270E-10 1.383E-09
707 2.000 1 4.000 21.7236 3.247E+04 1.292E+12 2.512E-08 1.149E-09
1106 4.000 1 4.000 21.6284 1.631E+04 4.851E+12 3.363E-09 1.144E-09
911 2.000 1 4.000 21.6878 3.231E+04 1.520E+12 2.125E-08 1.139E-09
1000 2.000 1 4.000 21.6701 3.212E+04 7.399E+12 4.340E-09 1.130E-09
1033 4.000 1 4.000 21.6566 1.544E+04 3.652E+13 4.227E-10 1.085E-09
1437 4.000 1 4.000 21.5706 1.502E+04 5.019E+11 2.992E-08 1.048E-09
1514 4.000 1 4.000 21.4641 1.512E+04 8.489E+12 1.781E-09 1.045E-09
517 6.000 1 4.000 21.7559 9.707E+03 1.894E+09 5.124E-06 1.033E-09
822 4.000 1 4.000 21.7152 1.414E+04 4.895E+06 2.888E-03 9.993E-10
194 4.000 1 4.000 21.9736 1.349E+04 1.168E+11 1.155E-07 9.770E-10
1462 2.000 1 4.000 21.5099 2.684E+04 1.873E+14 1.433E-10 9.308E-10
412 4.000 1 4.000 21.7805 1.297E+04 1.033E+13 1.255E-09 9.223E-10
87 6.000 1 4.000 22.0457 8.325E+03 7.005E+12 1.188E-09 9.098E-10
495 6.000 1 4.000 21.7560 8.313E+03 2.193E+09 3.791E-06 8.848E-10
712 6.000 1 4.000 21.7235 8.313E+03 5.502E+11 1.511E-08 8.823E-10
1341 4.000 1 4.000 21.5869 1.208E+04 4.491E+13 2.689E-10 8.438E-10
318 6.000 1 4.000 21.8493 7.840E+03 2.750E+12 2.851E-09 8.418E-10
498 4.000 1 4.000 21.7560 1.064E+04 1.777E+09 5.989E-06 7.553E-10
969 2.000 1 4.000 21.6721 2.070E+04 5.645E+11 3.666E-08 7.288E-10
693 2.000 1 4.000 21.7305 1.962E+04 2.868E+10 6.842E-07 6.946E-10
1112 2.000 1 4.000 21.6279 1.759E+04 1.093E+13 1.610E-09 6.168E-10
362 4.000 1 4.000 21.8029 8.155E+03 1.057E+09 7.717E-06 5.813E-10
500 2.000 1 4.000 21.7560 1.624E+04 9.361E+08 1.734E-05 5.760E-10
56 8.000 1 4.000 22.1079 3.900E+03 7.814E+11 4.991E-09 5.715E-10
631 4.000 1 4.000 21.7306 8.053E+03 1.904E+10 4.229E-07 5.702E-10
520 4.000 1 4.000 21.7559 6.578E+03 9.434E+08 6.972E-06 4.668E-10
1350 4.000 1 4.000 21.5857 5.684E+03 2.140E+11 2.657E-08 3.972E-10
484 4.000 1 4.000 21.7560 5.498E+03 6.753E+08 8.141E-06 3.900E-10
1337 2.000 1 4.000 21.5939 1.080E+04 3.443E+13 3.137E-10 3.776E-10
1032 4.000 1 4.000 21.6569 5.158E+03 1.842E+11 2.800E-08 3.627E-10
270 8.000 1 4.000 21.9108 2.429E+03 1.002E+13 2.425E-10 3.498E-10
1117 4.000 1 4.000 21.6229 4.646E+03 2.326E+13 1.997E-10 3.259E-10
1105 4.000 1 4.000 21.6305 4.140E+03 2.298E+13 1.801E-10 2.903E-10
823 6.000 1 4.000 21.7152 2.600E+03 1.927E+06 1.350E-03 2.758E-10
419 6.000 1 4.000 21.7780 2.558E+03 1.332E+12 1.921E-09 2.730E-10
561 2.000 1 4.000 21.7425 7.635E+03 1.248E+12 6.116E-09 2.708E-10
315 6.000 1 4.000 21.8533 2.493E+03 2.432E+12 1.025E-09 2.678E-10
271 6.000 1 4.000 21.9108 2.410E+03 2.690E+12 8.958E-10 2.603E-10
1029 4.000 1 4.000 21.6570 3.693E+03 1.354E+12 2.728E-09 2.598E-10
103 8.000 1 4.000 22.0318 1.765E+03 3.585E+11 4.923E-09 2.568E-10
1438 2.000 1 4.000 21.5706 7.112E+03 6.397E+11 1.112E-08 2.481E-10
908 8.000 1 4.000 21.6889 1.624E+03 4.668E+12 3.479E-10 2.291E-10
86 4.000 1 4.000 22.0457 3.070E+03 7.007E+12 4.381E-10 2.238E-10
1116 2.000 1 4.000 21.6231 6.157E+03 2.943E+13 2.092E-10 2.158E-10
551 2.000 1 4.000 21.7444 5.805E+03 1.561E+12 3.718E-09 2.058E-10
559 6.000 1 4.000 21.7428 1.875E+03 7.140E+11 2.626E-09 1.993E-10
272 4.000 1 4.000 21.9108 2.415E+03 3.638E+12 6.638E-10 1.738E-10
907 6.000 1 4.000 21.6889 1.339E+03 3.108E+12 4.309E-10 1.417E-10
145 8.000 1 4.000 21.9946 9.412E+02 1.938E+11 4.856E-09 1.366E-10
955 6.000 1 4.000 21.6863 1.258E+03 4.744E+10 2.652E-08 1.331E-10
1518 2.000 1 4.000 21.4607 3.771E+03 1.107E+14 3.408E-11 1.302E-10
144 6.000 1 4.000 21.9946 1.190E+03 1.941E+11 6.130E-09 1.295E-10
1378 4.000 1 4.000 21.5856 1.827E+03 3.511E+12 5.204E-10 1.276E-10
928 6.000 1 4.000 21.6864 9.273E+02 1.443E+11 6.426E-09 9.808E-11
710 4.000 1 4.000 21.7235 1.241E+03 4.032E+11 3.079E-09 8.783E-11
273 2.000 1 4.000 21.9108 2.428E+03 4.380E+12 5.542E-10 8.735E-11
906 4.000 1 4.000 21.6890 1.175E+03 3.064E+12 3.835E-10 8.288E-11
736 8.000 1 4.000 21.7160 5.748E+02 9.624E+11 5.972E-10 8.127E-11
196 8.000 1 4.000 21.9736 5.539E+02 1.164E+11 4.758E-09 8.017E-11
715 6.000 1 4.000 21.7228 7.442E+02 4.636E+11 1.605E-09 7.898E-11
888 6.000 1 4.000 21.7055 7.342E+02 2.554E+12 2.874E-10 7.778E-11
411 2.000 1 4.000 21.7806 1.963E+03 3.870E+12 5.072E-10 6.980E-11
314 4.000 1 4.000 21.8534 9.395E+02 2.390E+12 3.931E-10 6.728E-11
1351 2.000 1 4.000 21.5857 1.881E+03 1.817E+11 1.035E-08 6.573E-11
1031 2.000 1 4.000 21.6569 1.741E+03 2.472E+10 7.042E-08 6.122E-11
416 6.000 1 4.000 21.7800 5.485E+02 1.129E+12 4.860E-10 5.853E-11
735 6.000 1 4.000 21.7160 5.490E+02 3.207E+11 1.712E-09 5.823E-11
956 4.000 1 4.000 21.6863 7.170E+02 8.115E+10 8.835E-09 5.055E-11
669 6.000 1 4.000 21.7305 3.847E+02 1.378E+04 2.792E-02 4.085E-11
470 8.000 1 4.000 21.7577 2.852E+02 3.552E+12 8.031E-11 4.050E-11
733 4.000 1 4.000 21.7161 5.483E+02 4.497E+11 1.219E-09 3.878E-11
905 2.000 1 4.000 21.6890 1.085E+03 2.818E+12 3.848E-10 3.825E-11
1030 6.000 1 4.000 21.6570 3.375E+02 4.516E+11 7.474E-10 3.560E-11
920 6.000 1 4.000 21.6865 3.172E+02 1.990E+11 1.594E-09 3.355E-11
348 8.000 1 4.000 21.8061 2.299E+02 6.955E+12 3.305E-11 3.277E-11
469 6.000 1 4.000 21.7577 2.980E+02 1.051E+12 2.836E-10 3.173E-11
49 8.000 1 4.000 22.1514 2.000E+02 4.798E+12 4.169E-11 2.942E-11
668 6.000 1 4.000 21.7305 2.587E+02 2.754E+04 9.393E-03 2.748E-11
402 8.000 1 4.000 21.7913 1.805E+02 6.358E+12 2.839E-11 2.570E-11
347 6.000 1 4.000 21.8062 2.143E+02 2.023E+12 1.059E-10 2.292E-11
468 4.000 1 4.000 21.7578 3.055E+02 1.494E+12 2.045E-10 2.168E-11
93 6.000 1 4.000 22.0340 1.963E+02 8.135E+12 2.414E-11 2.144E-11
1034 6.000 1 4.000 21.6562 2.032E+02 4.077E+13 4.983E-12 2.143E-11
406 8.000 1 4.000 21.7911 1.422E+02 4.795E+12 2.966E-11 2.025E-11
405 6.000 1 4.000 21.7912 1.832E+02 4.188E+12 4.374E-11 1.956E-11
48 6.000 1 4.000 22.1514 1.767E+02 4.744E+12 3.724E-11 1.949E-11
732 2.000 1 4.000 21.7161 5.335E+02 4.927E+11 1.083E-09 1.886E-11
415 4.000 1 4.000 21.7800 2.177E+02 1.100E+12 1.979E-10 1.548E-11
433 8.000 1 4.000 21.7640 1.089E+02 2.625E+11 4.147E-10 1.546E-11
346 4.000 1 4.000 21.8062 2.084E+02 2.281E+12 9.136E-11 1.486E-11
212 4.000 1 4.000 21.9650 2.022E+02 1.617E+05 1.250E-03 1.463E-11
357 6.000 1 4.000 21.8029 1.337E+02 4.503E+08 2.969E-07 1.429E-11
47 4.000 1 4.000 22.1515 1.602E+02 4.744E+12 3.376E-11 1.178E-11
404 4.000 1 4.000 21.7913 1.619E+02 5.369E+12 3.016E-11 1.153E-11
467 2.000 1 4.000 21.7578 3.094E+02 1.766E+12 1.752E-10 1.098E-11
480 6.000 1 4.000 21.7561 9.818E+01 4.151E+08 2.365E-07 1.045E-11
667 4.000 1 4.000 21.7305 1.363E+02 1.003E+06 1.359E-04 9.648E-12
951 6.000 1 4.000 21.6863 9.043E+01 1.075E+10 8.415E-09 9.565E-12
147 4.000 1 4.000 21.9917 1.144E+02 7.928E+12 1.443E-11 8.297E-12
926 4.000 1 4.000 21.6864 1.160E+02 8.203E+10 1.414E-09 8.179E-12
345 2.000 1 4.000 21.8062 2.031E+02 2.539E+12 7.999E-11 7.240E-12
29 6.000 1 4.000 22.4206 5.675E+01 4.024E+12 1.410E-11 6.415E-12
444 2.000 1 4.000 21.7626 1.786E+02 7.867E+12 2.270E-11 6.343E-12
556 6.000 1 4.000 21.7439 5.262E+01 6.232E+11 8.443E-11 5.595E-12
46 2.000 1 4.000 22.1515 1.504E+02 4.745E+12 3.170E-11 5.533E-12
925 6.000 1 4.000 21.6864 4.597E+01 1.001E+11 4.591E-10 4.863E-12
403 2.000 1 4.000 21.7913 1.340E+02 4.669E+12 2.870E-11 4.770E-12
522 2.000 1 4.000 21.7559 1.230E+02 3.327E+08 3.697E-07 4.365E-12
220 4.000 1 4.000 21.9650 5.860E+01 1.510E+06 3.881E-05 4.240E-12
391 8.000 1 4.000 21.7955 2.860E+01 1.118E+12 2.559E-11 4.075E-12
143 4.000 1 4.000 21.9946 5.488E+01 1.944E+11 2.823E-10 3.981E-12
594 8.000 1 4.000 21.7316 2.784E+01 1.858E+12 1.498E-11 3.943E-12
401 6.000 1 4.000 21.7914 3.658E+01 3.754E+12 9.744E-12 3.905E-12
436 6.000 1 4.000 21.7639 3.328E+01 1.500E+11 2.219E-10 3.545E-12
445 4.000 1 4.000 21.7625 4.848E+01 5.164E+12 9.387E-12 3.443E-12
1384 6.000 1 4.000 21.5784 3.215E+01 5.606E+12 5.735E-12 3.365E-12
555 4.000 1 4.000 21.7439 4.725E+01 5.987E+11 7.892E-11 3.350E-12
1218 4.000 1 4.000 21.6107 4.475E+01 5.767E+09 7.760E-09 3.133E-12
593 6.000 1 4.000 21.7317 2.662E+01 5.945E+11 4.477E-11 2.828E-12
910 8.000 1 4.000 21.6886 1.990E+01 1.013E+12 1.965E-11 2.807E-12
57 4.000 1 4.000 22.1041 3.483E+01 4.215E+12 8.262E-12 2.553E-12
909 6.000 1 4.000 21.6887 2.222E+01 6.861E+11 3.238E-11 2.350E-12
1215 6.000 1 4.000 21.6107 2.080E+01 4.497E+09 4.626E-09 2.184E-12
1406 6.000 1 4.000 21.5706 2.045E+01 7.941E+09 2.575E-09 2.139E-12
390 6.000 1 4.000 21.7955 1.848E+01 1.435E+12 1.288E-11 1.974E-12
724 8.000 1 4.000 21.7163 1.374E+01 5.038E+11 2.727E-11 1.943E-12
61 2.000 1 4.000 22.0787 5.230E+01 6.551E+12 7.984E-12 1.911E-12
592 4.000 1 4.000 21.7317 2.693E+01 7.841E+11 3.434E-11 1.907E-12
1454 6.000 1 4.000 21.5421 1.792E+01 3.131E+11 5.723E-11 1.871E-12
50 6.000 1 4.000 22.1433 1.608E+01 1.228E+12 1.309E-11 1.773E-12
898 8.000 1 4.000 21.6904 1.170E+01 6.225E+11 1.880E-11 1.651E-12
395 8.000 1 4.000 21.7943 1.140E+01 2.246E+12 5.073E-12 1.623E-12
397 6.000 1 4.000 21.7934 1.500E+01 9.120E+11 1.644E-11 1.602E-12
934 6.000 1 4.000 21.6864 1.489E+01 1.196E+09 1.246E-08 1.575E-12
741 6.000 1 4.000 21.7157 1.436E+01 1.077E+11 1.333E-10 1.523E-12
1068 6.000 1 4.000 21.6401 1.362E+01 3.613E+11 3.771E-11 1.435E-12
30 4.000 1 4.000 22.3739 1.826E+01 1.177E+13 1.551E-12 1.370E-12
723 6.000 1 4.000 21.7163 1.285E+01 5.201E+11 2.471E-11 1.363E-12
381 2.000 1 4.000 21.8027 3.677E+01 7.184E+08 5.118E-08 1.310E-12
1038 8.000 1 4.000 21.6478 8.764E+00 5.388E+12 1.627E-12 1.231E-12
824 6.000 1 4.000 21.7152 1.158E+01 3.511E+05 3.300E-05 1.228E-12
211 2.000 1 4.000 21.9650 3.378E+01 1.617E+05 2.088E-04 1.222E-12
1084 6.000 1 4.000 21.6400 1.139E+01 7.144E+11 1.594E-11 1.200E-12
393 6.000 1 4.000 21.7943 1.102E+01 3.833E+12 2.875E-12 1.177E-12
897 6.000 1 4.000 21.6904 1.103E+01 1.047E+12 1.053E-11 1.167E-12
591 2.000 1 4.000 21.7317 2.755E+01 9.349E+11 2.946E-11 9.753E-13
1135 8.000 1 4.000 21.6158 6.719E+00 3.553E+12 1.891E-12 9.413E-13
389 4.000 1 4.000 21.7956 1.271E+01 1.537E+12 8.269E-12 9.050E-13
453 8.000 1 4.000 21.7583 5.805E+00 1.567E+12 3.706E-12 8.240E-13
727 8.000 1 4.000 21.7162 5.714E+00 1.457E+11 3.921E-11 8.080E-13
409 2.000 1 4.000 21.7871 2.219E+01 1.359E+12 1.633E-11 7.893E-13
410 4.000 1 4.000 21.7869 1.102E+01 1.828E+12 6.028E-12 7.840E-13
261 8.000 1 4.000 21.9134 5.351E+00 4.439E+12 1.205E-12 7.705E-13
322 4.000 1 4.000 21.8418 1.072E+01 4.585E+12 2.339E-12 7.668E-13
879 6.000 1 4.000 21.7116 7.058E+00 1.630E+08 4.331E-08 7.483E-13
85 6.000 1 4.000 22.0475 6.722E+00 5.308E+11 1.266E-11 7.348E-13
1056 8.000 1 4.000 21.6414 5.194E+00 5.975E+12 8.692E-13 7.295E-13
730 2.000 1 4.000 21.7161 1.964E+01 2.492E+11 7.879E-11 6.940E-13
645 6.000 1 4.000 21.7306 6.532E+00 4.551E+04 1.435E-04 6.938E-13
326 2.000 1 4.000 21.8347 1.881E+01 2.187E+12 8.600E-12 6.723E-13
949 4.000 1 4.000 21.6863 9.328E+00 4.311E+10 2.164E-10 6.576E-13
1255 8.000 1 4.000 21.6003 4.661E+00 2.458E+12 1.896E-12 6.522E-13
1058 8.000 1 4.000 21.6410 4.537E+00 1.640E+12 2.766E-12 6.373E-13
904 6.000 1 4.000 21.6893 5.987E+00 1.489E+12 4.021E-12 6.335E-13
1149 6.000 1 4.000 21.6150 5.913E+00 2.276E+11 2.598E-11 6.213E-13
740 4.000 1 4.000 21.7157 8.785E+00 1.832E+11 4.796E-11 6.210E-13
452 6.000 1 4.000 21.7584 5.817E+00 1.635E+12 3.557E-12 6.193E-13
408 6.000 1 4.000 21.7899 5.747E+00 2.176E+12 2.640E-12 6.138E-13
1217 2.000 1 4.000 21.6107 1.746E+01 8.519E+09 2.049E-09 6.111E-13
1170 6.000 1 4.000 21.6149 5.798E+00 4.335E+11 1.338E-11 6.093E-13
903 4.000 1 4.000 21.6894 8.528E+00 4.000E+11 2.132E-11 6.015E-13
51 4.000 1 4.000 22.1296 8.075E+00 4.189E+12 1.927E-12 5.930E-13
294 8.000 1 4.000 21.8872 4.006E+00 1.497E+12 2.676E-12 5.755E-13
1046 8.000 1 4.000 21.6423 4.053E+00 3.792E+12 1.069E-12 5.693E-13
1443 8.000 1 4.000 21.5455 4.049E+00 5.906E+12 6.856E-13 5.635E-13
396 4.000 1 4.000 21.7936 7.310E+00 8.416E+11 8.686E-12 5.205E-13
1052 6.000 1 4.000 21.6416 4.600E+00 6.214E+12 7.403E-13 4.845E-13
722 4.000 1 4.000 21.7163 6.293E+00 3.141E+11 2.003E-11 4.448E-13
1059 6.000 1 4.000 21.6402 4.133E+00 2.119E+11 1.951E-11 4.353E-13
260 6.000 1 4.000 21.9135 4.025E+00 4.829E+12 8.335E-13 4.348E-13
1083 4.000 1 4.000 21.6400 6.135E+00 8.954E+11 6.852E-12 4.308E-13
737 4.000 1 4.000 21.7158 5.990E+00 4.612E+10 1.299E-10 4.235E-13
392 4.000 1 4.000 21.7944 5.865E+00 3.801E+12 1.543E-12 4.178E-13
1125 8.000 1 4.000 21.6163 2.947E+00 2.151E+12 1.371E-12 4.130E-13
896 4.000 1 4.000 21.6905 5.630E+00 1.111E+12 5.068E-12 3.973E-13
349 6.000 1 4.000 21.8055 3.703E+00 6.610E+11 5.603E-12 3.960E-13
738 2.000 1 4.000 21.7158 1.113E+01 4.240E+10 2.625E-10 3.935E-13
434 6.000 1 4.000 21.7640 3.512E+00 1.586E+11 2.214E-11 3.740E-13
435 4.000 1 4.000 21.7639 5.193E+00 1.460E+11 3.558E-11 3.688E-13
138 6.000 1 4.000 22.0029 3.387E+00 2.766E+11 1.225E-11 3.688E-13
1445 6.000 1 4.000 21.5448 3.398E+00 7.336E+12 4.632E-13 3.548E-13
1040 2.000 1 4.000 21.6460 1.008E+01 4.511E+12 2.233E-12 3.540E-13
1102 6.000 1 4.000 21.6338 3.343E+00 1.783E+13 1.875E-13 3.518E-13
1039 4.000 1 4.000 21.6461 4.983E+00 2.225E+12 2.240E-12 3.500E-13
388 2.000 1 4.000 21.7956 9.735E+00 1.430E+12 6.808E-12 3.468E-13
1137 8.000 1 4.000 21.6156 2.466E+00 1.024E+12 2.409E-12 3.455E-13
1045 6.000 1 4.000 21.6423 3.250E+00 2.320E+12 1.401E-12 3.423E-13
1048 6.000 1 4.000 21.6421 3.223E+00 5.091E+12 6.332E-13 3.395E-13
1463 8.000 1 4.000 21.4983 2.449E+00 6.126E+12 3.998E-13 3.395E-13
344 2.000 1 4.000 21.8063 9.330E+00 1.462E+12 6.382E-12 3.325E-13
547 4.000 1 4.000 21.7503 4.683E+00 1.904E+12 2.459E-12 3.320E-13
550 2.000 1 4.000 21.7472 9.065E+00 1.022E+12 8.868E-12 3.215E-13
1245 8.000 1 4.000 21.6007 2.241E+00 1.337E+12 1.677E-12 3.135E-13
1216 4.000 1 4.000 21.6107 4.275E+00 5.867E+09 7.287E-10 2.993E-13
1042 6.000 1 4.000 21.6454 2.797E+00 4.783E+12 5.847E-13 2.948E-13
399 4.000 1 4.000 21.7934 3.780E+00 2.101E+12 1.799E-12 2.693E-13
1474 6.000 1 4.000 21.4964 2.528E+00 7.825E+11 3.231E-12 2.628E-13
308 6.000 1 4.000 21.8614 2.436E+00 4.798E+11 5.077E-12 2.618E-13
1257 8.000 1 4.000 21.6002 1.849E+00 5.830E+11 3.171E-12 2.585E-13
343 4.000 1 4.000 21.8063 3.530E+00 5.747E+11 6.142E-12 2.518E-13
900 6.000 1 4.000 21.6899 2.305E+00 1.728E+12 1.334E-12 2.439E-13
90 4.000 1 4.000 22.0414 3.290E+00 2.006E+12 1.640E-12 2.397E-13
1051 4.000 1 4.000 21.6417 3.328E+00 6.344E+12 5.245E-13 2.336E-13
1127 6.000 1 4.000 21.6162 2.207E+00 2.817E+12 7.832E-13 2.318E-13
293 6.000 1 4.000 21.8873 2.125E+00 2.736E+12 7.768E-13 2.290E-13
407 4.000 1 4.000 21.7901 3.200E+00 1.437E+12 2.227E-12 2.278E-13
1124 6.000 1 4.000 21.6163 2.128E+00 1.254E+12 1.697E-12 2.236E-13
1134 6.000 1 4.000 21.6158 2.110E+00 2.263E+12 9.322E-13 2.217E-13
352 6.000 1 4.000 21.8050 2.063E+00 3.021E+12 6.831E-13 2.207E-13
1465 6.000 1 4.000 21.4979 2.050E+00 6.769E+12 3.029E-13 2.131E-13
451 4.000 1 4.000 21.7584 2.965E+00 9.889E+11 2.998E-12 2.104E-13
1488 8.000 1 4.000 21.4728 1.514E+00 3.611E+12 4.192E-13 2.093E-13
1037 6.000 1 4.000 21.6478 1.950E+00 3.409E+12 5.720E-13 2.056E-13
192 6.000 1 4.000 21.9784 1.888E+00 1.621E+11 1.165E-11 2.051E-13
725 6.000 1 4.000 21.7162 1.913E+00 4.650E+10 4.115E-11 2.029E-13
1453 4.000 1 4.000 21.5421 2.883E+00 3.101E+11 9.295E-12 2.006E-13
1268 6.000 1 4.000 21.5999 1.873E+00 1.709E+11 1.096E-11 1.966E-13
1254 6.000 1 4.000 21.6004 1.828E+00 1.486E+12 1.230E-12 1.918E-13
887 2.000 1 4.000 21.7058 5.235E+00 5.369E+11 9.751E-12 1.849E-13
1138 6.000 1 4.000 21.6151 1.750E+00 1.286E+11 1.361E-11 1.838E-13
1192 4.000 1 4.000 21.6148 2.580E+00 4.251E+12 6.068E-13 1.808E-13
118 6.000 1 4.000 22.0066 1.658E+00 3.105E+05 5.339E-06 1.806E-13
1131 6.000 1 4.000 21.6160 1.715E+00 3.450E+12 4.971E-13 1.801E-13
1294 6.000 1 4.000 21.5998 1.707E+00 3.431E+11 4.974E-12 1.792E-13
1405 4.000 1 4.000 21.5706 2.506E+00 1.513E+10 1.656E-10 1.748E-13
886 4.000 1 4.000 21.7074 2.451E+00 9.740E+11 2.516E-12 1.731E-13
1166 6.000 1 4.000 21.6149 1.610E+00 4.928E+11 3.268E-12 1.692E-13
1193 2.000 1 4.000 21.6148 4.730E+00 4.613E+12 1.025E-12 1.657E-13
1049 4.000 1 4.000 21.6420 2.315E+00 2.253E+12 1.027E-12 1.626E-13
274 4.000 1 4.000 21.9086 2.218E+00 2.782E+11 7.970E-12 1.596E-13
1246 6.000 1 4.000 21.6006 1.509E+00 1.881E+12 8.024E-13 1.584E-13
1330 4.000 1 4.000 21.5997 2.242E+00 3.270E+12 6.856E-13 1.568E-13
1292 4.000 1 4.000 21.5998 2.227E+00 3.527E+11 6.314E-12 1.558E-13
1446 4.000 1 4.000 21.5447 2.198E+00 9.660E+12 2.276E-13 1.530E-13
117 4.000 1 4.000 22.0066 2.103E+00 3.106E+05 6.772E-06 1.527E-13
139 4.000 1 4.000 21.9996 2.074E+00 1.133E+12 1.830E-12 1.505E-13
1057 6.000 1 4.000 21.6411 1.363E+00 2.073E+12 6.575E-13 1.436E-13
350 4.000 1 4.000 21.8054 1.979E+00 7.566E+11 2.615E-12 1.411E-13
1331 2.000 1 4.000 21.5997 3.958E+00 3.621E+12 1.093E-12 1.384E-13
1244 6.000 1 4.000 21.6007 1.287E+00 7.223E+11 1.782E-12 1.351E-13
1519 8.000 1 4.000 21.4574 9.764E-01 2.294E+12 4.256E-13 1.348E-13
1490 6.000 1 4.000 21.4725 1.287E+00 3.997E+12 3.220E-13 1.335E-13
1487 2.000 1 4.000 21.4794 3.848E+00 1.076E+14 3.577E-14 1.331E-13
901 4.000 1 4.000 21.6899 1.884E+00 1.038E+12 1.815E-12 1.329E-13
929 6.000 1 4.000 21.6864 1.219E+00 5.938E+08 2.053E-09 1.290E-13
1043 4.000 1 4.000 21.6453 1.805E+00 6.738E+12 2.678E-13 1.268E-13
960 2.000 1 4.000 21.6829 3.581E+00 3.426E+11 1.045E-11 1.262E-13
1035 6.000 1 4.000 21.6489 1.183E+00 2.992E+12 3.954E-13 1.247E-13
1448 2.000 1 4.000 21.5443 3.508E+00 9.686E+12 3.621E-13 1.220E-13
259 4.000 1 4.000 21.9135 1.663E+00 2.779E+12 5.984E-13 1.197E-13
1044 4.000 1 4.000 21.6424 1.696E+00 1.221E+12 1.389E-12 1.191E-13
1447 4.000 1 4.000 21.5443 1.707E+00 9.030E+12 1.890E-13 1.188E-13
1096 4.000 1 4.000 21.6392 1.686E+00 7.316E+12 2.304E-13 1.184E-13
193 4.000 1 4.000 21.9763 1.595E+00 8.033E+11 1.986E-12 1.155E-13
1095 2.000 1 4.000 21.6393 3.196E+00 9.783E+12 3.266E-13 1.122E-13
1128 4.000 1 4.000 21.6161 1.564E+00 1.310E+12 1.194E-12 1.095E-13
307 4.000 1 4.000 21.8614 1.498E+00 3.122E+11 4.800E-12 1.074E-13
739 2.000 1 4.000 21.7157 2.889E+00 1.753E+11 1.647E-11 1.021E-13
959 4.000 1 4.000 21.6839 1.436E+00 5.648E+11 2.543E-12 1.013E-13
1130 4.000 1 4.000 21.6160 1.370E+00 3.495E+12 3.920E-13 9.595E-14
1466 4.000 1 4.000 21.4979 1.334E+00 7.957E+12 1.676E-13 9.240E-14
810 8.000 1 4.000 21.7153 6.396E-01 1.088E+12 5.879E-13 9.045E-14
922 4.000 1 4.000 21.6865 1.270E+00 9.620E+11 1.320E-12 8.953E-14
919 2.000 1 4.000 21.6865 2.533E+00 5.269E+11 4.807E-12 8.930E-14
873 6.000 1 4.000 21.7120 8.410E-01 1.570E+11 5.356E-12 8.916E-14
78 6.000 1 4.000 22.0545 8.125E-01 3.412E+06 2.382E-07 8.888E-14
276 6.000 1 4.000 21.9075 8.232E-01 4.887E+11 1.684E-12 8.885E-14
1521 6.000 1 4.000 21.4573 8.540E-01 2.543E+12 3.358E-13 8.843E-14
1444 6.000 1 4.000 21.5455 8.467E-01 6.634E+12 1.276E-13 8.838E-14
1171 4.000 1 4.000 21.6149 1.214E+00 5.617E+11 2.161E-12 8.505E-14
1123 4.000 1 4.000 21.6164 1.190E+00 5.519E+11 2.156E-12 8.338E-14
292 4.000 1 4.000 21.8873 1.155E+00 1.880E+12 6.143E-13 8.295E-14
1011 8.000 1 4.000 21.6603 5.849E-01 7.198E+12 8.126E-14 8.227E-14
1468 2.000 1 4.000 21.4977 2.316E+00 6.275E+12 3.691E-13 8.025E-14
275 2.000 1 4.000 21.9085 2.225E+00 3.053E+11 7.286E-12 8.005E-14
1055 6.000 1 4.000 21.6414 7.592E-01 3.584E+12 2.118E-13 7.995E-14
1256 6.000 1 4.000 21.6003 7.593E-01 1.341E+12 5.661E-13 7.968E-14
1136 6.000 1 4.000 21.6157 7.478E-01 1.688E+12 4.430E-13 7.858E-14
1467 4.000 1 4.000 21.4977 1.121E+00 9.762E+12 1.148E-13 7.768E-14
1066 4.000 1 4.000 21.6401 1.084E+00 3.846E+11 2.818E-12 7.608E-14
948 2.000 1 4.000 21.6863 2.110E+00 7.643E+10 2.760E-11 7.437E-14
353 4.000 1 4.000 21.8050 1.025E+00 8.991E+11 1.140E-12 7.308E-14
1251 6.000 1 4.000 21.6004 6.922E-01 2.203E+12 3.142E-13 7.263E-14
1248 4.000 1 4.000 21.6006 1.026E+00 9.639E+11 1.064E-12 7.173E-14
1497 6.000 1 4.000 21.4716 6.918E-01 4.852E+11 1.426E-12 7.173E-14
930 4.000 1 4.000 21.6864 1.013E+00 5.968E+08 1.698E-09 7.143E-14
471 6.000 1 4.000 21.7577 6.521E-01 1.975E+11 3.301E-12 6.943E-14
462 8.000 1 4.000 21.7582 4.144E-01 8.730E+10 4.747E-12 5.883E-14
1491 4.000 1 4.000 21.4725 8.385E-01 4.751E+12 1.765E-13 5.798E-14
1269 4.000 1 4.000 21.5999 7.983E-01 1.641E+11 4.865E-12 5.585E-14
1250 4.000 1 4.000 21.6005 7.708E-01 2.807E+12 2.745E-13 5.393E-14
582 8.000 1 4.000 21.7321 3.806E-01 8.581E+11 4.435E-13 5.390E-14
1243 4.000 1 4.000 21.6008 7.698E-01 4.217E+11 1.825E-12 5.385E-14
742 4.000 1 4.000 21.7156 7.583E-01 1.426E+11 5.316E-12 5.360E-14
1464 6.000 1 4.000 21.4983 5.108E-01 4.253E+12 1.201E-13 5.310E-14
398 2.000 1 4.000 21.7934 1.475E+00 9.709E+11 1.519E-12 5.250E-14
1053 2.000 1 4.000 21.6415 1.489E+00 4.866E+12 3.060E-13 5.228E-14
1493 2.000 1 4.000 21.4724 1.505E+00 3.715E+12 4.049E-13 5.200E-14
1036 4.000 1 4.000 21.6489 7.255E-01 3.107E+12 2.335E-13 5.098E-14
1492 4.000 1 4.000 21.4724 7.275E-01 5.748E+12 1.266E-13 5.030E-14
1164 4.000 1 4.000 21.6149 6.528E-01 5.228E+11 1.248E-12 4.573E-14
1522 4.000 1 4.000 21.4573 5.575E-01 3.041E+12 1.833E-13 3.848E-14
872 4.000 1 4.000 21.7120 5.402E-01 1.514E+11 3.568E-12 3.819E-14
255 8.000 1 4.000 21.9275 2.526E-01 5.897E+12 4.284E-14 3.643E-14
400 6.000 1 4.000 21.7933 3.380E-01 4.015E+12 8.419E-14 3.610E-14
1524 2.000 1 4.000 21.4572 1.028E+00 2.365E+12 4.347E-13 3.548E-14
460 6.000 1 4.000 21.7583 3.303E-01 1.923E+08 1.718E-09 3.518E-14
729 8.000 1 4.000 21.7162 2.470E-01 4.943E+09 4.997E-11 3.493E-14
1523 4.000 1 4.000 21.4572 4.970E-01 3.648E+12 1.362E-13 3.430E-14
356 8.000 1 4.000 21.8037 2.346E-01 3.326E+12 7.054E-14 3.345E-14
599 6.000 1 4.000 21.7311 3.083E-01 1.264E+11 2.440E-12 3.275E-14
1489 6.000 1 4.000 21.4728 3.157E-01 2.547E+12 1.240E-13 3.273E-14
1079 6.000 1 4.000 21.6400 3.050E-01 8.011E+11 3.807E-13 3.213E-14
1298 6.000 1 4.000 21.5998 3.030E-01 2.898E+11 1.046E-12 3.180E-14
116 2.000 1 4.000 22.0066 8.470E-01 3.109E+05 2.724E-06 3.075E-14
1146 6.000 1 4.000 21.6150 2.847E-01 2.534E+11 1.123E-12 2.990E-14
974 6.000 1 4.000 21.6714 2.790E-01 3.960E+10 7.045E-12 2.948E-14
743 6.000 1 4.000 21.7156 2.767E-01 4.038E+11 6.852E-13 2.935E-14
860 4.000 1 4.000 21.7152 4.030E-01 3.766E+07 1.070E-08 2.850E-14
472 4.000 1 4.000 21.7576 3.992E-01 1.544E+11 2.586E-12 2.834E-14
861 6.000 1 4.000 21.7152 2.622E-01 2.093E+07 1.252E-08 2.780E-14
73 6.000 1 4.000 22.0546 2.528E-01 3.601E+05 7.021E-07 2.765E-14
1028 6.000 1 4.000 21.6570 2.613E-01 6.474E+09 4.037E-11 2.758E-14
77 4.000 1 4.000 22.0545 3.658E-01 3.389E+06 1.079E-07 2.668E-14
170 6.000 1 4.000 21.9807 2.453E-01 2.124E+06 1.155E-07 2.665E-14
806 8.000 1 4.000 21.7153 1.867E-01 1.257E+07 1.485E-08 2.640E-14
862 2.000 1 4.000 21.7152 7.455E-01 6.210E+07 1.200E-08 2.635E-14
291 2.000 1 4.000 21.8873 7.165E-01 1.492E+12 4.801E-13 2.573E-14
581 6.000 1 4.000 21.7321 2.358E-01 9.050E+11 2.606E-13 2.505E-14
1271 6.000 1 4.000 21.5999 2.353E-01 1.568E+11 1.501E-12 2.470E-14
1050 2.000 1 4.000 21.6420 6.905E-01 1.471E+12 4.695E-13 2.424E-14
38 8.000 1 4.000 22.1678 1.641E-01 2.679E+09 6.127E-11 2.419E-14
1473 4.000 1 4.000 21.4964 3.403E-01 7.617E+11 4.467E-13 2.357E-14
1528 6.000 1 4.000 21.4567 2.217E-01 3.210E+11 6.905E-13 2.294E-14
1520 6.000 1 4.000 21.4574 2.037E-01 1.632E+12 1.248E-13 2.109E-14
39 6.000 1 4.000 22.1678 1.882E-01 2.679E+09 7.025E-11 2.080E-14
277 4.000 1 4.000 21.9074 2.845E-01 1.357E+12 2.097E-13 2.048E-14
902 2.000 1 4.000 21.6899 5.790E-01 5.283E+11 1.096E-12 2.042E-14
1014 2.000 1 4.000 21.6599 5.800E-01 2.524E+12 2.298E-13 2.039E-14
351 2.000 1 4.000 21.8054 5.230E-01 6.787E+11 7.706E-13 1.865E-14
432 8.000 1 4.000 21.7649 1.310E-01 5.107E+10 2.565E-12 1.860E-14
72 4.000 1 4.000 22.0546 2.545E-01 3.601E+05 7.068E-07 1.856E-14
63 8.000 1 4.000 22.0593 1.265E-01 1.641E+09 7.707E-11 1.847E-14
1054 4.000 1 4.000 21.6415 2.593E-01 4.355E+12 5.953E-14 1.820E-14
164 6.000 1 4.000 21.9807 1.628E-01 2.262E+05 7.196E-07 1.769E-14
768 8.000 1 4.000 21.7154 1.239E-01 2.412E+06 5.136E-08 1.752E-14
1015 4.000 1 4.000 21.6599 2.476E-01 1.737E+12 1.425E-13 1.742E-14
300 2.000 1 4.000 21.8742 4.802E-01 5.656E+12 8.490E-14 1.722E-14
744 4.000 1 4.000 21.7155 2.396E-01 9.134E+10 2.624E-12 1.694E-14
700 8.000 1 4.000 21.7281 1.194E-01 2.139E+11 5.580E-13 1.690E-14
809 6.000 1 4.000 21.7153 1.584E-01 8.251E+06 1.920E-08 1.680E-14
859 8.000 1 4.000 21.7152 1.184E-01 1.293E+07 9.158E-09 1.674E-14
299 4.000 1 4.000 21.8742 2.302E-01 5.656E+12 4.071E-14 1.652E-14
53 6.000 1 4.000 22.1232 1.420E-01 1.063E+13 1.335E-14 1.563E-14
1200 8.000 1 4.000 21.6123 1.106E-01 3.044E+12 3.633E-14 1.549E-14
64 6.000 1 4.000 22.0593 1.409E-01 1.642E+09 8.582E-11 1.542E-14
330 6.000 1 4.000 21.8080 1.411E-01 2.094E+12 6.737E-14 1.509E-14
1129 2.000 1 4.000 21.6161 4.214E-01 7.970E+11 5.287E-13 1.476E-14
461 6.000 1 4.000 21.7583 1.363E-01 3.915E+10 3.482E-12 1.452E-14
163 4.000 1 4.000 21.9807 2.000E-01 2.261E+05 8.843E-07 1.449E-14
595 4.000 1 4.000 21.7313 1.980E-01 5.485E+10 3.609E-12 1.402E-14
124 6.000 1 4.000 22.0066 1.273E-01 2.927E+06 4.348E-08 1.386E-14
574 8.000 1 4.000 21.7364 9.262E-02 2.795E+12 3.314E-14 1.312E-14
355 6.000 1 4.000 21.8038 1.175E-01 9.979E+11 1.178E-13 1.257E-14
864 4.000 1 4.000 21.7152 1.771E-01 1.271E+07 1.393E-08 1.252E-14
973 4.000 1 4.000 21.6714 1.774E-01 5.043E+10 3.519E-12 1.249E-14
546 8.000 1 4.000 21.7518 8.479E-02 3.630E+11 2.336E-13 1.203E-14
697 6.000 1 4.000 21.7282 1.062E-01 3.491E+11 3.043E-13 1.128E-14
1291 2.000 1 4.000 21.5998 3.171E-01 3.557E+11 8.914E-13 1.109E-14
1012 6.000 1 4.000 21.6602 1.008E-01 7.234E+12 1.394E-14 1.064E-14
105 8.000 1 4.000 22.0092 7.293E-02 9.648E+08 7.559E-11 1.059E-14
1249 2.000 1 4.000 21.6006 3.025E-01 5.248E+11 5.763E-13 1.058E-14
598 4.000 1 4.000 21.7311 1.486E-01 2.789E+11 5.329E-13 1.052E-14
1132 2.000 1 4.000 21.6158 2.898E-01 2.739E+12 1.058E-13 1.015E-14
40 4.000 1 4.000 22.1678 1.235E-01 2.680E+09 4.608E-11 9.099E-15
858 6.000 1 4.000 21.7152 8.525E-02 1.778E+07 4.794E-09 9.040E-15
1333 6.000 1 4.000 21.5985 8.450E-02 9.460E+12 8.932E-15 8.864E-15
106 6.000 1 4.000 22.0092 8.116E-02 9.653E+08 8.408E-11 8.840E-15
331 8.000 1 4.000 21.8080 6.136E-02 1.985E+12 3.092E-14 8.750E-15
283 6.000 1 4.000 21.9062 7.495E-02 2.158E+12 3.473E-14 8.088E-15
267 8.000 1 4.000 21.9118 5.516E-02 2.929E+10 1.883E-12 7.942E-15
329 4.000 1 4.000 21.8080 1.087E-01 1.135E+12 9.580E-14 7.753E-15
537 4.000 1 4.000 21.7559 1.092E-01 2.543E+09 4.295E-11 7.750E-15
917 4.000 1 4.000 21.6866 1.083E-01 1.127E+11 9.610E-13 7.635E-15
769 6.000 1 4.000 21.7154 7.078E-02 1.498E+11 4.727E-13 7.508E-15
808 4.000 1 4.000 21.7153 9.810E-02 1.709E+07 5.741E-09 6.935E-15
1065 6.000 1 4.000 21.6401 6.583E-02 4.049E+11 1.626E-13 6.933E-15
136 2.000 1 4.000 22.0049 1.901E-01 1.057E+13 1.798E-14 6.897E-15
695 4.000 1 4.000 21.7282 9.708E-02 2.504E+11 3.876E-13 6.873E-15
52 4.000 1 4.000 22.1233 9.283E-02 1.087E+13 8.543E-15 6.812E-15
154 8.000 1 4.000 21.9822 4.610E-02 5.970E+08 7.722E-11 6.680E-15
65 4.000 1 4.000 22.0593 9.035E-02 1.644E+09 5.495E-11 6.591E-15
1202 6.000 1 4.000 21.6120 6.274E-02 4.888E+12 1.283E-14 6.590E-15
1008 8.000 1 4.000 21.6638 4.487E-02 6.823E+12 6.577E-15 6.315E-15
596 2.000 1 4.000 21.7313 1.759E-01 7.683E+10 2.290E-12 6.228E-15
542 8.000 1 4.000 21.7556 4.341E-02 2.066E+12 2.101E-14 6.160E-15
279 6.000 1 4.000 21.9072 5.617E-02 3.346E+12 1.679E-14 6.063E-15
580 4.000 1 4.000 21.7321 8.440E-02 5.326E+11 1.585E-13 5.978E-15
171 4.000 1 4.000 21.9807 8.218E-02 2.122E+06 3.872E-08 5.953E-15
1498 6.000 1 4.000 21.4716 5.582E-02 2.688E+11 2.077E-13 5.788E-15
1496 4.000 1 4.000 21.4716 8.298E-02 4.753E+11 1.746E-13 5.735E-15
155 6.000 1 4.000 21.9822 5.115E-02 5.974E+08 8.563E-11 5.557E-15
807 6.000 1 4.000 21.7153 5.143E-02 1.822E+09 2.823E-11 5.455E-15
264 8.000 1 4.000 21.9124 3.705E-02 4.512E+10 8.212E-13 5.332E-15
539 6.000 1 4.000 21.7559 4.913E-02 2.363E+09 2.079E-11 5.230E-15
1019 6.000 1 4.000 21.6595 4.870E-02 3.755E+12 1.297E-14 5.138E-15
538 2.000 1 4.000 21.7559 1.390E-01 6.866E+07 2.025E-09 4.933E-15
200 8.000 1 4.000 21.9660 3.185E-02 3.906E+08 8.154E-11 4.608E-15
534 8.000 1 4.000 21.7559 3.204E-02 1.373E+07 2.333E-09 4.547E-15
1214 6.000 1 4.000 21.6108 4.290E-02 7.440E+09 5.766E-12 4.505E-15
1163 2.000 1 4.000 21.6149 1.195E-01 5.396E+11 2.214E-13 4.185E-15
602 6.000 1 4.000 21.7309 3.848E-02 5.127E+11 7.505E-14 4.088E-15
1203 4.000 1 4.000 21.6120 5.708E-02 4.363E+12 1.308E-14 3.995E-15
137 4.000 1 4.000 22.0049 5.503E-02 1.057E+13 5.205E-15 3.995E-15
1252 2.000 1 4.000 21.6004 1.134E-01 1.778E+12 6.378E-14 3.965E-15
201 6.000 1 4.000 21.9660 3.512E-02 3.908E+08 8.988E-11 3.811E-15
107 4.000 1 4.000 22.0092 5.198E-02 9.658E+08 5.382E-11 3.773E-15
465 8.000 1 4.000 21.7581 2.614E-02 1.017E+10 2.571E-12 3.710E-15
567 6.000 1 4.000 21.7376 3.430E-02 1.722E+12 1.992E-14 3.645E-15
296 6.000 1 4.000 21.8788 3.345E-02 5.149E+12 6.496E-15 3.603E-15
1077 4.000 1 4.000 21.6400 5.130E-02 8.355E+11 6.140E-14 3.600E-15
585 8.000 1 4.000 21.7320 2.457E-02 1.029E+11 2.388E-13 3.480E-15
1110 8.000 1 4.000 21.6280 2.457E-02 3.664E+12 6.707E-15 3.448E-15
341 8.000 1 4.000 21.8066 2.379E-02 1.682E+10 1.415E-12 3.392E-15
694 2.000 1 4.000 21.7282 9.175E-02 2.002E+11 4.583E-13 3.248E-15
1357 6.000 1 4.000 21.5857 3.070E-02 5.246E+09 5.853E-12 3.218E-15
71 2.000 1 4.000 22.0546 8.815E-02 3.605E+05 2.445E-07 3.213E-15
1201 6.000 1 4.000 21.6123 3.053E-02 6.133E+12 4.978E-15 3.208E-15
1021 4.000 1 4.000 21.6594 4.510E-02 3.469E+12 1.300E-14 3.173E-15
162 2.000 1 4.000 21.9807 7.995E-02 2.264E+05 3.531E-07 2.895E-15
1253 4.000 1 4.000 21.6004 3.928E-02 1.501E+12 2.617E-14 2.748E-15
1147 4.000 1 4.000 21.6150 3.843E-02 2.410E+11 1.594E-13 2.693E-15
536 6.000 1 4.000 21.7559 2.470E-02 1.551E+08 1.593E-10 2.630E-15
508 8.000 1 4.000 21.7560 1.734E-02 1.454E+07 1.192E-09 2.460E-15
623 8.000 1 4.000 21.7306 1.723E-02 1.501E+12 1.148E-14 2.439E-15
156 4.000 1 4.000 21.9822 3.265E-02 5.976E+08 5.464E-11 2.366E-15
1471 6.000 1 4.000 21.4964 2.257E-02 4.335E+11 5.206E-14 2.345E-15
1233 8.000 1 4.000 21.6078 1.494E-02 2.194E+12 6.808E-15 2.091E-15
1529 6.000 1 4.000 21.4567 2.008E-02 1.717E+11 1.170E-13 2.080E-15
278 2.000 1 4.000 21.9074 5.661E-02 1.997E+12 2.834E-14 2.037E-15
1207 2.000 1 4.000 21.6111 5.665E-02 3.344E+12 1.694E-14 1.984E-15
148 6.000 1 4.000 21.9913 1.815E-02 5.723E+12 3.171E-15 1.974E-15
1345 6.000 1 4.000 21.5865 1.858E-02 2.876E+12 6.463E-15 1.948E-15
1404 6.000 1 4.000 21.5707 1.757E-02 3.666E+09 4.792E-12 1.839E-15
263 6.000 1 4.000 21.9124 1.633E-02 3.962E+10 4.121E-13 1.763E-15
1010 8.000 1 4.000 21.6609 1.185E-02 4.262E+12 2.781E-15 1.668E-15
284 8.000 1 4.000 21.9061 1.154E-02 6.621E+12 1.742E-15 1.660E-15
603 6.000 1 4.000 21.7307 1.526E-02 5.881E+11 2.594E-14 1.620E-15
202 4.000 1 4.000 21.9660 2.230E-02 3.913E+08 5.698E-11 1.613E-15
455 6.000 1 4.000 21.7583 1.511E-02 8.979E+08 1.683E-11 1.609E-15
41 2.000 1 4.000 22.1678 4.351E-02 2.681E+09 1.623E-11 1.603E-15
545 6.000 1 4.000 21.7518 1.459E-02 6.019E+11 2.423E-14 1.552E-15
1206 4.000 1 4.000 21.6112 2.195E-02 3.818E+12 5.748E-15 1.537E-15
568 4.000 1 4.000 21.7376 2.145E-02 1.729E+12 1.241E-14 1.520E-15
597 2.000 1 4.000 21.7311 4.130E-02 3.096E+11 1.334E-13 1.462E-15
1527 4.000 1 4.000 21.4567 2.111E-02 3.112E+11 6.783E-14 1.457E-15
295 4.000 1 4.000 21.8789 2.011E-02 3.681E+12 5.462E-15 1.443E-15
337 8.000 1 4.000 21.8069 1.012E-02 3.036E+10 3.333E-13 1.443E-15
587 8.000 1 4.000 21.7319 1.013E-02 6.379E+09 1.587E-12 1.434E-15
1346 4.000 1 4.000 21.5865 2.034E-02 2.388E+12 8.519E-15 1.421E-15
509 6.000 1 4.000 21.7560 1.228E-02 2.237E+10 5.487E-13 1.307E-15
589 2.000 1 4.000 21.7318 3.673E-02 4.487E+11 8.186E-14 1.300E-15
782 8.000 1 4.000 21.7153 8.743E-03 2.726E+10 3.207E-13 1.236E-15
1343 8.000 1 4.000 21.5867 8.488E-03 2.021E+12 4.200E-15 1.186E-15
1394 6.000 1 4.000 21.5712 1.121E-02 1.855E+12 6.043E-15 1.173E-15
1349 2.000 1 4.000 21.5863 3.334E-02 1.643E+12 2.029E-14 1.165E-15
66 2.000 1 4.000 22.0593 3.067E-02 1.644E+09 1.866E-11 1.119E-15
1076 2.000 1 4.000 21.6400 3.156E-02 8.558E+11 3.688E-14 1.108E-15
478 4.000 1 4.000 21.7561 1.553E-02 2.734E+11 5.682E-14 1.102E-15
620 8.000 1 4.000 21.7307 7.456E-03 9.822E+09 7.592E-13 1.056E-15
649 8.000 1 4.000 21.7306 6.844E-03 1.560E+07 4.386E-10 9.690E-16
1395 4.000 1 4.000 21.5712 1.305E-02 1.558E+12 8.376E-15 9.105E-16
149 4.000 1 4.000 21.9913 1.254E-02 5.759E+12 2.177E-15 9.090E-16
281 4.000 1 4.000 21.9066 1.241E-02 1.057E+12 1.175E-14 8.930E-16
976 6.000 1 4.000 21.6712 8.375E-03 4.330E+08 1.934E-11 8.845E-16
767 6.000 1 4.000 21.7154 7.999E-03 2.129E+11 3.758E-14 8.483E-16
1397 2.000 1 4.000 21.5711 2.271E-02 7.989E+11 2.843E-14 7.922E-16
1205 2.000 1 4.000 21.6113 2.219E-02 3.440E+12 6.451E-15 7.769E-16
549 6.000 1 4.000 21.7497 7.295E-03 1.308E+12 5.578E-15 7.760E-16
454 4.000 1 4.000 21.7583 1.054E-02 1.293E+09 8.149E-12 7.480E-16
584 6.000 1 4.000 21.7320 6.320E-03 3.735E+10 1.692E-13 6.713E-16
108 2.000 1 4.000 22.0092 1.759E-02 9.659E+08 1.821E-11 6.386E-16
600 4.000 1 4.000 21.7309 8.919E-03 3.006E+11 2.967E-14 6.317E-16
652 6.000 1 4.000 21.7306 5.765E-03 1.038E+07 5.554E-10 6.123E-16
99 4.000 1 4.000 22.0325 8.233E-03 4.695E+12 1.753E-15 5.992E-16
1348 4.000 1 4.000 21.5863 8.200E-03 6.713E+11 1.222E-14 5.728E-16
856 8.000 1 4.000 21.7152 4.018E-03 1.813E+07 2.215E-10 5.680E-16
689 4.000 1 4.000 21.7305 7.948E-03 4.793E+07 1.658E-10 5.625E-16
354 4.000 1 4.000 21.8038 7.831E-03 6.237E+11 1.255E-14 5.582E-16
476 6.000 1 4.000 21.7564 5.050E-03 2.262E+11 2.233E-14 5.376E-16
1344 6.000 1 4.000 21.5867 4.323E-03 3.840E+12 1.126E-15 4.530E-16
967 2.000 1 4.000 21.6748 1.268E-02 3.557E+12 3.565E-15 4.464E-16
691 2.000 1 4.000 21.7305 1.247E-02 7.378E+07 1.689E-10 4.413E-16
1396 4.000 1 4.000 21.5711 6.300E-03 4.692E+11 1.343E-14 4.395E-16
1133 4.000 1 4.000 21.6158 6.273E-03 2.456E+12 2.554E-15 4.393E-16
336 6.000 1 4.000 21.8069 4.002E-03 2.550E+10 1.569E-13 4.278E-16
430 6.000 1 4.000 21.7700 3.753E-03 3.277E+12 1.145E-15 4.002E-16
157 2.000 1 4.000 21.9822 1.097E-02 5.977E+08 1.835E-11 3.972E-16
511 6.000 1 4.000 21.7560 3.690E-03 5.336E+10 6.916E-14 3.928E-16
1258 6.000 1 4.000 21.6000 3.684E-03 8.403E+10 4.385E-14 3.865E-16
535 4.000 1 4.000 21.7559 5.356E-03 3.381E+11 1.584E-14 3.801E-16
477 4.000 1 4.000 21.7564 5.058E-03 1.580E+11 3.202E-14 3.590E-16
651 4.000 1 4.000 21.7306 4.810E-03 2.184E+07 2.203E-10 3.405E-16
510 4.000 1 4.000 21.7560 4.751E-03 3.514E+10 1.352E-13 3.371E-16
650 6.000 1 4.000 21.7306 3.127E-03 3.416E+09 9.154E-13 3.320E-16
84 8.000 1 4.000 22.0502 2.185E-03 3.242E+12 6.740E-16 3.185E-16
968 4.000 1 4.000 21.6747 4.518E-03 2.600E+12 1.737E-15 3.183E-16
548 4.000 1 4.000 21.7498 4.235E-03 8.618E+11 4.914E-15 3.003E-16
98 2.000 1 4.000 22.0326 8.150E-03 4.735E+12 1.721E-15 2.967E-16
474 4.000 1 4.000 21.7565 4.132E-03 7.071E+11 5.844E-15 2.933E-16
554 8.000 1 4.000 21.7442 1.949E-03 2.612E+11 7.461E-15 2.763E-16
1208 4.000 1 4.000 21.6111 3.940E-03 3.442E+12 1.145E-15 2.759E-16
203 2.000 1 4.000 21.9660 7.386E-03 3.911E+08 1.888E-11 2.672E-16
690 6.000 1 4.000 21.7305 2.493E-03 5.459E+08 4.567E-12 2.648E-16
688 6.000 1 4.000 21.7305 2.355E-03 2.197E+07 1.072E-10 2.500E-16
280 4.000 1 4.000 21.9071 3.420E-03 9.664E+11 3.539E-15 2.461E-16
975 4.000 1 4.000 21.6712 3.435E-03 6.163E+08 5.573E-12 2.418E-16
340 2.000 1 4.000 21.8066 6.275E-03 1.189E+12 5.279E-15 2.237E-16
540 4.000 1 4.000 21.7558 3.032E-03 4.531E+11 6.691E-15 2.151E-16
621 6.000 1 4.000 21.7307 2.003E-03 5.375E+09 3.727E-13 2.127E-16
1196 8.000 1 4.000 21.6129 1.517E-03 2.420E+12 6.272E-16 2.125E-16
429 4.000 1 4.000 21.7701 2.881E-03 4.996E+12 5.766E-16 2.047E-16
125 4.000 1 4.000 22.0066 2.658E-03 2.921E+06 9.098E-10 1.930E-16
543 2.000 1 4.000 21.7519 5.282E-03 3.407E+11 1.550E-14 1.874E-16
1380 6.000 1 4.000 21.5830 1.708E-03 6.872E+11 2.486E-15 1.791E-16
874 4.000 1 4.000 21.7117 2.389E-03 1.154E+09 2.069E-12 1.688E-16
1226 8.000 1 4.000 21.6107 1.174E-03 2.361E+08 4.969E-12 1.643E-16
519 2.000 1 4.000 21.7559 4.572E-03 9.760E+11 4.684E-15 1.622E-16
687 8.000 1 4.000 21.7305 1.107E-03 1.498E+07 7.391E-11 1.568E-16
1022 2.000 1 4.000 21.6588 4.203E-03 1.932E+12 2.175E-15 1.478E-16
475 2.000 1 4.000 21.7565 3.675E-03 8.454E+11 4.347E-15 1.304E-16
918 6.000 1 4.000 21.6866 1.222E-03 1.597E+11 7.651E-15 1.292E-16
491 8.000 1 4.000 21.7560 9.081E-04 2.310E+06 3.931E-10 1.289E-16
1228 6.000 1 4.000 21.6107 1.148E-03 1.524E+08 7.532E-12 1.205E-16
100 6.000 1 4.000 22.0324 1.002E-03 4.713E+12 2.126E-16 1.094E-16
1340 8.000 1 4.000 21.5870 7.756E-04 1.486E+12 5.219E-16 1.084E-16
1393 6.000 1 4.000 21.5713 1.006E-03 2.533E+12 3.969E-16 1.052E-16
1392 8.000 1 4.000 21.5713 6.988E-04 1.314E+12 5.317E-16 9.750E-17
1398 2.000 1 4.000 21.5710 2.717E-03 7.443E+11 3.650E-15 9.477E-17
1100 2.000 1 4.000 21.6339 2.450E-03 4.815E+12 5.090E-16 8.597E-17
702 6.000 1 4.000 21.7268 8.088E-04 8.814E+11 9.177E-16 8.588E-17
269 2.000 1 4.000 21.9117 2.354E-03 2.303E+12 1.022E-15 8.471E-17
541 6.000 1 4.000 21.7556 7.677E-04 6.924E+11 1.109E-15 8.173E-17
640 8.000 1 4.000 21.7306 5.715E-04 5.352E+09 1.068E-13 8.093E-17
601 4.000 1 4.000 21.7309 1.111E-03 1.641E+10 6.769E-14 7.865E-17
1391 8.000 1 4.000 21.5715 5.296E-04 9.656E+11 5.485E-16 7.390E-17
692 4.000 1 4.000 21.7305 1.042E-03 8.669E+08 1.201E-12 7.375E-17
1381 4.000 1 4.000 21.5830 1.037E-03 1.069E+12 9.697E-16 7.240E-17
965 4.000 1 4.000 21.6785 1.018E-03 2.068E+12 4.922E-16 7.173E-17
1204 2.000 1 4.000 21.6118 2.026E-03 1.637E+12 1.237E-15 7.093E-17
1101 4.000 1 4.000 21.6338 9.662E-04 9.248E+12 1.045E-16 6.779E-17
503 8.000 1 4.000 21.7560 4.536E-04 1.565E+07 2.899E-11 6.437E-17
1119 2.000 1 4.000 21.6222 1.613E-03 6.615E+12 2.439E-16 5.655E-17
446 2.000 1 4.000 21.7616 1.527E-03 7.742E+10 1.972E-14 5.420E-17
1375 8.000 1 4.000 21.5857 3.752E-04 1.686E+08 2.225E-12 5.243E-17
711 8.000 1 4.000 21.7235 3.601E-04 2.725E+11 1.321E-15 5.095E-17
1227 4.000 1 4.000 21.6107 7.273E-04 2.199E+08 3.307E-12 5.093E-17
1120 4.000 1 4.000 21.6222 7.150E-04 6.537E+12 1.094E-16 5.011E-17
1239 6.000 1 4.000 21.6061 4.534E-04 1.191E+12 3.808E-16 4.761E-17
875 6.000 1 4.000 21.7117 4.475E-04 8.064E+08 5.549E-13 4.743E-17
966 6.000 1 4.000 21.6784 4.452E-04 1.386E+12 3.213E-16 4.707E-17
685 8.000 1 4.000 21.7305 3.257E-04 2.183E+07 1.492E-11 4.612E-17
493 6.000 1 4.000 21.7560 4.127E-04 7.091E+10 5.819E-15 4.394E-17
1299 4.000 1 4.000 21.5998 6.098E-04 3.853E+11 1.583E-15 4.266E-17
428 2.000 1 4.000 21.7702 1.079E-03 5.944E+12 1.815E-16 3.835E-17
964 2.000 1 4.000 21.6786 1.072E-03 2.557E+12 4.191E-16 3.777E-17
1407 6.000 1 4.000 21.5706 3.533E-04 1.449E+07 2.439E-11 3.698E-17
1098 4.000 1 4.000 21.6359 4.989E-04 4.459E+12 1.119E-16 3.501E-17
1377 6.000 1 4.000 21.5857 3.217E-04 1.428E+08 2.252E-12 3.370E-17
701 4.000 1 4.000 21.7269 4.581E-04 5.769E+11 7.940E-16 3.242E-17
1225 6.000 1 4.000 21.6107 2.945E-04 2.672E+08 1.102E-12 3.093E-17
486 8.000 1 4.000 21.7560 1.859E-04 7.579E+06 2.452E-11 2.638E-17
664 8.000 1 4.000 21.7305 1.791E-04 5.621E+09 3.187E-14 2.537E-17
473 2.000 1 4.000 21.7574 7.127E-04 6.421E+11 1.110E-15 2.529E-17
1434 8.000 1 4.000 21.5706 1.496E-04 1.362E+08 1.099E-12 2.088E-17
630 8.000 1 4.000 21.7306 1.471E-04 3.577E+09 4.113E-14 2.083E-17
88 8.000 1 4.000 22.0456 1.415E-04 7.003E+12 2.021E-17 2.062E-17
1198 4.000 1 4.000 21.6125 2.934E-04 2.621E+12 1.119E-16 2.056E-17
1347 2.000 1 4.000 21.5863 5.550E-04 9.426E+11 5.888E-16 1.938E-17
1240 4.000 1 4.000 21.6061 2.768E-04 1.878E+12 1.474E-16 1.937E-17
1451 6.000 1 4.000 21.5421 1.722E-04 3.168E+11 5.435E-16 1.798E-17
1456 2.000 1 4.000 21.5332 4.859E-04 6.637E+12 7.320E-17 1.689E-17
1455 4.000 1 4.000 21.5332 2.342E-04 5.815E+12 4.027E-17 1.628E-17
532 8.000 1 4.000 21.7559 1.067E-04 2.177E+07 4.900E-12 1.514E-17
313 8.000 1 4.000 21.8543 1.006E-04 1.447E+12 6.953E-17 1.441E-17
1376 4.000 1 4.000 21.5857 2.031E-04 2.159E+08 9.408E-13 1.419E-17
1288 8.000 1 4.000 21.5998 9.055E-05 2.961E+10 3.059E-15 1.267E-17
1086 6.000 1 4.000 21.6399 1.152E-04 7.526E+10 1.530E-15 1.213E-17
1436 6.000 1 4.000 21.5706 1.131E-04 1.121E+08 1.010E-12 1.184E-17
414 8.000 1 4.000 21.7804 7.929E-05 5.834E+11 1.359E-16 1.128E-17
1097 2.000 1 4.000 21.6360 3.206E-04 2.847E+12 1.126E-16 1.125E-17
1099 6.000 1 4.000 21.6358 9.955E-05 7.205E+12 1.382E-17 1.048E-17
1262 8.000 1 4.000 21.5999 7.402E-05 1.455E+10 5.089E-15 1.036E-17
1374 6.000 1 4.000 21.5857 9.547E-05 2.021E+08 4.723E-13 1.001E-17
1481 2.000 1 4.000 21.4917 2.682E-04 7.264E+12 3.693E-17 9.289E-18
1482 4.000 1 4.000 21.4917 1.322E-04 6.853E+12 1.929E-17 9.155E-18
1073 8.000 1 4.000 21.6400 6.424E-05 5.740E+10 1.119E-15 9.020E-18
316 8.000 1 4.000 21.8533 5.868E-05 2.548E+12 2.302E-17 8.402E-18
1160 8.000 1 4.000 21.6149 5.869E-05 3.545E+10 1.656E-15 8.223E-18
660 8.000 1 4.000 21.7305 4.905E-05 2.116E+09 2.318E-14 6.945E-18
1197 2.000 1 4.000 21.6126 1.853E-04 1.645E+12 1.126E-16 6.487E-18
290 8.000 1 4.000 21.8926 4.477E-05 7.594E+12 5.896E-18 6.435E-18
980 6.000 1 4.000 21.6712 6.020E-05 8.310E+07 7.245E-13 6.358E-18
479 6.000 1 4.000 21.7561 5.680E-05 6.111E+11 9.294E-17 6.048E-18
1512 2.000 1 4.000 21.4689 1.690E-04 4.183E+12 4.041E-17 5.840E-18
1513 4.000 1 4.000 21.4689 8.436E-05 3.945E+12 2.139E-17 5.830E-18
1176 6.000 1 4.000 21.6149 5.430E-05 4.604E+09 1.179E-14 5.705E-18
448 2.000 1 4.000 21.7606 1.605E-04 5.902E+10 2.720E-15 5.698E-18
1360 6.000 1 4.000 21.5857 5.415E-05 7.277E+06 7.442E-12 5.675E-18
1061 8.000 1 4.000 21.6401 4.004E-05 2.747E+10 1.457E-15 5.622E-18
94 8.000 1 4.000 22.0339 3.823E-05 8.049E+12 4.749E-18 5.565E-18
1199 6.000 1 4.000 21.6124 5.233E-05 4.250E+12 1.231E-17 5.497E-18
1142 8.000 1 4.000 21.6150 3.820E-05 1.740E+10 2.196E-15 5.350E-18
1327 8.000 1 4.000 21.5997 3.686E-05 5.418E+10 6.804E-16 5.157E-18
1435 4.000 1 4.000 21.5706 7.143E-05 1.739E+08 4.108E-13 4.983E-18
889 8.000 1 4.000 21.7054 3.485E-05 2.520E+12 1.383E-17 4.922E-18
557 8.000 1 4.000 21.7438 3.315E-05 6.255E+11 5.300E-17 4.700E-18
1092 8.000 1 4.000 21.6399 3.103E-05 1.287E+11 2.411E-16 4.355E-18
1433 6.000 1 4.000 21.5706 3.945E-05 1.645E+08 2.399E-13 4.128E-18
417 8.000 1 4.000 21.7799 2.760E-05 1.169E+12 2.361E-17 3.925E-18
1189 8.000 1 4.000 21.6148 2.745E-05 7.078E+10 3.878E-16 3.845E-18
379 8.000 1 4.000 21.8027 2.466E-05 2.693E+09 9.157E-15 3.515E-18
367 8.000 1 4.000 21.8028 2.365E-05 1.412E+09 1.675E-14 3.370E-18
1103 8.000 1 4.000 21.6338 2.322E-05 1.594E+12 1.457E-17 3.260E-18
608 8.000 1 4.000 21.7307 2.032E-05 1.168E+08 1.741E-13 2.877E-18
319 8.000 1 4.000 21.8492 1.847E-05 3.042E+12 6.073E-18 2.645E-18
560 8.000 1 4.000 21.7427 1.678E-05 7.786E+11 2.155E-17 2.378E-18
447 4.000 1 4.000 21.7606 3.235E-05 6.552E+10 4.937E-16 2.297E-18
377 8.000 1 4.000 21.8028 1.376E-05 2.165E+09 6.357E-15 1.961E-18
1312 6.000 1 4.000 21.5997 1.867E-05 5.996E+10 3.113E-16 1.958E-18
751 8.000 1 4.000 21.7154 1.365E-05 7.079E+06 1.928E-12 1.929E-18
1085 4.000 1 4.000 21.6399 2.720E-05 7.511E+10 3.621E-16 1.909E-18
606 8.000 1 4.000 21.7307 1.335E-05 3.833E+08 3.483E-14 1.890E-18
776 8.000 1 4.000 21.7154 1.320E-05 5.955E+08 2.217E-14 1.867E-18
1089 6.000 1 4.000 21.6399 1.677E-05 1.157E+11 1.449E-16 1.766E-18
1182 6.000 1 4.000 21.6149 1.664E-05 7.533E+10 2.208E-16 1.748E-18
627 8.000 1 4.000 21.7306 1.164E-05 5.501E+08 2.117E-14 1.649E-18
420 8.000 1 4.000 21.7780 1.112E-05 1.398E+12 7.958E-18 1.582E-18
819 8.000 1 4.000 21.7153 9.750E-06 1.420E+09 6.866E-15 1.379E-18
1272 6.000 1 4.000 21.5998 1.308E-05 2.157E+10 6.061E-16 1.372E-18
1090 8.000 1 4.000 21.6399 8.651E-06 1.157E+11 7.474E-17 1.215E-18
1173 6.000 1 4.000 21.6149 1.118E-05 6.388E+10 1.749E-16 1.174E-18
817 8.000 1 4.000 21.7153 8.163E-06 8.484E+08 9.621E-15 1.154E-18
1150 6.000 1 4.000 21.6150 1.064E-05 2.787E+10 3.816E-16 1.118E-18
1334 8.000 1 4.000 21.5985 7.959E-06 8.719E+11 9.128E-18 1.113E-18
1069 6.000 1 4.000 21.6400 1.056E-05 3.751E+10 2.815E-16 1.112E-18
1315 8.000 1 4.000 21.5997 7.444E-06 6.000E+10 1.241E-16 1.042E-18
845 8.000 1 4.000 21.7152 6.910E-06 5.203E+01 1.328E-07 9.772E-19
1301 6.000 1 4.000 21.5998 8.857E-06 4.748E+10 1.865E-16 9.293E-19
713 8.000 1 4.000 21.7234 6.289E-06 3.503E+11 1.795E-17 8.898E-19
610 8.000 1 4.000 21.7307 6.241E-06 3.716E+09 1.680E-15 8.838E-19
1273 8.000 1 4.000 21.5998 6.152E-06 2.165E+10 2.842E-16 8.608E-19
1385 8.000 1 4.000 21.5784 5.901E-06 5.285E+11 1.117E-17 8.240E-19
1070 8.000 1 4.000 21.6400 3.966E-06 3.759E+10 1.055E-16 5.570E-19
1183 8.000 1 4.000 21.6149 3.298E-06 7.536E+10 4.376E-17 4.617E-19
364 8.000 1 4.000 21.8029 3.117E-06 7.586E+08 4.110E-15 4.442E-19
773 8.000 1 4.000 21.7154 3.049E-06 2.635E+08 1.157E-14 4.313E-19
358 8.000 1 4.000 21.8029 2.887E-06 7.411E+08 3.896E-15 4.115E-19
749 8.000 1 4.000 21.7154 2.444E-06 7.947E+07 3.075E-14 3.455E-19
801 8.000 1 4.000 21.7153 2.190E-06 7.880E+01 2.779E-08 3.097E-19
1151 8.000 1 4.000 21.6150 2.172E-06 2.796E+10 7.769E-17 3.042E-19
839 6.000 1 4.000 21.7152 2.847E-06 3.127E+00 9.104E-07 3.020E-19
747 8.000 1 4.000 21.7154 2.046E-06 2.808E+08 7.287E-15 2.895E-19
360 8.000 1 4.000 21.8029 1.235E-06 1.188E+08 1.040E-14 1.761E-19
1172 4.000 1 4.000 21.6149 2.415E-06 6.376E+10 3.787E-17 1.691E-19
1509 8.000 1 4.000 21.4716 1.187E-06 5.440E+10 2.182E-17 1.641E-19
1546 8.000 1 4.000 21.4567 1.067E-06 4.331E+10 2.465E-17 1.474E-19
1304 6.000 1 4.000 21.5997 1.233E-06 4.932E+09 2.500E-16 1.294E-19
840 8.000 1 4.000 21.7152 8.799E-07 5.653E+02 1.556E-09 1.244E-19
716 8.000 1 4.000 21.7227 7.231E-07 5.209E+11 1.388E-18 1.023E-19
1479 8.000 1 4.000 21.4964 5.207E-07 8.284E+10 6.286E-18 7.215E-20
1478 8.000 1 4.000 21.4964 5.018E-07 8.039E+10 6.241E-18 6.952E-20
647 8.000 1 4.000 21.7306 3.629E-07 7.056E+05 5.143E-13 5.138E-20
1300 4.000 1 4.000 21.5998 6.138E-07 4.739E+10 1.295E-17 4.293E-20
544 4.000 1 4.000 21.7519 5.441E-07 4.270E+11 1.274E-18 3.860E-20
516 8.000 1 4.000 21.7559 1.864E-07 1.251E+09 1.490E-16 2.645E-20
1508 6.000 1 4.000 21.4716 2.355E-07 5.439E+10 4.330E-18 2.443E-20
497 8.000 1 4.000 21.7560 1.669E-07 1.406E+09 1.187E-16 2.368E-20
1540 6.000 1 4.000 21.4567 2.120E-07 4.329E+10 4.897E-18 2.196E-20
1477 6.000 1 4.000 21.4964 1.963E-07 7.068E+10 2.778E-18 2.040E-20
1270 8.000 1 4.000 21.5999 1.377E-07 1.538E+11 8.956E-19 1.927E-20
521 8.000 1 4.000 21.7559 1.267E-07 3.053E+09 4.151E-17 1.799E-20
229 8.000 1 4.000 21.9650 1.180E-07 6.976E+02 1.692E-10 1.707E-20
1222 8.000 1 4.000 21.6107 1.077E-07 2.792E+08 3.857E-16 1.508E-20
1259 8.000 1 4.000 21.6000 9.981E-08 8.814E+10 1.132E-18 1.397E-20
180 8.000 1 4.000 21.9806 8.923E-08 8.088E+02 1.103E-10 1.293E-20
492 8.000 1 4.000 21.7560 8.335E-08 3.506E+08 2.378E-16 1.183E-20
670 8.000 1 4.000 21.7305 8.256E-08 2.729E+04 3.026E-12 1.169E-20
1148 8.000 1 4.000 21.6150 7.519E-08 2.285E+11 3.291E-19 1.053E-20
927 8.000 1 4.000 21.6864 7.276E-08 1.495E+11 4.867E-19 1.026E-20
1067 8.000 1 4.000 21.6401 6.783E-08 3.786E+11 1.792E-19 9.523E-21
134 8.000 1 4.000 22.0066 6.521E-08 7.081E+02 9.210E-11 9.470E-21
940 8.000 1 4.000 21.6864 6.071E-08 7.600E+05 7.988E-14 8.562E-21
1139 8.000 1 4.000 21.6151 6.048E-08 1.347E+11 4.489E-19 8.473E-21
796 8.000 1 4.000 21.7153 5.660E-08 1.390E+06 4.072E-14 8.003E-21
921 8.000 1 4.000 21.6865 5.470E-08 1.829E+11 2.990E-19 7.713E-21
1060 8.000 1 4.000 21.6402 5.421E-08 2.182E+11 2.485E-19 7.612E-21
1266 8.000 1 4.000 21.5999 5.078E-08 1.433E+11 3.544E-19 7.102E-21
230 6.000 1 4.000 21.9650 6.498E-08 7.019E+02 9.258E-11 7.050E-21
1365 8.000 1 4.000 21.5857 4.860E-08 1.850E+08 2.627E-16 6.790E-21
1295 8.000 1 4.000 21.5998 4.750E-08 2.060E+11 2.306E-19 6.645E-21
1296 8.000 1 4.000 21.5998 4.661E-08 2.140E+11 2.178E-19 6.523E-21
181 6.000 1 4.000 21.9806 4.903E-08 8.133E+02 6.029E-11 5.328E-21
222 6.000 1 4.000 21.9650 4.673E-08 6.254E+01 7.473E-10 5.070E-21
79 8.000 1 4.000 22.0545 3.366E-08 3.426E+06 9.826E-15 4.910E-21
1414 8.000 1 4.000 21.5706 3.487E-08 1.578E+08 2.211E-16 4.865E-21
481 8.000 1 4.000 21.7561 3.062E-08 6.360E+08 4.816E-17 4.345E-21
1510 8.000 1 4.000 21.4716 2.929E-08 4.950E+10 5.916E-19 4.050E-21
135 6.000 1 4.000 22.0066 3.627E-08 7.212E+02 5.029E-11 3.950E-21
1144 8.000 1 4.000 21.6150 2.608E-08 2.189E+11 1.191E-19 3.652E-21
483 8.000 1 4.000 21.7561 2.455E-08 1.470E+08 1.670E-16 3.485E-21
173 6.000 1 4.000 21.9806 2.835E-08 7.195E+01 3.940E-10 3.080E-21
1547 8.000 1 4.000 21.4567 2.216E-08 3.804E+10 5.826E-19 3.060E-21
223 8.000 1 4.000 21.9650 2.024E-08 7.023E+01 2.882E-10 2.927E-21
1167 8.000 1 4.000 21.6149 2.015E-08 3.079E+11 6.544E-20 2.822E-21
221 4.000 1 4.000 21.9650 3.800E-08 5.727E+01 6.635E-10 2.750E-21
1063 8.000 1 4.000 21.6401 1.768E-08 3.606E+11 4.902E-20 2.483E-21
1168 8.000 1 4.000 21.6149 1.569E-08 3.128E+11 5.015E-20 2.198E-21
1080 8.000 1 4.000 21.6400 1.296E-08 5.159E+11 2.513E-20 1.820E-21
174 8.000 1 4.000 21.9806 1.185E-08 8.026E+01 1.476E-10 1.716E-21
172 4.000 1 4.000 21.9806 2.365E-08 6.622E+01 3.572E-10 1.713E-21
127 6.000 1 4.000 22.0066 1.448E-08 6.999E+01 2.068E-10 1.577E-21
878 8.000 1 4.000 21.7116 1.070E-08 2.248E+08 4.758E-17 1.512E-21
1081 8.000 1 4.000 21.6400 9.694E-09 5.175E+11 1.873E-20 1.361E-21
924 8.000 1 4.000 21.6864 9.504E-09 1.514E+11 6.276E-20 1.340E-21
952 8.000 1 4.000 21.6863 9.364E-09 6.045E+10 1.549E-19 1.321E-21
126 4.000 1 4.000 22.0066 1.374E-08 5.910E+01 2.325E-10 9.975E-22
1452 8.000 1 4.000 21.5421 7.124E-09 3.282E+11 2.171E-20 9.912E-22
953 8.000 1 4.000 21.6863 5.945E-09 7.196E+10 8.262E-20 8.385E-22
986 8.000 1 4.000 21.6712 5.576E-09 6.664E+05 8.367E-15 7.853E-22
674 8.000 1 4.000 21.7305 5.423E-09 2.156E+04 2.515E-13 7.677E-22
1472 8.000 1 4.000 21.4964 5.194E-09 4.358E+11 1.192E-20 7.195E-22
825 8.000 1 4.000 21.7152 4.720E-09 3.391E+04 1.392E-13 6.675E-22
128 8.000 1 4.000 22.0066 4.027E-09 8.654E+01 4.654E-11 5.850E-22
74 8.000 1 4.000 22.0546 3.985E-09 3.602E+05 1.106E-14 5.813E-22
1499 8.000 1 4.000 21.4716 3.428E-09 2.650E+11 1.293E-20 4.737E-22
641 8.000 1 4.000 21.7306 2.816E-09 8.533E+03 3.300E-13 3.987E-22
936 8.000 1 4.000 21.6864 2.659E-09 1.692E+06 1.571E-15 3.750E-22
1530 8.000 1 4.000 21.4567 2.314E-09 1.719E+11 1.346E-20 3.195E-22
982 8.000 1 4.000 21.6712 2.193E-09 1.563E+06 1.402E-15 3.087E-22
981 6.000 1 4.000 21.6712 1.813E-09 1.277E+06 1.420E-15 1.915E-22
1027 8.000 1 4.000 21.6570 1.286E-09 5.404E+09 2.380E-19 1.810E-22
123 8.000 1 4.000 22.0066 7.548E-10 2.932E+06 2.574E-16 1.096E-22
826 8.000 1 4.000 21.7152 7.294E-10 2.888E+04 2.525E-14 1.031E-22
881 8.000 1 4.000 21.7116 7.045E-10 2.115E+06 3.331E-16 9.958E-23
931 8.000 1 4.000 21.6864 4.959E-10 5.035E+08 9.849E-19 6.993E-23
880 6.000 1 4.000 21.7116 5.795E-10 1.395E+06 4.156E-16 6.145E-23
979 8.000 1 4.000 21.6712 4.200E-10 1.131E+08 3.713E-18 5.915E-23
788 8.000 1 4.000 21.7153 3.874E-10 1.399E+04 2.768E-14 5.477E-23
218 8.000 1 4.000 21.9650 3.371E-10 1.517E+06 2.223E-16 4.878E-23
456 8.000 1 4.000 21.7583 3.324E-10 7.335E+08 4.531E-19 4.717E-23
169 8.000 1 4.000 21.9807 2.898E-10 2.127E+06 1.362E-16 4.197E-23
935 6.000 1 4.000 21.6864 3.423E-10 1.504E+06 2.276E-16 3.620E-23
1420 8.000 1 4.000 21.5706 2.039E-10 9.625E+05 2.118E-16 2.845E-23
119 8.000 1 4.000 22.0066 1.843E-10 3.107E+05 5.931E-16 2.675E-23
1307 8.000 1 4.000 21.5997 1.882E-10 2.876E+08 6.545E-19 2.632E-23
165 8.000 1 4.000 21.9807 1.812E-10 2.262E+05 8.013E-16 2.625E-23
458 8.000 1 4.000 21.7583 1.827E-10 2.720E+08 6.718E-19 2.595E-23
214 8.000 1 4.000 21.9650 1.300E-10 1.615E+05 8.048E-16 1.881E-23
977 8.000 1 4.000 21.6712 1.236E-10 3.538E+08 3.493E-19 1.740E-23
1213 8.000 1 4.000 21.6108 9.929E-11 4.757E+09 2.087E-20 1.390E-23
615 8.000 1 4.000 21.7307 9.123E-11 4.392E+03 2.077E-14 1.292E-23
933 8.000 1 4.000 21.6864 9.040E-11 6.149E+08 1.470E-19 1.275E-23
1356 8.000 1 4.000 21.5857 8.594E-11 3.372E+09 2.548E-20 1.201E-23
885 8.000 1 4.000 21.7116 7.446E-11 7.999E+05 9.309E-17 1.053E-23
876 8.000 1 4.000 21.7117 7.034E-11 6.586E+08 1.068E-19 9.942E-24
1403 8.000 1 4.000 21.5707 3.437E-11 2.372E+09 1.449E-20 4.795E-24
184 6.000 1 4.000 21.9806 4.297E-12 7.885E-03 5.449E-10 4.668E-25
1408 8.000 1 4.000 21.5706 4.852E-13 1.135E+07 4.274E-20 6.770E-26
757 8.000 1 4.000 21.7154 3.976E-13 5.948E+03 6.685E-17 5.623E-26
1305 8.000 1 4.000 21.5997 3.438E-13 4.932E+09 6.969E-23 4.810E-26
1361 8.000 1 4.000 21.5857 2.998E-13 2.278E+07 1.316E-20 4.188E-26
1024 8.000 1 4.000 21.6570 1.850E-13 3.063E+09 6.039E-23 2.603E-26
1362 8.000 1 4.000 21.5857 1.057E-13 3.113E+07 3.395E-21 1.476E-26
1177 8.000 1 4.000 21.6149 7.740E-14 4.604E+09 1.681E-23 1.084E-26
1210 8.000 1 4.000 21.6108 6.796E-14 3.641E+09 1.867E-23 9.517E-27
1275 8.000 1 4.000 21.5998 6.648E-14 3.050E+09 2.180E-23 9.300E-27
231 6.000 1 4.000 21.9650 7.272E-14 1.092E-02 6.660E-12 7.890E-27
1469 8.000 1 4.000 21.4964 4.764E-14 5.742E+11 8.296E-26 6.600E-27
1494 8.000 1 4.000 21.4716 4.218E-14 3.459E+11 1.219E-25 5.830E-27
1152 8.000 1 4.000 21.6150 2.104E-14 3.121E+09 6.741E-24 2.947E-27
1525 8.000 1 4.000 21.4567 1.911E-14 2.227E+11 8.580E-26 2.640E-27
1353 8.000 1 4.000 21.5857 1.202E-14 2.606E+09 4.614E-24 1.680E-27
1313 8.000 1 4.000 21.5997 8.091E-15 1.207E+10 6.701E-25 1.132E-27
1409 8.000 1 4.000 21.5706 4.690E-15 2.645E+07 1.773E-22 6.542E-28
1180 8.000 1 4.000 21.6149 2.297E-15 1.299E+10 1.768E-25 3.220E-28
942 8.000 1 4.000 21.6864 1.377E-15 1.386E+04 9.935E-20 1.942E-28
1449 8.000 1 4.000 21.5421 3.469E-16 3.177E+11 1.092E-27 4.828E-29
1400 8.000 1 4.000 21.5707 3.109E-17 1.850E+09 1.680E-26 4.338E-30
988 8.000 1 4.000 21.6712 2.903E-17 1.691E+04 1.717E-21 4.087E-30
191 8.000 1 4.000 21.9806 2.005E-17 1.098E-01 1.827E-16 2.905E-30
1535 8.000 1 4.000 21.4567 8.346E-19 4.744E+09 1.759E-28 1.152E-31
1503 8.000 1 4.000 21.4716 2.293E-19 4.437E+09 5.167E-29 3.170E-32
182 8.000 1 4.000 21.9806 4.445E-20 2.255E-02 1.971E-18 6.440E-33
240 8.000 1 4.000 21.9650 1.121E-20 1.518E-01 7.384E-20 1.622E-33
232 8.000 1 4.000 21.9650 1.683E-21 3.119E-02 5.394E-20 2.434E-34
245 8.000 1 4.000 21.9650 9.783E-22 8.250E-07 1.186E-15 1.415E-34
