!@#  6   5.00      10.0      30.0      100.      300.     0.100E+04
     i     j       E(eV)       a0         a1         a2
     1    98   5127.646273  1.944E-08  1.049E+03 -3.032E+00
     5    98   1244.396865  4.933E-12  2.958E+02 -2.450E+00
    11    98    550.937521  5.268E-13  1.163E+02 -2.338E+00
    21    98    309.188477  1.270E-13  5.260E+01 -2.273E+00
    35    98    197.582107  4.930E-14  2.769E+01 -2.239E+00
    53    98    137.059350  2.380E-14  1.547E+01 -2.216E+00
    75    98    100.600523  1.376E-14  9.555E+00 -2.205E+00
     2    98   1267.323244  4.399E-12  3.614E+02 -2.563E+00
     8    98    557.244815  1.934E-13  1.130E+02 -2.350E+00
    13    98    546.704771  3.584E-08  1.313E+02 -4.137E+00
    18    98    311.826579  4.327E-14  4.964E+01 -2.276E+00
    23    98    307.477019  2.671E-09  1.386E+02 -3.886E+00
    32    98    198.947525  1.659E-14  2.592E+01 -2.240E+00
    37    98    196.744624  2.307E-10  1.081E+02 -3.649E+00
    50    98    137.868505  7.982E-15  1.435E+01 -2.217E+00
    55    98    136.602037  3.390E-11  8.213E+01 -3.465E+00
    72    98    101.136132  4.608E-15  8.766E+00 -2.206E+00
    77    98    100.342597  8.256E-12  6.465E+01 -3.337E+00
     3    98   1246.795319  7.141E-09  2.317E+02 -3.461E+00
     9    98    551.538108  1.871E-10  2.020E+02 -3.168E+00
    19    98    309.462017  9.388E-12  1.148E+02 -2.907E+00
    33    98    197.743091  1.402E-12  7.007E+01 -2.751E+00
    51    98    137.170547  3.713E-13  4.580E+01 -2.650E+00
    73    98    100.692362  1.444E-13  3.247E+01 -2.586E+00
     4    98   1245.165740  3.124E-09  2.347E+02 -3.472E+00
     7    98   1225.085061  2.105E-09  1.974E+02 -3.384E+00
    10    98    551.065071  7.703E-11  2.015E+02 -3.172E+00
    17    98    545.351209  1.092E-10  2.024E+02 -3.168E+00
    20    98    309.263216  3.841E-12  1.145E+02 -2.911E+00
    31    98    306.848555  5.852E-12  1.162E+02 -2.915E+00
    34    98    197.641175  5.730E-13  6.988E+01 -2.755E+00
    49    98    196.386618  8.782E-13  7.105E+01 -2.760E+00
    52    98    137.111302  1.519E-13  4.569E+01 -2.653E+00
    71    98    136.367036  2.315E-13  4.650E+01 -2.657E+00
    74    98    100.654677  5.950E-14  3.247E+01 -2.589E+00
    97    98    100.162442  9.015E-14  3.318E+01 -2.594E+00
     6    98   1240.655062  3.077E-09  2.300E+02 -3.475E+00
    12    98    549.730625  8.011E-11  2.002E+02 -3.180E+00
    22    98    308.702560  4.003E-12  1.140E+02 -2.918E+00
    26    98    307.192644  2.878E-07  9.616E+01 -4.855E+00
    36    98    197.355487  5.937E-13  6.965E+01 -2.761E+00
    40    98    196.602623  5.128E-08  1.082E+02 -4.659E+00
    54    98    136.946898  1.562E-13  4.558E+01 -2.659E+00
    58    98    136.523498  7.913E-09  9.815E+01 -4.462E+00
    76    98    100.552072  6.098E-14  3.253E+01 -2.596E+00
    79    98    100.297539  1.580E-09  8.553E+01 -4.297E+00
    14    98    546.634604  2.184E-08  1.314E+02 -4.137E+00
    16    98    545.969293  3.331E-08  1.318E+02 -4.144E+00
    24    98    307.441028  1.641E-09  1.386E+02 -3.887E+00
    28    98    307.145171  2.457E-09  1.387E+02 -3.893E+00
    38    98    196.724796  1.423E-10  1.081E+02 -3.649E+00
    42    98    196.569275  2.105E-10  1.082E+02 -3.654E+00
    56    98    136.590069  2.094E-11  8.214E+01 -3.465E+00
    60    98    136.498490  3.056E-11  8.216E+01 -3.469E+00
    78    98    100.334778  5.113E-12  6.466E+01 -3.337E+00
    82    98    100.276128  7.433E-12  6.477E+01 -3.341E+00
    15    98    546.120772  2.405E-08  1.317E+02 -4.145E+00
    25    98    307.231057  1.782E-09  1.386E+02 -3.893E+00
    39    98    196.618846  1.530E-10  1.081E+02 -3.654E+00
    43    98    196.540865  3.254E-06  8.079E+01 -5.637E+00
    57    98    136.529302  2.225E-11  8.210E+01 -3.470E+00
    61    98    136.488164  1.031E-06  9.075E+01 -5.475E+00
    81    98    100.296813  5.421E-12  6.473E+01 -3.341E+00
    83    98    100.275640  2.680E-07  8.868E+01 -5.320E+00
    27    98    307.191957  2.056E-07  9.616E+01 -4.855E+00
    30    98    307.068319  2.815E-07  9.637E+01 -4.860E+00
    41    98    196.602065  3.663E-08  1.082E+02 -4.659E+00
    46    98    196.538664  5.030E-08  1.084E+02 -4.664E+00
    59    98    136.523104  5.653E-09  9.816E+01 -4.462E+00
    64    98    136.486335  7.696E-09  9.836E+01 -4.466E+00
    80    98    100.297261  1.129E-09  8.553E+01 -4.297E+00
    86    98    100.274011  1.514E-09  8.552E+01 -4.299E+00
    29    98    307.069257  2.189E-07  9.637E+01 -4.860E+00
    45    98    196.539431  3.912E-08  1.084E+02 -4.664E+00
    63    98    136.486880  5.986E-09  9.836E+01 -4.466E+00
    65    98    136.466308  4.047E-05  7.078E+01 -6.459E+00
    85    98    100.274396  1.177E-09  8.552E+01 -4.299E+00
    87    98    100.261824  1.945E-05  7.842E+01 -6.320E+00
    44    98    196.540861  2.531E-06  8.079E+01 -5.637E+00
    48    98    196.503057  3.262E-06  8.102E+01 -5.642E+00
    62    98    136.488160  8.021E-07  9.075E+01 -5.475E+00
    68    98    136.466255  1.038E-06  9.101E+01 -5.481E+00
    84    98    100.275637  2.084E-07  8.868E+01 -5.320E+00
    90    98    100.261777  2.670E-07  8.886E+01 -5.324E+00
    47    98    196.503061  2.669E-06  8.102E+01 -5.642E+00
    67    98    136.466259  8.490E-07  9.101E+01 -5.481E+00
    89    98    100.261781  2.185E-07  8.886E+01 -5.324E+00
    93    98    100.252611  4.636E-04  6.247E+01 -7.299E+00
    66    98    136.466308  3.311E-05  7.078E+01 -6.459E+00
    69    98    136.451727  4.067E-05  7.089E+01 -6.463E+00
    88    98    100.261824  1.591E-05  7.842E+01 -6.320E+00
    92    98    100.252614  2.145E-05  7.915E+01 -6.338E+00
    70    98    136.451727  3.441E-05  7.089E+01 -6.463E+00
    91    98    100.252614  1.815E-05  7.915E+01 -6.338E+00
    94    98    100.252611  3.923E-04  6.247E+01 -7.299E+00
    96    98    100.246052  5.360E-04  6.321E+01 -7.324E+00
    95    98    100.246052  4.645E-04  6.321E+01 -7.324E+00
