!@# 6 2.00 4.00 10.0 30.0 100. 300.
i j E(eV) a0 a1 a2
1 50 2304.205202 6.330E-10 2.831E+02 -2.999E+00
3 50 576.419987 1.755E-12 1.339E+02 -2.562E+00
6 50 256.049343 8.983E-14 4.020E+01 -2.340E+00
11 50 143.968856 2.169E-14 1.699E+01 -2.264E+00
18 50 92.113349 8.886E-15 8.747E+00 -2.232E+00
27 50 63.954103 4.527E-15 4.873E+00 -2.212E+00
38 50 46.979277 2.713E-15 2.984E+00 -2.206E+00
2 50 576.470702 5.762E-10 8.339E+01 -3.496E+00
5 50 256.064369 1.336E-11 7.677E+01 -3.147E+00
10 50 143.975195 7.490E-13 4.250E+01 -2.866E+00
17 50 92.116592 1.268E-13 2.542E+01 -2.705E+00
26 50 63.955982 3.811E-14 1.651E+01 -2.607E+00
37 50 46.980460 1.561E-14 1.132E+01 -2.541E+00
4 50 575.167168 5.896E-10 8.320E+01 -3.501E+00
8 50 255.678017 1.358E-11 7.647E+01 -3.151E+00
13 50 143.812213 7.617E-13 4.238E+01 -2.870E+00
20 50 92.033144 1.294E-13 2.542E+01 -2.710E+00
29 50 63.907674 3.881E-14 1.652E+01 -2.611E+00
40 50 46.950013 1.581E-14 1.129E+01 -2.544E+00
7 50 255.678678 2.059E-09 5.322E+01 -4.131E+00
12 50 143.812494 1.471E-10 5.685E+01 -3.840E+00
19 50 92.033286 1.260E-11 4.303E+01 -3.568E+00
28 50 63.907754 2.023E-12 3.209E+01 -3.371E+00
39 50 46.950060 4.668E-13 2.392E+01 -3.213E+00
9 50 255.550445 2.088E-09 5.328E+01 -4.134E+00
15 50 143.758377 1.485E-10 5.685E+01 -3.843E+00
22 50 92.005558 1.273E-11 4.306E+01 -3.570E+00
31 50 63.891677 2.049E-12 3.216E+01 -3.374E+00
42 50 46.939896 4.720E-13 2.396E+01 -3.216E+00
14 50 143.758474 8.951E-09 4.093E+01 -4.809E+00
21 50 92.005605 1.460E-09 4.564E+01 -4.574E+00
30 50 63.891701 2.181E-10 4.055E+01 -4.344E+00
41 50 46.939910 3.638E-11 3.363E+01 -4.125E+00
16 50 143.731445 9.031E-09 4.097E+01 -4.811E+00
24 50 91.991754 1.464E-09 4.563E+01 -4.574E+00
33 50 63.883660 2.226E-10 4.066E+01 -4.347E+00
43 50 46.934805 3.740E-11 3.377E+01 -4.130E+00
23 50 91.991768 4.305E-08 3.396E+01 -5.534E+00
32 50 63.883667 1.322E-08 3.826E+01 -5.344E+00
44 50 46.934805 2.920E-09 3.643E+01 -5.140E+00
25 50 91.983487 4.317E-08 3.396E+01 -5.534E+00
34 50 63.878862 1.355E-08 3.835E+01 -5.349E+00
45 50 46.931750 3.003E-09 3.657E+01 -5.144E+00
35 50 63.878860 2.214E-07 2.935E+01 -6.302E+00
46 50 46.931747 1.272E-07 3.341E+01 -6.174E+00
36 50 63.875664 2.215E-07 2.933E+01 -6.303E+00
47 50 46.929721 1.250E-07 3.337E+01 -6.171E+00
48 50 46.929719 1.529E-06 2.668E+01 -7.158E+00
49 50 46.928281 1.474E-06 2.656E+01 -7.152E+00
