j g(j) i g(i) wl A A+A^a A/(A+A^a) f
4 4.000 1 2.000 7.17076 1.786E+13 1.786E+13 1.000E+00 2.754E-01
2 2.000 1 2.000 7.17617 1.774E+13 1.774E+13 1.000E+00 1.369E-01
8 4.000 1 2.000 6.05241 4.788E+12 5.426E+12 8.823E-01 5.260E-02
5 2.000 1 2.000 6.05355 4.729E+12 5.372E+12 8.803E-01 2.598E-02
13 4.000 1 2.000 5.73901 1.954E+12 2.327E+12 8.397E-01 1.930E-02
10 2.000 1 2.000 5.73944 1.926E+12 2.301E+12 8.371E-01 9.515E-03
20 4.000 1 2.000 5.60468 9.858E+11 1.204E+12 8.184E-01 9.285E-03
29 4.000 1 2.000 5.53432 5.658E+11 7.020E+11 8.059E-01 5.195E-03
17 2.000 1 2.000 5.60489 9.705E+11 1.190E+12 8.155E-01 4.572E-03
40 4.000 1 2.000 5.49274 3.545E+11 4.443E+11 7.979E-01 3.208E-03
26 2.000 1 2.000 5.53444 5.570E+11 6.937E+11 8.030E-01 2.557E-03
37 2.000 1 2.000 5.49281 3.488E+11 4.389E+11 7.947E-01 1.578E-03
9 6.000 1 2.000 6.05203 2.848E+09 1.850E+12 1.540E-03 4.691E-05
7 4.000 1 2.000 6.05241 2.823E+09 1.853E+12 1.523E-03 3.100E-05
15 6.000 1 2.000 5.73887 1.570E+09 7.926E+11 1.980E-03 2.325E-05
12 4.000 1 2.000 5.73901 1.554E+09 7.943E+11 1.956E-03 1.535E-05
22 6.000 1 2.000 5.60461 8.867E+08 4.115E+11 2.155E-03 1.252E-05
19 4.000 1 2.000 5.60468 8.773E+08 4.124E+11 2.127E-03 8.265E-06
31 6.000 1 2.000 5.53428 5.387E+08 2.408E+11 2.237E-03 7.420E-06
28 4.000 1 2.000 5.53432 5.328E+08 2.413E+11 2.208E-03 4.893E-06
42 6.000 1 2.000 5.49272 3.488E+08 1.529E+11 2.281E-03 4.733E-06
39 4.000 1 2.000 5.49274 3.450E+08 1.532E+11 2.252E-03 3.120E-06
3 2.000 1 2.000 7.17596 3.472E+05 3.472E+05 1.000E+00 2.680E-09
6 2.000 1 2.000 6.05350 1.542E+05 1.829E+11 8.428E-07 8.470E-10
11 2.000 1 2.000 5.73943 7.370E+04 1.278E+11 5.768E-07 3.638E-10
18 2.000 1 2.000 5.60488 3.986E+04 8.212E+10 4.854E-07 1.877E-10
27 2.000 1 2.000 5.53443 2.376E+04 5.405E+10 4.395E-07 1.091E-10
38 2.000 1 2.000 5.49281 1.522E+04 3.692E+10 4.123E-07 6.885E-11
14 6.000 1 2.000 5.73887 3.787E-02 3.944E+11 9.602E-14 5.610E-16
21 6.000 1 2.000 5.60461 3.312E-02 2.040E+11 1.623E-13 4.677E-16
30 6.000 1 2.000 5.53428 2.427E-02 1.193E+11 2.033E-13 3.344E-16
41 6.000 1 2.000 5.49272 1.740E-02 7.587E+10 2.293E-13 2.362E-16
