                 wl             A       A+Aa         f
  369    1    17.4021      4.040E+12  4.428E+14  1.223E-01
  367    1    17.4089      2.088E+12  3.312E+14  9.487E-02
  373    1    17.3677      1.148E+12  2.495E+14  6.922E-02
  485    1    17.0402      8.502E+11  3.367E+14  4.935E-02
  368    1    17.4029      7.135E+11  2.493E+14  4.320E-02
  416    1    17.2766      5.464E+11  3.548E+14  3.260E-02
  370    1    17.3949      6.933E+11  2.623E+14  3.145E-02
  375    1    17.3607      6.577E+11  2.444E+14  2.972E-02
  475    1    17.0980      4.518E+11  2.914E+14  2.640E-02
  381    1    17.3518      4.196E+11  2.819E+14  2.525E-02
  362    1    17.4324      3.655E+11  2.042E+14  2.220E-02
  363    1    17.4238      3.412E+11  2.049E+14  1.553E-02
  472    1    17.1081      3.482E+11  3.146E+14  1.528E-02
  364    1    17.4162      4.912E+11  2.244E+14  1.490E-02
  483    1    17.0445      3.278E+11  3.362E+14  1.428E-02
  428    1    17.2526      1.699E+11  3.543E+14  1.011E-02
  414    1    17.2809      1.873E+11  3.098E+14  8.388E-03
  474    1    17.1010      1.524E+11  4.088E+14  6.685E-03
  471    1    17.1091      2.226E+11  2.943E+14  6.513E-03
  477    1    17.0807      1.024E+11  3.240E+14  5.973E-03
  410    1    17.2943      8.890E+10  3.127E+14  5.315E-03
  489    1    17.0292      7.926E+10  2.767E+14  4.595E-03
  451    1    17.1945      6.884E+10  3.794E+14  4.068E-03
  384    1    17.3407      8.722E+10  2.486E+14  3.932E-03
  481    1    17.0531      8.783E+10  2.830E+14  3.830E-03
  469    1    17.1240      6.288E+10  3.493E+14  3.685E-03
  378    1    17.3541      1.221E+11  2.216E+14  3.675E-03
  498    1    16.9983      5.892E+10  3.019E+14  3.403E-03
  454    1    17.1877      3.712E+10  3.176E+14  2.193E-03
  480    1    17.0575      7.062E+10  3.388E+14  2.053E-03
  446    1    17.2049      3.419E+10  3.418E+14  2.023E-03
  479    1    17.0704      6.835E+10  3.596E+14  1.990E-03
  429    1    17.2518      4.183E+10  3.280E+14  1.867E-03
  392    1    17.3221      5.925E+10  2.736E+14  1.777E-03
  426    1    17.2546      3.775E+10  4.211E+14  1.685E-03
  411    1    17.2880      3.702E+10  3.621E+14  1.659E-03
  449    1    17.1973      3.517E+10  3.756E+14  1.559E-03
  412    1    17.2842      5.050E+10  3.293E+14  1.507E-03
  371    1    17.3842      4.712E+10  2.371E+14  1.424E-03
  504    1    16.9796      3.023E+10  3.440E+14  1.307E-03
  394    1    17.3191      2.112E+10  2.450E+14  1.267E-03
  401    1    17.3035      2.523E+10  3.490E+14  1.133E-03
  513    1    16.9524      1.610E+10  3.415E+14  9.247E-04
  438    1    17.2219      1.469E+10  3.408E+14  8.707E-04
  450    1    17.1956      2.740E+10  3.741E+14  8.098E-04
  404    1    17.2994      1.282E+10  2.999E+14  7.675E-04
  393    1    17.3203      1.601E+10  3.292E+14  7.202E-04
  421    1    17.2683      2.252E+10  3.783E+14  6.712E-04
  433    1    17.2320      1.439E+10  3.310E+14  6.407E-04
  501    1    16.9941      1.913E+10  3.477E+14  5.523E-04
  462    1    17.1644      8.773E+09  3.691E+14  3.875E-04
  439    1    17.2170      8.560E+09  3.801E+14  3.803E-04
  423    1    17.2618      6.250E+09  3.582E+14  3.722E-04
  470    1    17.1197      8.467E+09  3.630E+14  3.720E-04
  442    1    17.2094      7.258E+09  3.342E+14  3.223E-04
  432    1    17.2350      7.172E+09  4.456E+14  3.193E-04
  397    1    17.3108      5.191E+09  2.865E+14  3.110E-04
  418    1    17.2741      5.970E+09  4.370E+14  2.672E-04
  502    1    16.9905      5.598E+09  2.796E+14  2.423E-04
  493    1    17.0124      3.552E+09  2.858E+14  2.055E-04
  386    1    17.3301      3.174E+09  3.043E+14  1.905E-04
  515    1    16.9391      2.935E+09  3.721E+14  1.683E-04
  447    1    17.2043      3.647E+09  3.786E+14  1.618E-04
  466    1    17.1401      5.202E+09  3.612E+14  1.528E-04
  491    1    17.0237      3.433E+09  2.833E+14  1.491E-04
  500    1    16.9975      4.880E+09  3.489E+14  1.409E-04
  435    1    17.2306      1.936E+09  4.249E+14  1.149E-04
  525    1    16.9029      1.858E+09  3.025E+14  1.061E-04
  510    1    16.9646      2.352E+09  3.322E+14  1.014E-04
  430    1    17.2469      2.915E+09  4.154E+14  8.665E-05
  529    1    16.8776      1.094E+09  3.343E+14  6.230E-05
  522    1    16.9142      1.009E+09  3.555E+14  5.770E-05
  413    1    17.2813      1.853E+09  3.029E+14  5.532E-05
  518    1    16.9275      1.057E+09  3.667E+14  4.540E-05
  387    1    17.3294      1.428E+09  2.504E+14  4.288E-05
  422    1    17.2682      6.748E+08  3.644E+14  4.022E-05
  456    1    17.1807      1.276E+09  3.658E+14  3.763E-05
  524    1    16.9077      1.270E+09  2.888E+14  3.628E-05
  419    1    17.2705      7.313E+08  4.260E+14  3.270E-05
  512    1    16.9602      1.086E+09  3.189E+14  3.122E-05
  463    1    17.1586      5.078E+08  3.587E+14  2.988E-05
  521    1    16.9164      6.935E+08  2.910E+14  2.975E-05
  440    1    17.2114      9.248E+08  4.423E+14  2.738E-05
  507    1    16.9763      4.465E+08  4.103E+14  2.572E-05
  530    1    16.8772      5.970E+08  3.715E+14  2.550E-05
  455    1    17.1819      5.627E+08  2.724E+14  2.490E-05
  534    1    16.8430      5.843E+08  3.644E+14  2.485E-05
  399    1    17.3081      4.505E+08  3.142E+14  2.023E-05
  506    1    16.9767      6.520E+08  3.152E+14  1.878E-05
  503    1    16.9848      3.089E+08  3.561E+14  1.782E-05
  444    1    17.2066      5.970E+08  3.002E+14  1.767E-05
  496    1    17.0024      3.822E+08  3.075E+14  1.656E-05
  468    1    17.1247      3.715E+08  3.465E+14  1.089E-05
  382    1    17.3456      1.146E+08  2.701E+14  6.890E-06
  519    1    16.9238      2.330E+08  3.956E+14  6.668E-06
  517    1    16.9339      1.191E+08  3.592E+14  5.122E-06
  526    1    16.9019      1.100E+08  3.108E+14  4.712E-06
  536    1    16.8299      5.839E+07  4.086E+14  3.307E-06
  425    1    17.2582      1.012E+08  4.187E+14  3.013E-06
  434    1    17.2312      6.242E+07  2.433E+14  1.853E-06
  535    1    16.8313      4.225E+07  3.953E+14  1.196E-06
  453    1    17.1907      3.985E+07  3.001E+14  1.177E-06
  457    1    17.1794      1.521E+07  3.226E+14  8.972E-07
  520    1    16.9176      2.902E+07  3.794E+14  8.302E-07
  406    1    17.2972      2.032E+07  3.821E+14  6.075E-07
  464    1    17.1538      1.382E+07  3.449E+14  4.067E-07
  532    1    16.8554      7.795E+06  3.593E+14  2.213E-07
  537    1    16.7847      4.043E+06  3.041E+14  1.708E-07
  492    1    17.0218      5.582E+06  2.632E+14  1.617E-07
  538    1    16.7658      7.452E+02  3.670E+14  2.093E-11
