j g(j) i g(i) wl A A+A^a A/(A+A^a) f
7 3.000 1 1.000 9.16894 1.813E+13 1.813E+13 1.000E+00 6.856E-01
17 3.000 1 1.000 7.85373 5.720E+12 6.046E+12 9.461E-01 1.587E-01
31 3.000 1 1.000 7.47716 2.563E+12 2.771E+12 9.251E-01 6.445E-02
49 3.000 1 1.000 7.31463 1.401E+12 1.539E+12 9.106E-01 3.371E-02
71 3.000 1 1.000 7.22919 8.803E+11 9.861E+11 8.927E-01 2.069E-02
97 3.000 1 1.000 7.17855 6.433E+11 7.637E+11 8.424E-01 1.491E-02
4 3.000 1 1.000 9.23741 1.705E+10 1.718E+10 9.923E-01 6.544E-04
10 3.000 1 1.000 7.86832 5.287E+09 3.417E+11 1.547E-02 1.472E-04
16 5.000 1 1.000 7.85857 1.625E+09 9.483E+11 1.714E-03 7.524E-05
20 3.000 1 1.000 7.48288 2.186E+09 2.088E+11 1.047E-02 5.506E-05
30 5.000 1 1.000 7.47924 9.676E+08 4.176E+11 2.317E-03 4.058E-05
34 3.000 1 1.000 7.31754 1.078E+09 1.301E+11 8.280E-03 2.596E-05
48 5.000 1 1.000 7.31580 5.726E+08 2.299E+11 2.491E-03 2.297E-05
70 5.000 1 1.000 7.22997 3.626E+08 1.518E+11 2.389E-03 1.421E-05
52 3.000 1 1.000 7.23094 5.907E+08 9.002E+10 6.561E-03 1.389E-05
96 5.000 1 1.000 7.17918 2.488E+08 1.379E+11 1.804E-03 9.611E-06
74 3.000 1 1.000 7.17976 3.357E+08 7.808E+10 4.299E-03 7.781E-06
14 5.000 1 1.000 7.85930 8.538E+07 9.820E+11 8.695E-05 3.953E-06
24 5.000 1 1.000 7.47958 3.146E+07 4.345E+11 7.240E-05 1.319E-06
5 5.000 1 1.000 9.23417 9.494E+06 1.587E+08 5.983E-02 6.069E-07
38 5.000 1 1.000 7.31598 1.505E+07 2.360E+11 6.377E-05 6.039E-07
56 5.000 1 1.000 7.23009 8.320E+06 1.498E+11 5.553E-05 3.260E-07
80 5.000 1 1.000 7.17926 4.986E+06 1.201E+11 4.152E-05 1.926E-07
11 5.000 1 1.000 7.86763 3.830E+06 3.351E+11 1.143E-05 1.778E-07
21 5.000 1 1.000 7.48262 1.817E+06 2.059E+11 8.822E-06 7.625E-08
35 5.000 1 1.000 7.31742 9.998E+05 1.287E+11 7.766E-06 4.013E-08
53 5.000 1 1.000 7.23086 6.162E+05 8.923E+10 6.906E-06 2.415E-08
75 5.000 1 1.000 7.17971 4.230E+05 7.764E+10 5.448E-06 1.635E-08
2 3.000 1 1.000 9.32148 6.970E+04 6.970E+04 1.000E+00 2.725E-09
8 3.000 1 1.000 7.88513 3.152E+04 1.327E+11 2.376E-07 8.814E-10
18 3.000 1 1.000 7.48918 1.535E+04 9.934E+10 1.545E-07 3.872E-10
32 3.000 1 1.000 7.32062 8.490E+03 7.308E+10 1.162E-07 2.046E-10
50 3.000 1 1.000 7.23268 5.203E+03 6.182E+10 8.417E-08 1.224E-10
72 3.000 1 1.000 7.18086 3.507E+03 7.754E+10 4.522E-08 8.133E-11
13 3.000 1 1.000 7.85939 3.023E+02 9.841E+11 3.072E-10 8.398E-12
23 3.000 1 1.000 7.47962 1.949E+02 4.353E+11 4.477E-10 4.904E-12
37 3.000 1 1.000 7.31600 1.196E+02 2.363E+11 5.064E-10 2.880E-12
55 3.000 1 1.000 7.23010 7.717E+01 1.499E+11 5.149E-10 1.814E-12
77 3.000 1 1.000 7.17927 5.330E+01 1.199E+11 4.447E-10 1.236E-12
26 5.000 1 1.000 7.47945 6.170E-03 2.026E+11 3.046E-14 2.587E-16
40 5.000 1 1.000 7.31594 5.472E-03 1.054E+11 5.190E-14 2.195E-16
57 5.000 1 1.000 7.23007 4.060E-03 6.264E+10 6.481E-14 1.591E-16
78 5.000 1 1.000 7.17927 2.954E-03 4.210E+10 7.016E-14 1.141E-16
