j g(j) i g(i) wl A A+A^a A/(A+A^a) f
4 4.000 1 2.000 6.18030 2.402E+13 2.402E+13 1.000E+00 2.751E-01
2 2.000 1 2.000 6.18571 2.382E+13 2.382E+13 1.000E+00 1.367E-01
8 4.000 1 2.000 5.21672 6.443E+12 7.301E+12 8.824E-01 5.260E-02
5 2.000 1 2.000 5.21786 6.350E+12 7.216E+12 8.800E-01 2.592E-02
13 4.000 1 2.000 4.94665 2.630E+12 3.132E+12 8.398E-01 1.930E-02
10 2.000 1 2.000 4.94709 2.586E+12 3.091E+12 8.368E-01 9.490E-03
20 4.000 1 2.000 4.83090 1.327E+12 1.621E+12 8.185E-01 9.285E-03
29 4.000 1 2.000 4.77026 7.615E+11 9.447E+11 8.060E-01 5.195E-03
17 2.000 1 2.000 4.83111 1.303E+12 1.598E+12 8.152E-01 4.560E-03
40 4.000 1 2.000 4.73443 4.773E+11 5.981E+11 7.980E-01 3.208E-03
26 2.000 1 2.000 4.77038 7.475E+11 9.315E+11 8.025E-01 2.550E-03
37 2.000 1 2.000 4.73451 4.683E+11 5.895E+11 7.944E-01 1.574E-03
9 6.000 1 2.000 5.21634 4.437E+09 2.488E+12 1.783E-03 5.430E-05
7 4.000 1 2.000 5.21672 4.393E+09 2.494E+12 1.761E-03 3.584E-05
15 6.000 1 2.000 4.94651 2.447E+09 1.067E+12 2.294E-03 2.692E-05
12 4.000 1 2.000 4.94666 2.418E+09 1.069E+12 2.262E-03 1.774E-05
22 6.000 1 2.000 4.83083 1.382E+09 5.540E+11 2.495E-03 1.451E-05
19 4.000 1 2.000 4.83090 1.365E+09 5.551E+11 2.459E-03 9.555E-06
31 6.000 1 2.000 4.77022 8.397E+08 3.241E+11 2.590E-03 8.595E-06
28 4.000 1 2.000 4.77026 8.290E+08 3.249E+11 2.552E-03 5.655E-06
42 6.000 1 2.000 4.73441 5.437E+08 2.058E+11 2.641E-03 5.480E-06
39 4.000 1 2.000 4.73443 5.368E+08 2.063E+11 2.602E-03 3.607E-06
3 2.000 1 2.000 6.18551 7.295E+05 7.295E+05 1.000E+00 4.185E-09
6 2.000 1 2.000 5.21782 3.238E+05 2.466E+11 1.313E-06 1.322E-09
11 2.000 1 2.000 4.94707 1.548E+05 1.723E+11 8.985E-07 5.680E-10
18 2.000 1 2.000 4.83110 8.375E+04 1.107E+11 7.565E-07 2.930E-10
27 2.000 1 2.000 4.77038 4.989E+04 7.284E+10 6.849E-07 1.702E-10
38 2.000 1 2.000 4.73450 3.196E+04 4.976E+10 6.424E-07 1.075E-10
14 6.000 1 2.000 4.94651 9.208E-02 5.306E+11 1.736E-13 1.014E-15
21 6.000 1 2.000 4.83083 8.052E-02 2.745E+11 2.934E-13 8.450E-16
30 6.000 1 2.000 4.77022 5.903E-02 1.606E+11 3.676E-13 6.040E-16
41 6.000 1 2.000 4.73441 4.233E-02 1.021E+11 4.146E-13 4.268E-16
