!@# 6 5.00 10.0 30.0 100. 300. 0.100E+04
i j E(eV) a0 a1 a2
1 98 1760.581557 2.800E-09 4.668E+02 -3.046E+00
6 98 417.496372 2.773E-12 1.502E+02 -2.576E+00
12 98 184.517907 2.212E-13 5.659E+01 -2.420E+00
22 98 103.490623 5.202E-14 2.725E+01 -2.346E+00
36 98 66.111397 1.970E-14 1.541E+01 -2.307E+00
54 98 45.844995 9.504E-15 9.664E+00 -2.283E+00
76 98 33.629182 5.343E-15 6.619E+00 -2.267E+00
2 98 430.480145 1.491E-12 1.562E+02 -2.635E+00
8 98 188.189825 7.967E-14 5.364E+01 -2.430E+00
13 98 183.039318 3.792E-09 6.053E+01 -4.298E+00
18 98 105.057570 1.787E-14 2.551E+01 -2.351E+00
23 98 102.942139 5.872E-10 6.386E+01 -4.125E+00
32 98 66.938178 6.684E-15 1.438E+01 -2.310E+00
37 98 65.869730 1.000E-10 5.409E+01 -3.962E+00
50 98 46.346350 3.208E-15 8.979E+00 -2.285E+00
55 98 45.733434 2.364E-11 4.482E+01 -3.832E+00
72 98 33.974931 1.798E-15 6.088E+00 -2.269E+00
77 98 33.591929 7.317E-12 3.746E+01 -3.730E+00
3 98 418.594686 1.099E-09 1.078E+02 -3.556E+00
9 98 184.894284 5.526E-11 9.134E+01 -3.323E+00
19 98 103.690534 5.076E-12 5.923E+01 -3.122E+00
33 98 66.240159 9.707E-13 4.032E+01 -2.989E+00
51 98 45.940303 2.882E-13 2.906E+01 -2.898E+00
73 98 33.714713 1.146E-13 2.215E+01 -2.833E+00
4 98 418.374502 4.980E-10 1.086E+02 -3.562E+00
7 98 408.351924 4.216E-10 1.052E+02 -3.510E+00
10 98 184.829974 2.428E-11 9.121E+01 -3.325E+00
17 98 181.903640 2.959E-11 9.319E+01 -3.317E+00
20 98 103.663589 2.230E-12 5.917E+01 -3.124E+00
31 98 102.396516 2.852E-12 6.052E+01 -3.122E+00
34 98 66.226428 4.267E-13 4.029E+01 -2.991E+00
49 98 65.550992 5.514E-13 4.116E+01 -2.991E+00
52 98 45.932390 1.267E-13 2.904E+01 -2.900E+00
71 98 45.518751 1.640E-13 2.965E+01 -2.900E+00
74 98 33.709760 5.053E-14 2.216E+01 -2.836E+00
97 98 33.420115 6.537E-14 2.268E+01 -2.836E+00
5 98 417.903545 4.517E-10 1.076E+02 -3.562E+00
11 98 184.692152 2.265E-11 9.112E+01 -3.328E+00
21 98 103.605952 2.078E-12 5.914E+01 -3.127E+00
26 98 102.904743 2.077E-08 4.428E+01 -5.093E+00
35 98 66.197146 3.969E-13 4.029E+01 -2.994E+00
40 98 65.854303 6.835E-09 4.932E+01 -4.966E+00
53 98 45.915582 1.175E-13 2.905E+01 -2.902E+00
57 98 45.727642 1.979E-09 4.696E+01 -4.841E+00
75 98 33.699314 4.675E-14 2.217E+01 -2.838E+00
78 98 33.591897 6.459E-10 4.306E+01 -4.735E+00
14 98 183.020643 2.514E-09 6.059E+01 -4.299E+00
16 98 182.874869 3.242E-09 6.075E+01 -4.301E+00
24 98 102.933645 3.956E-10 6.388E+01 -4.126E+00
30 98 102.857472 4.940E-10 6.399E+01 -4.127E+00
38 98 65.865270 6.780E-11 5.410E+01 -3.963E+00
48 98 65.822332 8.358E-11 5.418E+01 -3.964E+00
56 98 45.730814 1.608E-11 4.483E+01 -3.833E+00
70 98 45.704349 1.965E-11 4.488E+01 -3.834E+00
80 98 33.590255 5.002E-12 3.748E+01 -3.731E+00
96 98 33.572493 6.079E-12 3.754E+01 -3.733E+00
15 98 182.974157 2.484E-09 6.063E+01 -4.301E+00
25 98 102.914776 3.836E-10 6.391E+01 -4.128E+00
39 98 65.855761 6.524E-11 5.413E+01 -3.965E+00
42 98 65.848206 1.466E-07 3.702E+01 -5.947E+00
59 98 45.725357 1.538E-11 4.485E+01 -3.835E+00
60 98 45.724397 8.184E-08 4.126E+01 -5.853E+00
93 98 33.586844 4.777E-12 3.752E+01 -3.733E+00
81 98 33.590097 3.253E-08 4.098E+01 -5.744E+00
27 98 102.904411 1.484E-08 4.428E+01 -5.093E+00
29 98 102.890429 2.005E-08 4.435E+01 -5.096E+00
41 98 65.854037 4.886E-09 4.932E+01 -4.966E+00
45 98 65.846821 6.611E-09 4.940E+01 -4.969E+00
58 98 45.727455 1.415E-09 4.696E+01 -4.841E+00
63 98 45.723242 1.911E-09 4.703E+01 -4.844E+00
79 98 33.591765 4.619E-10 4.307E+01 -4.735E+00
84 98 33.589074 6.203E-10 4.308E+01 -4.737E+00
28 98 102.890900 1.560E-08 4.434E+01 -5.096E+00
44 98 65.847211 5.145E-09 4.940E+01 -4.969E+00
62 98 45.723521 1.488E-09 4.703E+01 -4.844E+00
64 98 45.721958 1.290E-06 3.298E+01 -6.867E+00
83 98 33.589274 4.829E-10 4.308E+01 -4.737E+00
85 98 33.588547 8.700E-07 3.567E+01 -6.764E+00
43 98 65.848205 1.140E-07 3.702E+01 -5.947E+00
47 98 65.843959 1.448E-07 3.708E+01 -5.950E+00
61 98 45.724395 6.365E-08 4.126E+01 -5.853E+00
67 98 45.721930 8.082E-08 4.133E+01 -5.856E+00
82 98 33.590096 2.530E-08 4.098E+01 -5.744E+00
88 98 33.588522 3.093E-08 4.083E+01 -5.741E+00
46 98 65.843961 1.185E-07 3.708E+01 -5.950E+00
66 98 45.721932 6.612E-08 4.133E+01 -5.856E+00
87 98 33.588523 2.530E-08 4.083E+01 -5.741E+00
91 98 33.587505 1.971E-05 3.131E+01 -7.918E+00
65 98 45.721958 1.055E-06 3.298E+01 -6.867E+00
68 98 45.720320 1.281E-06 3.301E+01 -6.869E+00
86 98 33.588547 7.118E-07 3.567E+01 -6.764E+00
90 98 33.587506 7.934E-07 3.540E+01 -6.752E+00
69 98 45.720320 1.084E-06 3.301E+01 -6.869E+00
89 98 33.587506 6.713E-07 3.540E+01 -6.752E+00
92 98 33.587505 1.668E-05 3.131E+01 -7.918E+00
95 98 33.586768 2.582E-05 3.224E+01 -7.962E+00
94 98 33.586768 2.238E-05 3.224E+01 -7.962E+00
