!@# 6 5.00 10.0 30.0 100. 300. 0.100E+04
i j E(eV) a0 a1 a2
1 98 550.851106 4.751E-10 2.225E+02 -3.099E+00
6 98 125.156670 1.280E-12 7.414E+01 -2.722E+00
12 98 54.970610 1.033E-13 3.058E+01 -2.559E+00
22 98 30.746154 2.364E-14 1.631E+01 -2.478E+00
36 98 19.603894 8.601E-15 1.018E+01 -2.431E+00
70 98 13.567874 4.038E-15 7.127E+00 -2.401E+00
96 98 9.914217 2.175E-15 5.359E+00 -2.377E+00
2 98 132.078731 5.642E-13 7.215E+01 -2.758E+00
8 98 57.034905 3.777E-14 2.884E+01 -2.573E+00
13 98 54.411185 3.015E-10 2.803E+01 -4.504E+00
18 98 31.664885 8.316E-15 1.532E+01 -2.487E+00
27 98 30.592595 7.529E-11 2.843E+01 -4.386E+00
32 98 20.109850 2.985E-15 9.567E+00 -2.439E+00
45 98 19.570520 2.098E-11 2.539E+01 -4.284E+00
50 98 13.891908 1.393E-15 6.685E+00 -2.409E+00
66 98 13.583914 7.247E-12 2.245E+01 -4.201E+00
72 98 10.164305 7.471E-16 4.920E+00 -2.386E+00
92 98 9.973306 3.208E-12 2.031E+01 -4.146E+00
3 98 125.448323 1.676E-10 5.324E+01 -3.698E+00
9 98 55.201476 1.421E-11 4.241E+01 -3.524E+00
19 98 30.900678 2.107E-12 3.027E+01 -3.378E+00
33 98 19.716384 5.251E-13 2.268E+01 -3.275E+00
51 98 13.660009 1.832E-13 1.794E+01 -3.202E+00
73 98 10.011349 7.949E-14 1.480E+01 -3.148E+00
4 98 125.428220 7.462E-11 5.323E+01 -3.699E+00
7 98 120.291719 7.257E-11 5.457E+01 -3.666E+00
10 98 55.195695 6.324E-12 4.240E+01 -3.525E+00
17 98 53.584713 7.305E-12 4.360E+01 -3.513E+00
20 98 30.898298 9.376E-13 3.026E+01 -3.379E+00
31 98 30.162185 1.128E-12 3.104E+01 -3.371E+00
34 98 19.715195 2.337E-13 2.268E+01 -3.276E+00
49 98 19.301111 2.852E-13 2.323E+01 -3.270E+00
52 98 13.659340 8.148E-14 1.794E+01 -3.203E+00
71 98 13.387866 1.000E-13 1.838E+01 -3.197E+00
74 98 10.010952 3.534E-14 1.479E+01 -3.148E+00
97 98 9.791662 4.373E-14 1.531E+01 -3.141E+00
5 98 125.387571 6.775E-11 5.323E+01 -3.700E+00
11 98 55.184013 5.739E-12 4.240E+01 -3.526E+00
21 98 30.893494 8.503E-13 3.027E+01 -3.380E+00
23 98 30.600797 7.390E-10 1.949E+01 -5.352E+00
35 98 19.712796 2.119E-13 2.269E+01 -3.277E+00
39 98 19.579351 3.599E-10 2.108E+01 -5.272E+00
53 98 13.657994 7.374E-14 1.794E+01 -3.204E+00
62 98 13.592477 1.594E-10 2.067E+01 -5.201E+00
75 98 10.010155 3.192E-14 1.479E+01 -3.149E+00
88 98 9.982582 7.183E-11 1.969E+01 -5.132E+00
14 98 54.409055 2.135E-10 2.805E+01 -4.504E+00
16 98 54.353496 2.409E-10 2.811E+01 -4.505E+00
28 98 30.591694 5.359E-11 2.844E+01 -4.387E+00
30 98 30.559968 5.986E-11 2.849E+01 -4.388E+00
46 98 19.570060 1.496E-11 2.540E+01 -4.284E+00
48 98 19.551375 1.665E-11 2.543E+01 -4.285E+00
67 98 13.583648 5.179E-12 2.246E+01 -4.202E+00
69 98 13.571696 5.752E-12 2.249E+01 -4.202E+00
93 98 9.973138 2.296E-12 2.032E+01 -4.147E+00
95 98 9.964683 2.545E-12 2.034E+01 -4.147E+00
15 98 54.405510 1.955E-10 2.806E+01 -4.505E+00
29 98 30.590236 4.877E-11 2.845E+01 -4.388E+00
47 98 19.569324 1.358E-11 2.540E+01 -4.285E+00
37 98 19.579701 2.154E-09 1.570E+01 -6.248E+00
68 98 13.583225 4.701E-12 2.248E+01 -4.203E+00
54 98 13.592941 1.577E-09 1.698E+01 -6.189E+00
94 98 9.972872 2.082E-12 2.033E+01 -4.148E+00
76 98 9.983096 3.059E-10 1.481E+01 -5.934E+00
24 98 30.600681 5.304E-10 1.949E+01 -5.352E+00
26 98 30.599375 7.065E-10 1.951E+01 -5.354E+00
42 98 19.579264 2.600E-10 2.108E+01 -5.272E+00
44 98 19.578550 3.419E-10 2.109E+01 -5.273E+00
63 98 13.592417 1.157E-10 2.067E+01 -5.201E+00
65 98 13.591981 1.513E-10 2.068E+01 -5.203E+00
89 98 9.982541 5.238E-11 1.970E+01 -5.132E+00
91 98 9.982249 6.992E-11 1.981E+01 -5.137E+00
25 98 30.599573 5.515E-10 1.951E+01 -5.354E+00
43 98 19.578723 2.683E-10 2.109E+01 -5.273E+00
64 98 13.592108 1.191E-10 2.068E+01 -5.203E+00
56 98 13.592741 8.015E-09 1.378E+01 -7.225E+00
90 98 9.982341 5.522E-11 1.981E+01 -5.138E+00
78 98 9.982970 8.305E-09 1.456E+01 -7.202E+00
38 98 19.579701 1.676E-09 1.570E+01 -6.248E+00
41 98 19.579325 2.071E-09 1.567E+01 -6.246E+00
55 98 13.592940 1.226E-09 1.698E+01 -6.189E+00
59 98 13.592720 1.526E-09 1.695E+01 -6.188E+00
77 98 9.983096 2.379E-10 1.481E+01 -5.934E+00
81 98 9.982951 2.682E-10 1.461E+01 -5.915E+00
40 98 19.579325 1.694E-09 1.567E+01 -6.246E+00
58 98 13.592721 1.248E-09 1.695E+01 -6.188E+00
80 98 9.982951 2.195E-10 1.461E+01 -5.915E+00
84 98 9.982876 4.079E-13 -1.347E+00 -6.042E+00
57 98 13.592741 6.558E-09 1.378E+01 -7.225E+00
60 98 13.592596 6.818E-09 1.354E+01 -7.199E+00
79 98 9.982970 6.795E-09 1.456E+01 -7.202E+00
83 98 9.982876 5.787E-09 1.384E+01 -7.147E+00
61 98 13.592596 5.769E-09 1.354E+01 -7.199E+00
82 98 9.982876 4.897E-09 1.384E+01 -7.147E+00
85 98 9.982876 3.451E-13 -1.347E+00 -6.042E+00
87 98 9.982810 1.621E-13 -2.414E+00 -5.862E+00
86 98 9.982810 1.405E-13 -2.414E+00 -5.862E+00
