j g(j) i g(i) wl A A+A^a A/(A+A^a) f
7 3.000 1 1.000 28.7870 1.580E+12 1.580E+12 1.000E+00 5.894E-01
17 3.000 1 1.000 24.8980 5.590E+11 5.870E+11 9.522E-01 1.563E-01
31 3.000 1 1.000 23.8118 2.700E+11 2.889E+11 9.344E-01 6.885E-02
49 3.000 1 1.000 23.3252 1.585E+11 1.722E+11 9.206E-01 3.878E-02
71 3.000 1 1.000 23.0686 1.090E+11 1.211E+11 8.997E-01 2.608E-02
97 3.000 1 1.000 22.9153 9.740E+10 1.182E+11 8.240E-01 2.301E-02
16 5.000 1 1.000 24.9720 3.848E+07 8.331E+10 4.619E-04 1.799E-05
4 3.000 1 1.000 29.0819 3.897E+07 1.106E+08 3.523E-01 1.488E-05
30 5.000 1 1.000 23.8300 2.344E+07 3.737E+10 6.273E-04 9.974E-06
48 5.000 1 1.000 23.3362 1.420E+07 2.151E+10 6.601E-04 5.798E-06
69 5.000 1 1.000 23.0765 9.238E+06 1.564E+10 5.908E-04 3.687E-06
10 3.000 1 1.000 25.0144 1.095E+07 2.985E+10 3.668E-04 3.081E-06
95 5.000 1 1.000 22.9226 6.622E+06 1.854E+10 3.572E-04 2.608E-06
20 3.000 1 1.000 23.8455 4.113E+06 1.913E+10 2.151E-04 1.052E-06
34 3.000 1 1.000 23.3434 1.828E+06 1.262E+10 1.449E-04 4.481E-07
52 3.000 1 1.000 23.0802 8.733E+05 9.550E+09 9.145E-05 2.093E-07
74 3.000 1 1.000 22.9246 3.697E+05 1.040E+10 3.555E-05 8.739E-08
5 5.000 1 1.000 29.0843 8.452E+04 7.308E+07 1.156E-03 5.380E-08
14 5.000 1 1.000 24.9748 9.516E+04 8.914E+10 1.068E-06 4.450E-08
11 5.000 1 1.000 25.0138 3.606E+04 2.979E+10 1.210E-06 1.691E-08
28 5.000 1 1.000 23.8314 3.040E+04 4.036E+10 7.532E-07 1.294E-08
21 5.000 1 1.000 23.8452 1.776E+04 1.911E+10 9.295E-07 7.570E-09
46 5.000 1 1.000 23.3370 1.358E+04 2.272E+10 5.977E-07 5.545E-09
35 5.000 1 1.000 23.3433 1.014E+04 1.260E+10 8.042E-07 4.141E-09
67 5.000 1 1.000 23.0770 7.142E+03 1.543E+10 4.630E-07 2.851E-09
53 5.000 1 1.000 23.0802 6.532E+03 9.542E+09 6.845E-07 2.608E-09
75 5.000 1 1.000 22.9245 4.874E+03 1.039E+10 4.689E-07 1.920E-09
93 5.000 1 1.000 22.9229 4.020E+03 1.492E+10 2.694E-07 1.584E-09
2 3.000 1 1.000 29.5346 2.340E+02 2.340E+02 1.000E+00 9.225E-11
8 3.000 1 1.000 25.1076 1.073E+02 1.486E+10 7.217E-09 3.041E-11
18 3.000 1 1.000 23.8807 5.310E+01 1.163E+10 4.566E-09 1.362E-11
32 3.000 1 1.000 23.3608 2.993E+01 9.291E+09 3.222E-09 7.347E-12
50 3.000 1 1.000 23.0902 1.883E+01 9.009E+09 2.091E-09 4.516E-12
72 3.000 1 1.000 22.9311 1.333E+01 1.453E+10 9.176E-10 3.153E-12
13 3.000 1 1.000 24.9749 8.403E-01 8.915E+10 9.427E-12 2.358E-13
27 3.000 1 1.000 23.8315 5.550E-01 4.038E+10 1.374E-11 1.418E-13
45 3.000 1 1.000 23.3370 3.483E-01 2.273E+10 1.533E-11 8.529E-14
66 3.000 1 1.000 23.0770 2.301E-01 1.543E+10 1.491E-11 5.511E-14
92 3.000 1 1.000 22.9230 1.656E-01 1.493E+10 1.109E-11 3.915E-14
23 5.000 1 1.000 23.8318 4.304E-06 1.794E+10 2.400E-16 1.832E-18
39 5.000 1 1.000 23.3374 3.862E-06 9.373E+09 4.121E-16 1.576E-18
62 5.000 1 1.000 23.0774 2.886E-06 5.634E+09 5.122E-16 1.152E-18
88 5.000 1 1.000 22.9233 2.118E-06 3.961E+09 5.347E-16 8.346E-19
