!@# 6 2.00 4.00 10.0 30.0 100. 300.
i j E(eV) a0 a1 a2
1 50 1648.754338 3.251E-10 2.034E+02 -2.998E+00
3 50 412.379518 1.178E-12 9.947E+01 -2.579E+00
6 50 183.209853 6.658E-14 3.128E+01 -2.362E+00
11 50 103.025496 1.612E-14 1.360E+01 -2.284E+00
18 50 65.922687 6.522E-15 7.140E+00 -2.249E+00
27 50 45.772768 3.362E-15 4.202E+00 -2.232E+00
38 50 33.625218 1.941E-15 2.538E+00 -2.218E+00
2 50 412.407696 2.964E-10 6.283E+01 -3.520E+00
5 50 183.218201 8.872E-12 5.916E+01 -3.195E+00
10 50 103.029017 5.945E-13 3.448E+01 -2.930E+00
17 50 65.924489 1.066E-13 2.146E+01 -2.773E+00
26 50 45.773812 3.254E-14 1.438E+01 -2.675E+00
37 50 33.625875 1.347E-14 1.023E+01 -2.609E+00
4 50 411.740531 3.015E-10 6.276E+01 -3.524E+00
8 50 183.020471 8.989E-12 5.903E+01 -3.198E+00
13 50 102.945598 6.023E-13 3.443E+01 -2.933E+00
20 50 65.881771 1.080E-13 2.145E+01 -2.776E+00
29 50 45.749077 3.293E-14 1.437E+01 -2.678E+00
40 50 33.610279 1.358E-14 1.021E+01 -2.611E+00
7 50 183.020807 9.809E-10 4.119E+01 -4.176E+00
12 50 102.945741 9.052E-11 4.446E+01 -3.914E+00
19 50 65.881843 9.736E-12 3.487E+01 -3.667E+00
28 50 45.749117 1.707E-12 2.658E+01 -3.478E+00
39 50 33.610301 4.718E-13 2.089E+01 -3.347E+00
9 50 182.955100 9.906E-10 4.122E+01 -4.179E+00
15 50 102.918011 9.135E-11 4.449E+01 -3.916E+00
22 50 65.867631 9.800E-12 3.488E+01 -3.669E+00
31 50 45.740870 1.723E-12 2.660E+01 -3.480E+00
42 50 33.605080 4.682E-13 2.084E+01 -3.346E+00
14 50 102.918061 3.987E-09 3.217E+01 -4.884E+00
21 50 65.867654 8.220E-10 3.600E+01 -4.676E+00
30 50 45.740881 1.433E-10 3.236E+01 -4.462E+00
41 50 33.605086 3.343E-11 2.815E+01 -4.292E+00
16 50 102.904208 4.022E-09 3.220E+01 -4.885E+00
24 50 65.860554 8.268E-10 3.601E+01 -4.677E+00
33 50 45.736754 1.449E-10 3.240E+01 -4.464E+00
43 50 33.602457 3.366E-11 2.818E+01 -4.294E+00
23 50 65.860561 1.796E-08 2.700E+01 -5.640E+00
32 50 45.736757 6.571E-09 3.025E+01 -5.472E+00
44 50 33.602456 1.780E-09 2.920E+01 -5.294E+00
25 50 65.856316 1.816E-08 2.703E+01 -5.642E+00
34 50 45.734291 6.590E-09 3.026E+01 -5.473E+00
45 50 33.600882 1.947E-09 2.951E+01 -5.310E+00
35 50 45.734290 8.744E-08 2.358E+01 -6.447E+00
46 50 33.600880 4.344E-08 2.586E+01 -6.287E+00
36 50 45.732652 8.672E-08 2.356E+01 -6.446E+00
47 50 33.599839 5.020E-08 2.626E+01 -6.312E+00
48 50 33.599837 4.266E-07 2.097E+01 -7.294E+00
49 50 33.599101 3.504E-07 2.053E+01 -7.260E+00
