j g(j) i g(i) wl A A+A^a A/(A+A^a) f
4 4.000 1 2.000 10.0229 9.160E+12 9.160E+12 1.000E+00 2.760E-01
2 2.000 1 2.000 10.0284 9.115E+12 9.115E+12 1.000E+00 1.374E-01
8 4.000 1 2.000 8.45891 2.453E+12 2.781E+12 8.821E-01 5.260E-02
5 2.000 1 2.000 8.46006 2.431E+12 2.760E+12 8.807E-01 2.609E-02
13 4.000 1 2.000 8.02073 1.001E+12 1.192E+12 8.395E-01 1.931E-02
10 2.000 1 2.000 8.02116 9.905E+11 1.182E+12 8.377E-01 9.555E-03
20 4.000 1 2.000 7.83292 5.048E+11 6.169E+11 8.182E-01 9.285E-03
29 4.000 1 2.000 7.73455 2.898E+11 3.596E+11 8.058E-01 5.195E-03
17 2.000 1 2.000 7.83313 4.992E+11 6.116E+11 8.161E-01 4.592E-03
40 4.000 1 2.000 7.67642 1.815E+11 2.275E+11 7.978E-01 3.208E-03
26 2.000 1 2.000 7.73466 2.864E+11 3.564E+11 8.036E-01 2.569E-03
37 2.000 1 2.000 7.67649 1.794E+11 2.255E+11 7.955E-01 1.585E-03
9 6.000 1 2.000 8.45854 1.047E+09 9.476E+11 1.105E-03 3.370E-05
7 4.000 1 2.000 8.45892 1.041E+09 9.490E+11 1.096E-03 2.233E-05
15 6.000 1 2.000 8.02059 5.768E+08 4.059E+11 1.421E-03 1.669E-05
12 4.000 1 2.000 8.02073 5.728E+08 4.065E+11 1.409E-03 1.105E-05
22 6.000 1 2.000 7.83285 3.258E+08 2.107E+11 1.546E-03 8.995E-06
19 4.000 1 2.000 7.83292 3.235E+08 2.110E+11 1.533E-03 5.950E-06
31 6.000 1 2.000 7.73451 1.980E+08 1.233E+11 1.606E-03 5.325E-06
28 4.000 1 2.000 7.73455 1.964E+08 1.235E+11 1.591E-03 3.523E-06
42 6.000 1 2.000 7.67639 1.282E+08 7.829E+10 1.637E-03 3.397E-06
39 4.000 1 2.000 7.67642 1.272E+08 7.841E+10 1.622E-03 2.247E-06
3 2.000 1 2.000 10.0281 6.515E+04 6.515E+04 1.000E+00 9.820E-10
6 2.000 1 2.000 8.46001 2.894E+04 9.338E+10 3.099E-07 3.105E-10
11 2.000 1 2.000 8.02115 1.384E+04 6.525E+10 2.120E-07 1.334E-10
18 2.000 1 2.000 7.83312 7.485E+03 4.194E+10 1.785E-07 6.885E-11
27 2.000 1 2.000 7.73466 4.460E+03 2.760E+10 1.616E-07 4.001E-11
38 2.000 1 2.000 7.67649 2.858E+03 1.886E+10 1.516E-07 2.526E-11
14 6.000 1 2.000 8.02059 5.107E-03 2.021E+11 2.527E-14 1.478E-16
21 6.000 1 2.000 7.83285 4.467E-03 1.045E+11 4.274E-14 1.233E-16
30 6.000 1 2.000 7.73451 3.273E-03 6.113E+10 5.355E-14 8.810E-17
41 6.000 1 2.000 7.67639 2.348E-03 3.886E+10 6.042E-14 6.220E-17
