j g(j) i g(i) wl A A+A^a A/(A+A^a) f
21 6.000 1 4.000 31.28   4.118E+11 1.724E+14 2.389E-03 8.995E-02
22 4.000 1 4.000 31.28   4.118E+11 1.727E+14 2.385E-03 5.995E-02
23 2.000 1 4.000 31.28   4.118E+11 1.723E+14 2.389E-03 2.998E-02
36 6.000 1 4.000 30.4106 3.342E+10 8.039E+12 4.157E-03 6.950E-03
35 4.000 1 4.000 30.4106 3.345E+10 8.066E+12 4.147E-03 4.638E-03
53 6.000 1 4.000 30.3212 1.531E+10 3.534E+12 4.333E-03 3.165E-03
164 6.000 1 4.000 30.2584 1.508E+10 3.316E+12 4.548E-03 3.105E-03
34 2.000 1 4.000 30.4106 3.347E+10 8.063E+12 4.151E-03 2.320E-03
52 4.000 1 4.000 30.3212 1.532E+10 3.501E+12 4.376E-03 2.112E-03
163 4.000 1 4.000 30.2584 1.506E+10 3.355E+12 4.489E-03 2.067E-03
80 6.000 1 4.000 30.2868 9.157E+09 2.064E+12 4.435E-03 1.889E-03
237 6.000 1 4.000 30.0360 9.145E+09 7.766E+13 1.178E-04 1.856E-03
117 6.000 1 4.000 30.2697 6.760E+09 1.510E+12 4.477E-03 1.393E-03
242 6.000 1 4.000 30.0054 6.448E+09 2.108E+13 3.059E-04 1.306E-03
79 4.000 1 4.000 30.2868 9.163E+09 2.058E+12 4.452E-03 1.260E-03
236 4.000 1 4.000 30.0361 9.060E+09 5.521E+13 1.641E-04 1.225E-03
51 2.000 1 4.000 30.3212 1.533E+10 3.586E+12 4.276E-03 1.057E-03
162 2.000 1 4.000 30.2584 1.504E+10 3.388E+12 4.439E-03 1.033E-03
116 4.000 1 4.000 30.2697 6.765E+09 1.480E+12 4.572E-03 9.293E-04
241 4.000 1 4.000 30.0056 6.520E+09 1.477E+13 4.415E-04 8.800E-04
78 2.000 1 4.000 30.2868 9.165E+09 2.114E+12 4.336E-03 6.303E-04
477 6.000 1 4.000 29.8984 3.092E+09 1.374E+12 2.250E-03 6.215E-04
235 2.000 1 4.000 30.0362 9.025E+09 3.245E+12 2.782E-03 6.105E-04
786 6.000 1 4.000 29.8685 2.593E+09 8.117E+13 3.195E-05 5.203E-04
115 2.000 1 4.000 30.2697 6.770E+09 1.556E+12 4.351E-03 4.648E-04
240 2.000 1 4.000 30.0056 6.545E+09 2.162E+13 3.027E-04 4.420E-04
476 4.000 1 4.000 29.8984 3.105E+09 1.204E+12 2.578E-03 4.160E-04
787 4.000 1 4.000 29.8684 2.533E+09 4.555E+13 5.560E-05 3.388E-04
295 6.000 1 4.000 29.9449 1.569E+09 3.477E+13 4.512E-05 3.163E-04
382 6.000 1 4.000 29.9109 1.150E+09 1.488E+13 7.728E-05 2.314E-04
294 4.000 1 4.000 29.9451 1.554E+09 2.321E+13 6.697E-05 2.090E-04
475 2.000 1 4.000 29.8984 3.110E+09 4.001E+12 7.772E-04 2.084E-04
788 2.000 1 4.000 29.8683 2.836E+09 4.231E+13 6.703E-05 1.897E-04
381 4.000 1 4.000 29.9110 1.131E+09 1.046E+13 1.081E-04 1.517E-04
293 2.000 1 4.000 29.9452 1.549E+09 1.962E+12 7.893E-04 1.041E-04
838 6.000 1 4.000 29.8394 4.777E+08 1.023E+22 4.669E-14 9.563E-05
937 6.000 1 4.000 29.7738 4.718E+08 4.645E+22 1.016E-14 9.408E-05
806 6.000 1 4.000 29.8579 4.543E+08 1.158E+13 3.924E-05 9.108E-05
380 2.000 1 4.000 29.9111 1.123E+09 5.395E+11 2.081E-03 7.528E-05
837 4.000 1 4.000 29.8394 4.818E+08 8.714E+21 5.528E-14 6.430E-05
870 6.000 1 4.000 29.8289 3.130E+08 8.662E+25 3.613E-18 6.265E-05
936 4.000 1 4.000 29.7738 4.710E+08 4.719E+23 9.981E-16 6.263E-05
805 4.000 1 4.000 29.8579 4.650E+08 6.384E+12 7.284E-05 6.213E-05
791 6.000 1 4.000 29.8671 2.500E+08 1.051E+13 2.379E-05 5.015E-05
1007 6.000 1 4.000 29.7375 2.345E+08 1.841E+13 1.274E-05 4.663E-05
869 4.000 1 4.000 29.8289 3.150E+08 5.422E+26 5.809E-19 4.200E-05
789 4.000 1 4.000 29.8678 3.023E+08 1.054E+13 2.867E-05 4.043E-05
636 6.000 1 4.000 29.8842 1.782E+08 3.879E+12 4.593E-05 3.580E-05
836 2.000 1 4.000 29.8394 4.837E+08 2.107E+23 2.296E-15 3.228E-05
935 2.000 1 4.000 29.7738 4.723E+08 2.875E+23 1.643E-15 3.138E-05
804 2.000 1 4.000 29.8579 4.675E+08 9.077E+12 5.150E-05 3.125E-05
1006 4.000 1 4.000 29.7375 2.351E+08 8.876E+12 2.648E-05 3.118E-05
1080 6.000 1 4.000 29.7198 1.453E+08 1.030E+13 1.411E-05 2.888E-05
635 4.000 1 4.000 29.8844 1.745E+08 4.733E+12 3.686E-05 2.336E-05
1171 6.000 1 4.000 29.7098 1.175E+08 7.847E+12 1.498E-05 2.333E-05
868 2.000 1 4.000 29.8289 3.156E+08 7.252E+26 4.352E-19 2.105E-05
1079 4.000 1 4.000 29.7198 1.454E+08 4.809E+12 3.024E-05 1.926E-05
1170 4.000 1 4.000 29.7098 1.182E+08 3.771E+12 3.134E-05 1.564E-05
1005 2.000 1 4.000 29.7375 2.353E+08 1.074E+13 2.192E-05 1.560E-05
634 2.000 1 4.000 29.8844 1.727E+08 1.846E+12 9.352E-05 1.156E-05
1078 2.000 1 4.000 29.7198 1.460E+08 5.172E+12 2.823E-05 9.665E-06
492 6.000 1 4.000 29.8936 4.753E+07 7.861E+12 6.047E-06 9.553E-06
1169 2.000 1 4.000 29.7099 1.198E+08 4.058E+12 2.951E-05 7.923E-06
491 4.000 1 4.000 29.8937 4.360E+07 6.113E+12 7.133E-06 5.840E-06
490 2.000 1 4.000 29.8938 4.126E+07 3.174E+11 1.300E-04 2.765E-06
25 6.000 1 4.000 30.8702 5.437E+06 2.078E+14 2.616E-08 1.165E-06
674 6.000 1 4.000 29.8812 3.580E+06 4.034E+10 8.874E-05 7.188E-07
26 4.000 1 4.000 30.8277 4.765E+06 1.367E+14 3.485E-08 6.787E-07
28 2.000 1 4.000 30.6139 9.090E+06 1.682E+14 5.404E-08 6.388E-07
682 6.000 1 4.000 29.8812 2.763E+06 1.595E+09 1.732E-03 5.550E-07
721 4.000 1 4.000 29.8811 3.913E+06 2.274E+10 1.721E-04 5.238E-07
427 6.000 1 4.000 29.9004 2.352E+06 8.568E+07 2.745E-02 4.728E-07
450 4.000 1 4.000 29.9003 3.303E+06 5.761E+10 5.732E-05 4.425E-07
406 6.000 1 4.000 29.9005 2.103E+06 3.754E+10 5.602E-05 4.230E-07
451 2.000 1 4.000 29.9003 5.525E+06 1.442E+09 3.831E-03 3.703E-07
449 6.000 1 4.000 29.9003 1.400E+06 2.033E+10 6.883E-05 2.813E-07
725 2.000 1 4.000 29.8811 3.640E+06 2.398E+10 1.518E-04 2.436E-07
780 4.000 1 4.000 29.8810 1.662E+06 3.913E+10 4.246E-05 2.224E-07
782 6.000 1 4.000 29.8810 1.086E+06 9.379E+10 1.158E-05 2.181E-07
778 2.000 1 4.000 29.8810 2.816E+06 2.739E+10 1.028E-04 1.885E-07
934 4.000 1 4.000 29.7753 1.386E+06 4.967E+23 2.790E-18 1.842E-07
24 4.000 1 4.000 30.8704 1.243E+06 2.080E+14 5.974E-09 1.776E-07
735 4.000 1 4.000 29.8810 1.228E+06 3.837E+10 3.201E-05 1.644E-07
452 4.000 1 4.000 29.9003 1.070E+06 7.745E+09 1.381E-04 1.434E-07
422 4.000 1 4.000 29.9004 9.183E+05 1.335E+10 6.880E-05 1.231E-07
27 2.000 1 4.000 30.8267 1.690E+06 1.363E+14 1.241E-08 1.204E-07
480 6.000 1 4.000 29.8973 5.627E+05 1.818E+12 3.094E-07 1.131E-07
483 4.000 1 4.000 29.8972 8.250E+05 3.233E+11 2.552E-06 1.106E-07
784 4.000 1 4.000 29.8770 8.255E+05 9.323E+12 8.854E-08 1.105E-07
1163 4.000 1 4.000 29.7110 8.135E+05 1.270E+12 6.403E-07 1.077E-07
1165 6.000 1 4.000 29.7109 5.130E+05 1.730E+12 2.965E-07 1.019E-07
573 4.000 1 4.000 29.8883 6.845E+05 1.550E+11 4.417E-06 9.165E-08
543 6.000 1 4.000 29.8884 4.197E+05 9.008E+10 4.659E-06 8.430E-08
426 4.000 1 4.000 29.9004 6.285E+05 1.446E+08 4.347E-03 8.425E-08
546 6.000 1 4.000 29.8884 4.063E+05 3.413E+09 1.191E-04 8.165E-08
1177 6.000 1 4.000 29.7090 3.745E+05 7.256E+12 5.161E-08 7.435E-08
407 4.000 1 4.000 29.9005 5.493E+05 1.141E+10 4.814E-05 7.363E-08
1074 6.000 1 4.000 29.7214 3.613E+05 2.939E+12 1.230E-07 7.178E-08
1285 6.000 1 4.000 29.6974 3.347E+05 3.615E+13 9.258E-09 6.638E-08
1427 4.000 1 4.000 29.6521 4.910E+05 1.310E+25 3.746E-20 6.471E-08
650 4.000 1 4.000 29.8813 4.738E+05 2.089E+11 2.268E-06 6.343E-08
425 6.000 1 4.000 29.9004 2.925E+05 8.969E+09 3.261E-05 5.880E-08
631 6.000 1 4.000 29.8859 2.890E+05 8.076E+12 3.578E-08 5.805E-08
999 6.000 1 4.000 29.7403 2.865E+05 5.208E+12 5.501E-08 5.698E-08
901 6.000 1 4.000 29.8180 2.820E+05 1.570E+14 1.796E-09 5.638E-08
581 2.000 1 4.000 29.8883 8.345E+05 2.424E+10 3.443E-05 5.588E-08
1284 2.000 1 4.000 29.6988 8.210E+05 2.401E+13 3.419E-08 5.430E-08
324 6.000 1 4.000 29.9226 2.575E+05 8.409E+08 3.062E-04 5.185E-08
336 6.000 1 4.000 29.9225 2.525E+05 7.937E+07 3.181E-03 5.085E-08
1002 6.000 1 4.000 29.7395 2.475E+05 6.279E+12 3.942E-08 4.923E-08
930 6.000 1 4.000 29.7798 2.398E+05 1.289E+13 1.861E-08 4.783E-08
680 2.000 1 4.000 29.8812 6.945E+05 2.804E+10 2.477E-05 4.648E-08
1009 6.000 1 4.000 29.7307 2.313E+05 4.480E+13 5.163E-09 4.600E-08
835 4.000 1 4.000 29.8404 3.393E+05 5.232E+24 6.484E-20 4.530E-08
479 4.000 1 4.000 29.8974 3.348E+05 1.748E+12 1.915E-07 4.485E-08
1322 6.000 1 4.000 29.6812 2.085E+05 1.548E+13 1.347E-08 4.130E-08
344 4.000 1 4.000 29.9224 3.000E+05 3.059E+08 9.808E-04 4.025E-08
1073 4.000 1 4.000 29.7215 2.978E+05 2.530E+12 1.177E-07 3.945E-08
410 6.000 1 4.000 29.9005 1.902E+05 5.460E+07 3.483E-03 3.825E-08
1372 6.000 1 4.000 29.6719 1.902E+05 1.410E+28 1.349E-23 3.765E-08
497 4.000 1 4.000 29.8908 2.766E+05 5.957E+12 4.643E-08 3.704E-08
448 2.000 1 4.000 29.9003 5.135E+05 3.533E+09 1.453E-04 3.443E-08
347 2.000 1 4.000 29.9224 5.095E+05 2.987E+08 1.706E-03 3.418E-08
1071 4.000 1 4.000 29.7216 2.563E+05 2.188E+12 1.171E-07 3.393E-08
998 4.000 1 4.000 29.7404 2.413E+05 5.039E+12 4.788E-08 3.200E-08
779 6.000 1 4.000 29.8810 1.554E+05 2.165E+11 7.178E-07 3.120E-08
582 4.000 1 4.000 29.8883 2.320E+05 8.531E+09 2.719E-05 3.108E-08
421 2.000 1 4.000 29.9004 4.607E+05 2.011E+10 2.291E-05 3.088E-08
506 6.000 1 4.000 29.8889 1.464E+05 3.694E+12 3.962E-08 2.940E-08
929 4.000 1 4.000 29.7798 2.114E+05 1.087E+13 1.945E-08 2.810E-08
250 4.000 1 4.000 29.9822 2.054E+05 9.269E+12 2.216E-08 2.768E-08
933 2.000 1 4.000 29.7757 4.143E+05 7.618E+23 5.439E-19 2.753E-08
1172 4.000 1 4.000 29.7092 2.078E+05 5.606E+12 3.706E-08 2.750E-08
571 6.000 1 4.000 29.8884 1.365E+05 7.814E+10 1.746E-06 2.743E-08
628 4.000 1 4.000 29.8859 2.002E+05 7.829E+12 2.557E-08 2.680E-08
808 4.000 1 4.000 29.8574 1.868E+05 1.233E+12 1.515E-07 2.496E-08
345 6.000 1 4.000 29.9224 1.238E+05 9.327E+07 1.327E-03 2.493E-08
1430 2.000 1 4.000 29.6233 3.752E+05 1.996E+26 1.880E-21 2.468E-08
1164 4.000 1 4.000 29.7110 1.806E+05 1.402E+12 1.288E-07 2.390E-08
225 6.000 1 4.000 30.0680 1.164E+05 4.885E+13 2.383E-09 2.367E-08
481 2.000 1 4.000 29.8973 3.429E+05 1.506E+11 2.276E-06 2.298E-08
783 2.000 1 4.000 29.8775 3.048E+05 3.747E+12 8.134E-08 2.039E-08
521 6.000 1 4.000 29.8885 1.014E+05 3.898E+09 2.601E-05 2.037E-08
332 4.000 1 4.000 29.9225 1.495E+05 3.479E+09 4.296E-05 2.007E-08
1441 4.000 1 4.000 29.5618 1.453E+05 3.735E+13 3.891E-09 1.904E-08
939 6.000 1 4.000 29.7701 9.332E+04 3.097E+23 3.013E-19 1.860E-08
944 2.000 1 4.000 29.7588 2.750E+05 1.017E+24 2.704E-19 1.826E-08
545 4.000 1 4.000 29.8884 1.358E+05 7.657E+08 1.773E-04 1.818E-08
633 4.000 1 4.000 29.8857 1.334E+05 1.153E+12 1.156E-07 1.786E-08
839 2.000 1 4.000 29.8343 2.444E+05 3.443E+24 7.097E-20 1.630E-08
575 2.000 1 4.000 29.8883 2.390E+05 8.848E+10 2.701E-06 1.600E-08
1083 2.000 1 4.000 29.7147 2.388E+05 2.917E+12 8.186E-08 1.580E-08
505 4.000 1 4.000 29.8889 1.155E+05 3.971E+12 2.908E-08 1.547E-08
454 6.000 1 4.000 29.9003 7.578E+04 1.046E+08 7.244E-04 1.524E-08
1010 2.000 1 4.000 29.7295 2.246E+05 4.399E+12 5.105E-08 1.488E-08
620 6.000 1 4.000 29.8876 7.060E+04 3.101E+12 2.277E-08 1.418E-08
495 4.000 1 4.000 29.8913 1.020E+05 2.719E+12 3.753E-08 1.367E-08
364 6.000 1 4.000 29.9165 6.588E+04 5.431E+12 1.213E-08 1.326E-08
1428 2.000 1 4.000 29.6518 1.788E+05 2.180E+24 8.201E-20 1.178E-08
32 6.000 1 4.000 30.4501 5.271E+04 7.729E+11 6.819E-08 1.099E-08
1439 6.000 1 4.000 29.5654 5.428E+04 1.924E+13 2.821E-09 1.067E-08
672 6.000 1 4.000 29.8812 5.315E+04 5.396E+09 9.850E-06 1.067E-08
1162 2.000 1 4.000 29.7110 1.547E+05 6.929E+11 2.232E-07 1.024E-08
1011 4.000 1 4.000 29.7284 7.660E+04 6.642E+13 1.153E-09 1.015E-08
346 4.000 1 4.000 29.9224 7.340E+04 7.848E+07 9.353E-04 9.853E-09
1460 4.000 1 4.000 29.5262 7.453E+04 1.713E+13 4.351E-09 9.742E-09
866 4.000 1 4.000 29.8301 7.095E+04 5.373E+26 1.320E-22 9.465E-09
619 4.000 1 4.000 29.8877 6.295E+04 3.128E+12 2.012E-08 8.430E-09
335 4.000 1 4.000 29.9225 6.098E+04 1.136E+08 5.367E-04 8.188E-09
224 4.000 1 4.000 30.0681 5.915E+04 3.910E+13 1.513E-09 8.018E-09
1286 4.000 1 4.000 29.6974 5.850E+04 5.059E+13 1.156E-09 7.735E-09
1072 2.000 1 4.000 29.7215 1.164E+05 1.204E+12 9.662E-08 7.705E-09
373 4.000 1 4.000 29.9149 5.521E+04 2.096E+12 2.635E-08 7.408E-09
1168 4.000 1 4.000 29.7103 5.533E+04 1.785E+12 3.099E-08 7.321E-09
906 4.000 1 4.000 29.8036 5.475E+04 5.370E+13 1.020E-09 7.290E-09
325 4.000 1 4.000 29.9226 5.253E+04 4.398E+08 1.194E-04 7.050E-09
902 4.000 1 4.000 29.8177 5.160E+04 1.694E+14 3.046E-10 6.880E-09
996 4.000 1 4.000 29.7406 5.043E+04 4.257E+12 1.185E-08 6.685E-09
1485 4.000 1 4.000 29.5088 4.724E+04 1.056E+13 4.476E-09 6.167E-09
1001 4.000 1 4.000 29.7396 4.473E+04 1.511E+13 2.960E-09 5.933E-09
938 4.000 1 4.000 29.7705 4.458E+04 1.318E+23 3.382E-19 5.923E-09
834 2.000 1 4.000 29.8404 8.772E+04 2.751E+25 3.188E-21 5.854E-09
678 4.000 1 4.000 29.8812 4.278E+04 1.288E+10 3.321E-06 5.725E-09
1077 4.000 1 4.000 29.7201 4.261E+04 4.747E+12 8.976E-09 5.642E-09
1458 6.000 1 4.000 29.5279 2.842E+04 7.506E+12 3.786E-09 5.573E-09
997 2.000 1 4.000 29.7404 8.275E+04 2.294E+12 3.607E-08 5.488E-09
1516 4.000 1 4.000 29.4990 3.942E+04 8.276E+12 4.763E-09 5.142E-09
31 4.000 1 4.000 30.4501 3.661E+04 7.737E+11 4.732E-08 5.091E-09
292 4.000 1 4.000 29.9509 3.743E+04 8.694E+12 4.305E-09 5.033E-09
363 4.000 1 4.000 29.9166 3.723E+04 5.156E+12 7.219E-09 4.995E-09
478 2.000 1 4.000 29.8974 7.395E+04 5.789E+11 1.278E-07 4.955E-09
1008 4.000 1 4.000 29.7308 3.738E+04 5.939E+13 6.293E-10 4.953E-09
1323 4.000 1 4.000 29.6812 3.720E+04 2.470E+13 1.506E-09 4.913E-09
928 2.000 1 4.000 29.7799 7.195E+04 3.702E+12 1.944E-08 4.785E-09
807 2.000 1 4.000 29.8574 7.071E+04 9.994E+11 7.076E-08 4.724E-09
251 2.000 1 4.000 29.9821 6.862E+04 6.550E+12 1.048E-08 4.624E-09
331 2.000 1 4.000 29.9225 6.740E+04 5.293E+09 1.273E-05 4.523E-09
1373 4.000 1 4.000 29.6719 3.348E+04 4.042E+27 8.282E-24 4.418E-09
583 6.000 1 4.000 29.8883 2.167E+04 3.058E+08 7.085E-05 4.355E-09
1287 4.000 1 4.000 29.6960 3.181E+04 3.551E+13 8.959E-10 4.205E-09
49 6.000 1 4.000 30.3356 1.957E+04 2.546E+11 7.684E-08 4.049E-09
283 6.000 1 4.000 29.9568 1.908E+04 1.388E+13 1.375E-09 3.853E-09
239 6.000 1 4.000 30.0212 1.763E+04 4.484E+13 3.932E-10 3.575E-09
1442 2.000 1 4.000 29.5618 5.420E+04 6.657E+13 8.142E-10 3.550E-09
627 2.000 1 4.000 29.8860 5.270E+04 4.152E+12 1.269E-08 3.528E-09
1483 6.000 1 4.000 29.5099 1.659E+04 3.886E+12 4.269E-09 3.250E-09
343 2.000 1 4.000 29.9224 4.661E+04 2.188E+08 2.130E-04 3.128E-09
1012 2.000 1 4.000 29.7283 4.716E+04 4.475E+13 1.054E-09 3.124E-09
327 6.000 1 4.000 29.9226 1.495E+04 5.127E+07 2.917E-04 3.010E-09
384 6.000 1 4.000 29.9079 1.449E+04 1.618E+13 8.954E-10 2.913E-09
630 2.000 1 4.000 29.8859 4.142E+04 8.146E+11 5.085E-08 2.774E-09
504 2.000 1 4.000 29.8889 3.782E+04 2.973E+12 1.272E-08 2.533E-09
1324 4.000 1 4.000 29.6800 1.797E+04 2.070E+13 8.681E-10 2.374E-09
867 2.000 1 4.000 29.8301 3.459E+04 3.283E+26 1.054E-22 2.308E-09
1514 6.000 1 4.000 29.4997 1.098E+04 2.400E+12 4.573E-09 2.148E-09
637 6.000 1 4.000 29.8825 1.054E+04 2.650E+13 3.975E-10 2.116E-09
76 6.000 1 4.000 30.2941 9.349E+03 1.138E+11 8.214E-08 1.929E-09
48 4.000 1 4.000 30.3356 1.346E+04 2.550E+11 5.280E-08 1.857E-09
1076 2.000 1 4.000 29.7203 2.769E+04 4.313E+12 6.420E-09 1.833E-09
1443 2.000 1 4.000 29.5544 2.793E+04 1.330E+14 2.100E-10 1.829E-09
1461 2.000 1 4.000 29.5262 2.796E+04 3.191E+13 8.762E-10 1.827E-09
371 2.000 1 4.000 29.9150 2.417E+04 1.143E+12 2.115E-08 1.622E-09
1288 2.000 1 4.000 29.6960 2.311E+04 2.693E+13 8.580E-10 1.528E-09
234 4.000 1 4.000 30.0558 1.092E+04 1.474E+13 7.411E-10 1.479E-09
1081 4.000 1 4.000 29.7184 1.111E+04 1.098E+13 1.012E-09 1.472E-09
907 2.000 1 4.000 29.8034 2.187E+04 6.304E+13 3.469E-10 1.456E-09
618 2.000 1 4.000 29.8877 2.175E+04 2.496E+12 8.713E-09 1.456E-09
1184 6.000 1 4.000 29.7086 6.817E+03 2.064E+11 3.303E-08 1.353E-09
291 2.000 1 4.000 29.9511 1.946E+04 3.238E+12 6.009E-09 1.308E-09
1167 2.000 1 4.000 29.7105 1.797E+04 1.706E+12 1.054E-08 1.189E-09
1486 2.000 1 4.000 29.5088 1.780E+04 1.840E+13 9.674E-10 1.162E-09
494 6.000 1 4.000 29.8922 5.518E+03 1.353E+13 4.077E-10 1.109E-09
113 6.000 1 4.000 30.2743 5.247E+03 6.044E+10 8.681E-08 1.081E-09
1440 4.000 1 4.000 29.5654 7.883E+03 3.581E+13 2.201E-10 1.033E-09
334 6.000 1 4.000 29.9225 5.045E+03 8.969E+07 5.625E-05 1.016E-09
231 6.000 1 4.000 30.0579 4.840E+03 2.825E+12 1.713E-09 9.835E-10
281 4.000 1 4.000 29.9569 7.300E+03 1.130E+13 6.460E-10 9.823E-10
1517 2.000 1 4.000 29.4990 1.499E+04 1.426E+13 1.051E-09 9.776E-10
1425 6.000 1 4.000 29.6641 4.777E+03 4.518E+27 1.057E-24 9.453E-10
47 8.000 1 4.000 30.3494 3.372E+03 5.172E+08 6.520E-06 9.312E-10
223 2.000 1 4.000 30.0682 1.371E+04 1.379E+13 9.945E-10 9.290E-10
1375 4.000 1 4.000 29.6706 6.925E+03 1.014E+28 6.831E-25 9.139E-10
75 4.000 1 4.000 30.2941 6.403E+03 1.139E+11 5.620E-08 8.809E-10
485 6.000 1 4.000 29.8970 4.363E+03 2.301E+11 1.896E-08 8.770E-10
1082 6.000 1 4.000 29.7181 4.298E+03 1.355E+13 3.173E-10 8.538E-10
350 6.000 1 4.000 29.9224 3.553E+03 1.143E+08 3.110E-05 7.155E-10
46 6.000 1 4.000 30.3494 3.373E+03 5.166E+08 6.529E-06 6.990E-10
927 4.000 1 4.000 29.7806 5.233E+03 8.959E+12 5.841E-10 6.958E-10
160 6.000 1 4.000 30.2633 3.339E+03 3.587E+10 9.309E-08 6.879E-10
1004 4.000 1 4.000 29.7394 5.133E+03 1.176E+13 4.366E-10 6.805E-10
362 2.000 1 4.000 29.9166 9.470E+03 1.424E+12 6.650E-09 6.353E-10
377 8.000 1 4.000 29.9137 2.249E+03 1.603E+11 1.403E-08 6.035E-10
719 6.000 1 4.000 29.8812 2.988E+03 1.656E+11 1.805E-08 6.000E-10
64 8.000 1 4.000 30.3003 2.105E+03 3.166E+08 6.648E-06 5.795E-10
1459 4.000 1 4.000 29.5279 4.193E+03 1.420E+13 2.952E-10 5.480E-10
1325 2.000 1 4.000 29.6800 7.600E+03 1.786E+13 4.255E-10 5.018E-10
112 4.000 1 4.000 30.2743 3.582E+03 6.049E+10 5.921E-08 4.921E-10
383 4.000 1 4.000 29.9080 3.505E+03 3.585E+12 9.778E-10 4.703E-10
536 4.000 1 4.000 29.8885 3.503E+03 2.356E+10 1.487E-07 4.694E-10
45 4.000 1 4.000 30.3494 3.375E+03 5.162E+08 6.538E-06 4.663E-10
376 6.000 1 4.000 29.9137 2.247E+03 1.229E+11 1.828E-08 4.523E-10
63 6.000 1 4.000 30.3003 2.107E+03 3.163E+08 6.661E-06 4.350E-10
228 6.000 1 4.000 30.0651 2.053E+03 2.408E+12 8.527E-10 4.173E-10
1462 2.000 1 4.000 29.5227 6.280E+03 7.041E+13 8.919E-11 4.105E-10
638 4.000 1 4.000 29.8825 2.780E+03 4.593E+12 6.053E-10 3.723E-10
795 8.000 1 4.000 29.8655 1.361E+03 9.799E+10 1.389E-08 3.643E-10
33 8.000 1 4.000 30.4501 1.305E+03 7.721E+11 1.690E-09 3.628E-10
91 8.000 1 4.000 30.2776 1.270E+03 1.872E+08 6.784E-06 3.490E-10
1484 4.000 1 4.000 29.5099 2.460E+03 7.183E+12 3.425E-10 3.213E-10
159 4.000 1 4.000 30.2633 2.272E+03 3.591E+10 6.327E-08 3.121E-10
375 4.000 1 4.000 29.9137 2.246E+03 1.684E+11 1.333E-08 3.013E-10
62 4.000 1 4.000 30.3003 2.107E+03 3.160E+08 6.668E-06 2.900E-10
484 4.000 1 4.000 29.8971 2.126E+03 1.953E+11 1.089E-08 2.850E-10
794 6.000 1 4.000 29.8655 1.361E+03 7.513E+10 1.811E-08 2.730E-10
90 6.000 1 4.000 30.2776 1.270E+03 1.870E+08 6.792E-06 2.618E-10
44 2.000 1 4.000 30.3494 3.377E+03 5.166E+08 6.536E-06 2.331E-10
128 8.000 1 4.000 30.2653 8.065E+02 1.164E+08 6.926E-06 2.215E-10
1515 4.000 1 4.000 29.4997 1.631E+03 4.392E+12 3.714E-10 2.128E-10
819 8.000 1 4.000 29.8433 7.932E+02 7.033E+10 1.128E-08 2.118E-10
1518 2.000 1 4.000 29.4963 3.156E+03 8.842E+13 3.569E-11 2.058E-10
623 6.000 1 4.000 29.8864 9.868E+02 1.141E+11 8.647E-09 1.982E-10
289 6.000 1 4.000 29.9536 9.790E+02 9.269E+11 1.056E-09 1.976E-10
626 6.000 1 4.000 29.8861 9.792E+02 1.426E+11 6.866E-09 1.967E-10
297 6.000 1 4.000 29.9395 9.332E+02 2.287E+13 4.081E-11 1.881E-10
1374 2.000 1 4.000 29.6706 2.839E+03 2.357E+27 1.204E-24 1.873E-10
793 4.000 1 4.000 29.8655 1.360E+03 1.030E+11 1.320E-08 1.818E-10
89 4.000 1 4.000 30.2776 1.271E+03 1.868E+08 6.801E-06 1.746E-10
1487 2.000 1 4.000 29.5066 2.625E+03 4.892E+13 5.365E-11 1.713E-10
127 6.000 1 4.000 30.2653 8.068E+02 1.163E+08 6.937E-06 1.662E-10
818 6.000 1 4.000 29.8433 7.925E+02 6.739E+10 1.176E-08 1.587E-10
374 2.000 1 4.000 29.9137 2.245E+03 2.331E+11 9.630E-09 1.506E-10
173 8.000 1 4.000 30.2578 5.461E+02 7.645E+07 7.144E-06 1.499E-10
61 2.000 1 4.000 30.3003 2.108E+03 3.162E+08 6.665E-06 1.451E-10
845 8.000 1 4.000 29.8312 4.851E+02 3.248E+23 1.493E-21 1.294E-10
172 6.000 1 4.000 30.2578 5.463E+02 7.635E+07 7.155E-06 1.125E-10
126 4.000 1 4.000 30.2653 8.073E+02 1.162E+08 6.947E-06 1.109E-10
1393 4.000 1 4.000 29.6679 8.242E+02 2.188E+24 3.767E-22 1.088E-10
50 8.000 1 4.000 30.3355 3.900E+02 2.469E+11 1.580E-09 1.076E-10
817 4.000 1 4.000 29.8433 7.920E+02 8.803E+10 8.997E-09 1.058E-10
1181 4.000 1 4.000 29.7086 7.945E+02 4.893E+10 1.624E-08 1.052E-10
227 4.000 1 4.000 30.0651 7.598E+02 2.343E+12 3.242E-10 1.030E-10
1337 6.000 1 4.000 29.6751 5.162E+02 7.299E+25 7.072E-24 1.022E-10
370 6.000 1 4.000 29.9150 5.032E+02 4.153E+11 1.212E-09 1.013E-10
844 6.000 1 4.000 29.8312 4.847E+02 1.353E+24 3.581E-22 9.698E-11
238 4.000 1 4.000 30.0212 6.963E+02 1.275E+13 5.461E-11 9.408E-11
792 2.000 1 4.000 29.8655 1.359E+03 1.422E+11 9.556E-09 9.088E-11
88 2.000 1 4.000 30.2776 1.271E+03 1.869E+08 6.799E-06 8.733E-11
496 2.000 1 4.000 29.8911 1.288E+03 2.735E+12 4.710E-10 8.632E-11
280 2.000 1 4.000 29.9569 1.283E+03 3.867E+12 3.317E-10 8.628E-11
874 8.000 1 4.000 29.8239 3.105E+02 2.884E+10 1.077E-08 8.282E-11
286 6.000 1 4.000 29.9559 4.093E+02 8.125E+11 5.038E-10 8.260E-11
171 4.000 1 4.000 30.2578 5.465E+02 7.629E+07 7.164E-06 7.503E-11
843 4.000 1 4.000 29.8312 4.843E+02 7.077E+23 6.843E-22 6.460E-11
873 6.000 1 4.000 29.8239 3.102E+02 2.781E+10 1.116E-08 6.205E-11
125 2.000 1 4.000 30.2653 8.075E+02 1.163E+08 6.944E-06 5.543E-11
816 2.000 1 4.000 29.8433 7.915E+02 8.983E+10 8.811E-09 5.285E-11
1340 4.000 1 4.000 29.6750 3.651E+02 2.583E+30 1.413E-28 4.819E-11
1382 6.000 1 4.000 29.6680 2.340E+02 1.281E+25 1.827E-23 4.633E-11
77 8.000 1 4.000 30.2941 1.656E+02 1.138E+11 1.456E-09 4.558E-11
622 4.000 1 4.000 29.8865 3.290E+02 1.073E+11 3.066E-09 4.405E-11
872 4.000 1 4.000 29.8239 3.100E+02 3.631E+10 8.538E-09 4.135E-11
747 4.000 1 4.000 29.8810 2.925E+02 1.084E+05 2.697E-03 3.915E-11
1299 6.000 1 4.000 29.6869 1.957E+02 2.639E+10 7.415E-09 3.878E-11
170 2.000 1 4.000 30.2578 5.465E+02 7.633E+07 7.159E-06 3.753E-11
994 6.000 1 4.000 29.7408 1.802E+02 2.038E+13 8.840E-12 3.585E-11
1003 2.000 1 4.000 29.7395 5.087E+02 4.557E+12 1.116E-10 3.374E-11
842 2.000 1 4.000 29.8312 4.841E+02 5.009E+24 9.664E-23 3.230E-11
1303 4.000 1 4.000 29.6869 1.985E+02 2.576E+10 7.709E-09 2.622E-11
114 8.000 1 4.000 30.2743 8.392E+01 6.039E+10 1.390E-09 2.306E-11
285 4.000 1 4.000 29.9560 1.634E+02 7.787E+11 2.098E-10 2.198E-11
871 2.000 1 4.000 29.8239 3.099E+02 3.656E+10 8.475E-09 2.066E-11
1398 2.000 1 4.000 29.6679 3.017E+02 4.775E+24 6.319E-23 1.991E-11
1183 4.000 1 4.000 29.7086 1.385E+02 7.686E+08 1.802E-07 1.832E-11
161 8.000 1 4.000 30.2633 4.674E+01 3.584E+10 1.304E-09 1.284E-11
1383 4.000 1 4.000 29.6680 9.213E+01 1.063E+25 8.669E-24 1.216E-11
812 6.000 1 4.000 29.8467 5.615E+01 3.502E+25 1.603E-24 1.125E-11
1336 4.000 1 4.000 29.6751 7.308E+01 1.916E+30 3.814E-29 9.648E-12
1426 4.000 1 4.000 29.6641 7.180E+01 8.044E+26 8.926E-26 9.473E-12
1341 2.000 1 4.000 29.6750 1.279E+02 3.326E+24 3.845E-23 8.442E-12
493 4.000 1 4.000 29.8923 4.487E+01 1.891E+12 2.372E-11 6.011E-12
803 6.000 1 4.000 29.8649 2.778E+01 4.318E+06 6.434E-06 5.573E-12
1302 2.000 1 4.000 29.6869 6.555E+01 3.714E+09 1.765E-08 4.331E-12
1298 4.000 1 4.000 29.6869 2.960E+01 6.865E+10 4.312E-10 3.913E-12
233 2.000 1 4.000 30.0558 5.056E+01 5.995E+12 8.434E-12 3.424E-12
488 6.000 1 4.000 29.8965 1.626E+01 2.178E+11 7.463E-11 3.268E-12
1370 6.000 1 4.000 29.6730 1.085E+01 9.369E+27 1.158E-27 2.149E-12
1182 2.000 1 4.000 29.7086 1.990E+01 5.996E+08 3.319E-08 1.317E-12
29 6.000 1 4.000 30.5539 6.237E+00 1.843E+12 3.383E-12 1.309E-12
367 6.000 1 4.000 29.9161 4.160E+00 4.132E+11 1.007E-11 8.373E-13
221 4.000 1 4.000 30.1030 3.948E+00 9.665E+12 4.084E-13 5.363E-13
222 2.000 1 4.000 30.0791 5.620E+00 2.837E+12 1.981E-12 3.813E-13
1282 6.000 1 4.000 29.7020 1.587E+00 8.922E+12 1.779E-13 3.150E-13
37 6.000 1 4.000 30.3648 1.440E+00 4.585E+11 3.140E-12 2.985E-13
30 4.000 1 4.000 30.5133 1.921E+00 5.227E+12 3.676E-13 2.683E-13
296 4.000 1 4.000 29.9395 1.899E+00 6.265E+12 3.031E-13 2.551E-13
1320 6.000 1 4.000 29.6833 1.176E+00 4.663E+12 2.522E-13 2.330E-13
321 8.000 1 4.000 29.9228 5.595E-01 2.520E+11 2.220E-12 1.502E-13
798 4.000 1 4.000 29.8649 1.035E+00 3.524E+07 2.937E-08 1.384E-13
981 6.000 1 4.000 29.7466 6.833E-01 7.323E+10 9.331E-12 1.360E-13
304 4.000 1 4.000 29.9258 9.898E-01 2.381E+12 4.158E-13 1.329E-13
361 2.000 1 4.000 29.9197 1.795E+00 8.904E+11 2.015E-12 1.204E-13
319 6.000 1 4.000 29.9229 5.697E-01 1.180E+11 4.827E-12 1.147E-13
54 6.000 1 4.000 30.3063 5.407E-01 1.876E+11 2.882E-12 1.117E-13
38 4.000 1 4.000 30.3541 6.598E-01 1.739E+12 3.794E-13 9.113E-14
990 6.000 1 4.000 29.7464 4.542E-01 1.657E+11 2.741E-12 9.038E-14
317 4.000 1 4.000 29.9229 6.383E-01 1.343E+11 4.752E-12 8.568E-14
1211 6.000 1 4.000 29.7058 3.258E-01 1.352E+10 2.411E-11 6.465E-14
366 4.000 1 4.000 29.9161 4.635E-01 3.594E+11 1.290E-12 6.218E-14
974 6.000 1 4.000 29.7467 3.082E-01 3.381E+10 9.114E-12 6.130E-14
1245 6.000 1 4.000 29.7056 2.918E-01 3.020E+10 9.664E-12 5.790E-14
790 2.000 1 4.000 29.8676 8.230E-01 3.803E+11 2.164E-12 5.503E-14
81 6.000 1 4.000 30.2805 2.532E-01 9.470E+10 2.673E-12 5.220E-14
785 4.000 1 4.000 29.8702 3.898E-01 9.418E+11 4.138E-13 5.213E-14
1243 4.000 1 4.000 29.7056 3.620E-01 3.045E+10 1.189E-11 4.788E-14
1189 6.000 1 4.000 29.7086 2.328E-01 4.391E+08 5.302E-10 4.623E-14
270 8.000 1 4.000 29.9710 1.651E-01 4.434E+11 3.724E-13 4.448E-14
55 4.000 1 4.000 30.3018 3.200E-01 8.067E+11 3.967E-13 4.408E-14
752 6.000 1 4.000 29.8810 1.932E-01 9.598E+01 2.013E-03 3.880E-14
316 2.000 1 4.000 29.9229 5.660E-01 1.402E+11 4.037E-12 3.798E-14
714 6.000 1 4.000 29.8812 1.813E-01 5.542E+02 3.272E-04 3.643E-14
987 6.000 1 4.000 29.7464 1.708E-01 1.509E+11 1.132E-12 3.400E-14
269 6.000 1 4.000 29.9711 1.584E-01 1.880E+11 8.426E-13 3.200E-14
815 2.000 1 4.000 29.8442 4.647E-01 2.589E+11 1.795E-12 3.103E-14
218 8.000 1 4.000 30.1614 1.018E-01 2.203E+12 4.619E-14 2.775E-14
118 6.000 1 4.000 30.2669 1.322E-01 5.482E+10 2.412E-12 2.725E-14
924 8.000 1 4.000 29.7942 1.007E-01 2.328E+12 4.324E-14 2.680E-14
82 4.000 1 4.000 30.2782 1.930E-01 4.641E+11 4.159E-13 2.653E-14
1138 4.000 1 4.000 29.7127 1.937E-01 6.330E+10 3.060E-12 2.565E-14
814 4.000 1 4.000 29.8455 1.901E-01 5.542E+11 3.429E-13 2.538E-14
988 4.000 1 4.000 29.7464 1.831E-01 1.485E+11 1.232E-12 2.429E-14
268 4.000 1 4.000 29.9711 1.769E-01 2.101E+11 8.421E-13 2.383E-14
1161 6.000 1 4.000 29.7127 1.137E-01 6.624E+10 1.716E-12 2.257E-14
1109 6.000 1 4.000 29.7129 1.131E-01 2.503E+10 4.517E-12 2.245E-14
217 6.000 1 4.000 30.1615 1.091E-01 4.932E+12 2.211E-14 2.232E-14
1120 6.000 1 4.000 29.7129 1.105E-01 3.112E+10 3.551E-12 2.194E-14
841 2.000 1 4.000 29.8317 3.198E-01 1.541E+11 2.075E-12 2.134E-14
1212 4.000 1 4.000 29.7058 1.608E-01 1.330E+10 1.209E-11 2.127E-14
124 4.000 1 4.000 30.2654 1.515E-01 3.354E+11 4.517E-13 2.081E-14
1110 4.000 1 4.000 29.7129 1.468E-01 2.390E+10 6.142E-12 1.943E-14
1455 6.000 1 4.000 29.5352 8.845E-02 9.273E+10 9.538E-13 1.735E-14
922 8.000 1 4.000 29.7943 6.125E-02 2.835E+12 2.161E-14 1.630E-14
1433 8.000 1 4.000 29.5826 6.194E-02 3.183E+12 1.946E-14 1.625E-14
912 8.000 1 4.000 29.7948 5.965E-02 2.407E+12 2.478E-14 1.588E-14
216 4.000 1 4.000 30.1615 1.145E-01 2.938E+12 3.896E-14 1.561E-14
923 6.000 1 4.000 29.7943 7.548E-02 3.091E+12 2.442E-14 1.507E-14
973 8.000 1 4.000 29.7467 5.544E-02 9.647E+11 5.747E-14 1.471E-14
914 6.000 1 4.000 29.7947 7.318E-02 2.259E+12 3.239E-14 1.461E-14
1038 6.000 1 4.000 29.7247 7.265E-02 3.768E+10 1.928E-12 1.444E-14
823 6.000 1 4.000 29.8429 7.033E-02 3.855E+07 1.825E-09 1.409E-14
840 4.000 1 4.000 29.8325 1.045E-01 3.143E+11 3.324E-13 1.394E-14
827 6.000 1 4.000 29.8429 6.953E-02 5.138E+07 1.353E-09 1.393E-14
961 8.000 1 4.000 29.7471 5.106E-02 1.048E+12 4.872E-14 1.355E-14
799 6.000 1 4.000 29.8649 6.673E-02 2.591E+07 2.576E-09 1.339E-14
979 4.000 1 4.000 29.7466 9.955E-02 5.234E+10 1.902E-12 1.321E-14
267 2.000 1 4.000 29.9711 1.949E-01 2.166E+11 8.997E-13 1.312E-14
1196 6.000 1 4.000 29.7059 6.310E-02 4.190E+09 1.506E-11 1.252E-14
1241 2.000 1 4.000 29.7056 1.841E-01 3.038E+10 6.060E-12 1.217E-14
1099 6.000 1 4.000 29.7130 6.047E-02 1.498E+10 4.037E-12 1.201E-14
925 4.000 1 4.000 29.7937 8.853E-02 3.483E+12 2.541E-14 1.178E-14
970 8.000 1 4.000 29.7468 4.186E-02 1.491E+12 2.807E-14 1.111E-14
962 6.000 1 4.000 29.7471 5.562E-02 1.152E+12 4.829E-14 1.107E-14
1021 8.000 1 4.000 29.7250 3.988E-02 5.127E+11 7.777E-14 1.057E-14
1446 8.000 1 4.000 29.5357 3.795E-02 1.504E+12 2.523E-14 9.928E-15
926 2.000 1 4.000 29.7936 1.449E-01 3.672E+12 3.945E-14 9.638E-15
1435 6.000 1 4.000 29.5824 4.857E-02 3.261E+12 1.489E-14 9.560E-15
1219 6.000 1 4.000 29.7058 4.712E-02 1.075E+10 4.384E-12 9.348E-15
315 2.000 1 4.000 29.9230 1.312E-01 7.693E+10 1.706E-12 8.807E-15
1474 6.000 1 4.000 29.5137 4.400E-02 6.720E+10 6.548E-13 8.620E-15
915 4.000 1 4.000 29.7946 6.433E-02 1.811E+12 3.551E-14 8.563E-15
1020 6.000 1 4.000 29.7250 4.293E-02 6.017E+11 7.136E-14 8.530E-15
1248 4.000 1 4.000 29.7056 6.378E-02 3.145E+10 2.028E-12 8.438E-15
309 8.000 1 4.000 29.9231 3.114E-02 8.275E+10 3.763E-13 8.360E-15
215 2.000 1 4.000 30.1616 1.178E-01 2.138E+12 5.511E-14 8.033E-15
982 4.000 1 4.000 29.7464 6.023E-02 1.926E+12 3.127E-14 7.988E-15
1092 8.000 1 4.000 29.7131 2.994E-02 2.852E+11 1.050E-13 7.925E-15
921 6.000 1 4.000 29.7943 3.727E-02 2.716E+12 1.372E-14 7.440E-15
972 6.000 1 4.000 29.7468 3.708E-02 1.666E+12 2.226E-14 7.380E-15
1059 4.000 1 4.000 29.7246 5.518E-02 9.845E+10 5.606E-13 7.311E-15
911 6.000 1 4.000 29.7948 3.555E-02 1.573E+12 2.261E-14 7.095E-15
1045 8.000 1 4.000 29.7247 2.652E-02 4.670E+11 5.680E-14 7.027E-15
311 8.000 1 4.000 29.9230 2.596E-02 7.713E+10 3.366E-13 6.973E-15
963 4.000 1 4.000 29.7470 5.145E-02 8.952E+11 5.747E-14 6.828E-15
971 6.000 1 4.000 29.7468 3.405E-02 1.316E+12 2.587E-14 6.775E-15
308 6.000 1 4.000 29.9231 3.277E-02 9.546E+10 3.433E-13 6.598E-15
1034 6.000 1 4.000 29.7248 3.195E-02 8.085E+11 3.952E-14 6.350E-15
919 2.000 1 4.000 29.7943 9.245E-02 2.578E+12 3.586E-14 6.150E-15
917 4.000 1 4.000 29.7945 4.618E-02 3.313E+12 1.394E-14 6.145E-15
1277 6.000 1 4.000 29.7056 3.022E-02 2.012E+10 1.502E-12 5.998E-15
1135 6.000 1 4.000 29.7127 2.980E-02 6.508E+10 4.579E-13 5.918E-15
1091 6.000 1 4.000 29.7131 2.977E-02 3.395E+11 8.768E-14 5.910E-15
984 4.000 1 4.000 29.7464 4.444E-02 9.527E+10 4.664E-13 5.894E-15
993 2.000 1 4.000 29.7464 8.880E-02 1.788E+12 4.968E-14 5.890E-15
1448 6.000 1 4.000 29.5355 2.993E-02 1.577E+12 1.898E-14 5.873E-15
1465 8.000 1 4.000 29.5139 2.233E-02 8.080E+11 2.763E-14 5.830E-15
1204 8.000 1 4.000 29.7059 2.161E-02 1.762E+11 1.227E-13 5.720E-15
1033 8.000 1 4.000 29.7248 2.127E-02 8.378E+11 2.539E-14 5.637E-15
1131 2.000 1 4.000 29.7127 7.742E-02 4.472E+10 1.731E-12 5.125E-15
1039 4.000 1 4.000 29.7247 3.818E-02 3.642E+10 1.048E-12 5.055E-15
1049 4.000 1 4.000 29.7246 3.795E-02 1.152E+12 3.294E-14 5.028E-15
1022 4.000 1 4.000 29.7250 3.730E-02 5.004E+11 7.455E-14 4.943E-15
853 6.000 1 4.000 29.8310 2.422E-02 4.061E+29 5.963E-32 4.845E-15
1054 6.000 1 4.000 29.7246 2.410E-02 1.010E+11 2.387E-13 4.790E-15
1133 4.000 1 4.000 29.7127 3.578E-02 4.783E+10 7.480E-13 4.734E-15
920 4.000 1 4.000 29.7943 3.498E-02 2.758E+12 1.268E-14 4.655E-15
303 8.000 1 4.000 29.9276 1.724E-02 2.228E+11 7.737E-14 4.630E-15
1499 6.000 1 4.000 29.5020 2.255E-02 4.509E+10 5.001E-13 4.415E-15
918 6.000 1 4.000 29.7944 2.170E-02 2.323E+12 9.342E-15 4.333E-15
1129 8.000 1 4.000 29.7128 1.589E-02 2.947E+11 5.390E-14 4.207E-15
1436 4.000 1 4.000 29.5824 3.185E-02 3.231E+12 9.856E-15 4.180E-15
1127 6.000 1 4.000 29.7129 2.102E-02 5.339E+11 3.937E-14 4.173E-15
1195 6.000 1 4.000 29.7059 2.020E-02 2.111E+11 9.567E-14 4.008E-15
302 6.000 1 4.000 29.9277 1.988E-02 4.765E+11 4.172E-14 4.003E-15
1438 2.000 1 4.000 29.5823 6.010E-02 2.981E+12 2.016E-14 3.943E-15
1437 4.000 1 4.000 29.5823 2.918E-02 4.042E+12 7.218E-15 3.828E-15
822 4.000 1 4.000 29.8429 2.768E-02 8.483E+07 3.262E-10 3.695E-15
1490 8.000 1 4.000 29.5022 1.379E-02 4.792E+11 2.877E-14 3.597E-15
1467 6.000 1 4.000 29.5139 1.775E-02 8.563E+11 2.073E-14 3.478E-15
960 6.000 1 4.000 29.7472 1.697E-02 6.166E+11 2.752E-14 3.375E-15
1093 4.000 1 4.000 29.7130 2.535E-02 3.028E+11 8.371E-14 3.355E-15
1070 2.000 1 4.000 29.7246 5.015E-02 1.135E+12 4.420E-14 3.320E-15
976 6.000 1 4.000 29.7466 1.644E-02 5.369E+10 3.063E-13 3.273E-15
849 6.000 1 4.000 29.8310 1.600E-02 6.634E+29 2.412E-32 3.203E-15
1130 4.000 1 4.000 29.7128 2.414E-02 7.345E+11 3.286E-14 3.195E-15
301 4.000 1 4.000 29.9278 2.184E-02 3.034E+11 7.197E-14 2.933E-15
249 8.000 1 4.000 29.9835 1.082E-02 5.421E+11 1.996E-14 2.918E-15
621 8.000 1 4.000 29.8876 1.050E-02 1.238E+12 8.482E-15 2.812E-15
1239 8.000 1 4.000 29.7057 1.058E-02 1.822E+11 5.810E-14 2.800E-15
1126 8.000 1 4.000 29.7129 1.051E-02 5.085E+11 2.066E-14 2.783E-15
910 4.000 1 4.000 29.7949 1.988E-02 1.212E+12 1.641E-14 2.645E-15
258 8.000 1 4.000 29.9714 9.815E-03 2.159E+11 4.546E-14 2.642E-15
1434 6.000 1 4.000 29.5826 1.337E-02 2.369E+12 5.644E-15 2.633E-15
1449 4.000 1 4.000 29.5355 1.964E-02 1.580E+12 1.243E-14 2.568E-15
718 8.000 1 4.000 29.8812 9.503E-03 4.535E+10 2.095E-13 2.545E-15
1069 6.000 1 4.000 29.7246 1.270E-02 1.052E+11 1.207E-13 2.523E-15
307 4.000 1 4.000 29.9232 1.830E-02 6.326E+10 2.892E-13 2.456E-15
1451 2.000 1 4.000 29.5355 3.739E-02 1.469E+12 2.545E-14 2.445E-15
248 6.000 1 4.000 29.9836 1.186E-02 1.208E+12 9.818E-15 2.398E-15
1450 4.000 1 4.000 29.5355 1.814E-02 2.060E+12 8.802E-15 2.372E-15
1519 8.000 1 4.000 29.4951 8.945E-03 3.062E+11 2.921E-14 2.333E-15
1205 4.000 1 4.000 29.7059 1.761E-02 1.987E+11 8.861E-14 2.329E-15
931 8.000 1 4.000 29.7797 8.551E-03 6.981E+12 1.225E-15 2.274E-15
748 6.000 1 4.000 29.8810 1.121E-02 1.783E+02 6.287E-05 2.250E-15
1492 6.000 1 4.000 29.5021 1.106E-02 5.103E+11 2.167E-14 2.165E-15
507 8.000 1 4.000 29.8889 7.991E-03 9.873E+11 8.094E-15 2.141E-15
1240 4.000 1 4.000 29.7056 1.608E-02 5.279E+11 3.046E-14 2.128E-15
310 6.000 1 4.000 29.9231 1.031E-02 1.924E+10 5.358E-13 2.076E-15
1025 2.000 1 4.000 29.7249 2.974E-02 4.416E+11 6.734E-14 1.970E-15
1154 2.000 1 4.000 29.7127 2.957E-02 6.923E+11 4.272E-14 1.957E-15
882 6.000 1 4.000 29.8238 9.415E-03 2.521E+07 3.734E-10 1.883E-15
632 8.000 1 4.000 29.8858 6.915E-03 1.105E+12 6.259E-15 1.852E-15
968 2.000 1 4.000 29.7468 2.766E-02 1.305E+12 2.119E-14 1.835E-15
1454 4.000 1 4.000 29.5352 1.387E-02 9.155E+10 1.515E-13 1.814E-15
1528 6.000 1 4.000 29.4950 9.023E-03 2.486E+10 3.630E-13 1.766E-15
965 2.000 1 4.000 29.7469 2.592E-02 7.835E+11 3.308E-14 1.719E-15
247 4.000 1 4.000 29.9837 1.259E-02 7.520E+11 1.675E-14 1.698E-15
959 4.000 1 4.000 29.7472 1.265E-02 5.135E+11 2.463E-14 1.679E-15
966 4.000 1 4.000 29.7469 1.217E-02 1.633E+12 7.451E-15 1.614E-15
1447 6.000 1 4.000 29.5357 8.175E-03 1.062E+12 7.699E-15 1.604E-15
1238 6.000 1 4.000 29.7057 8.037E-03 4.161E+11 1.932E-14 1.595E-15
300 2.000 1 4.000 29.9278 2.304E-02 2.294E+11 1.004E-13 1.547E-15
1097 2.000 1 4.000 29.7130 2.317E-02 2.701E+11 8.578E-14 1.533E-15
1035 6.000 1 4.000 29.7248 7.682E-03 9.081E+11 8.459E-15 1.526E-15
1468 4.000 1 4.000 29.5139 1.164E-02 8.627E+11 1.350E-14 1.521E-15
378 6.000 1 4.000 29.9127 7.489E-03 2.331E+10 3.213E-13 1.507E-15
402 6.000 1 4.000 29.9006 7.298E-03 7.066E+10 1.033E-13 1.467E-15
1470 2.000 1 4.000 29.5139 2.228E-02 7.940E+11 2.805E-14 1.455E-15
176 6.000 1 4.000 30.2578 7.055E-03 1.595E+03 4.425E-06 1.453E-15
323 6.000 1 4.000 29.9226 7.122E-03 3.063E+10 2.325E-13 1.434E-15
1521 6.000 1 4.000 29.4950 7.270E-03 3.270E+11 2.223E-14 1.422E-15
1469 4.000 1 4.000 29.5139 1.081E-02 1.129E+12 9.574E-15 1.411E-15
916 2.000 1 4.000 29.7946 2.106E-02 1.737E+12 1.212E-14 1.401E-15
1236 8.000 1 4.000 29.7057 5.019E-03 3.342E+11 1.502E-14 1.328E-15
540 8.000 1 4.000 29.8884 4.905E-03 7.589E+10 6.464E-14 1.314E-15
1265 2.000 1 4.000 29.7056 1.902E-02 4.617E+11 4.118E-14 1.258E-15
1237 6.000 1 4.000 29.7057 5.973E-03 2.660E+11 2.246E-14 1.185E-15
405 8.000 1 4.000 29.9005 4.421E-03 1.348E+11 3.280E-14 1.185E-15
1207 2.000 1 4.000 29.7058 1.721E-02 1.703E+11 1.011E-13 1.139E-15
644 4.000 1 4.000 29.8813 8.420E-03 1.911E+10 4.406E-13 1.127E-15
175 4.000 1 4.000 30.2578 8.065E-03 1.603E+03 5.030E-06 1.107E-15
797 6.000 1 4.000 29.8650 5.397E-03 1.419E+10 3.803E-13 1.083E-15
313 8.000 1 4.000 29.9230 3.859E-03 1.990E+09 1.939E-12 1.036E-15
969 4.000 1 4.000 29.7468 7.538E-03 1.334E+12 5.652E-15 9.998E-16
1000 8.000 1 4.000 29.7402 3.733E-03 2.949E+12 1.266E-15 9.900E-16
399 4.000 1 4.000 29.9006 7.208E-03 8.194E+10 8.796E-14 9.663E-16
1493 4.000 1 4.000 29.5021 7.258E-03 5.167E+11 1.405E-14 9.470E-16
568 6.000 1 4.000 29.8884 4.700E-03 5.787E+01 8.121E-05 9.440E-16
1466 6.000 1 4.000 29.5139 4.807E-03 5.603E+11 8.579E-15 9.415E-16
1495 2.000 1 4.000 29.5021 1.393E-02 4.725E+11 2.948E-14 9.090E-16
257 6.000 1 4.000 29.9715 4.482E-03 2.030E+11 2.208E-14 9.055E-16
848 4.000 1 4.000 29.8310 6.720E-03 3.186E+29 2.109E-32 8.965E-16
1494 4.000 1 4.000 29.5021 6.758E-03 6.755E+11 1.000E-14 8.818E-16
246 2.000 1 4.000 29.9837 1.304E-02 5.675E+11 2.298E-14 8.791E-16
1473 4.000 1 4.000 29.5137 6.633E-03 6.621E+10 1.002E-13 8.660E-16
1018 4.000 1 4.000 29.7251 6.315E-03 2.448E+11 2.580E-14 8.368E-16
649 6.000 1 4.000 29.8813 4.082E-03 2.525E+10 1.617E-13 8.195E-16
358 6.000 1 4.000 29.9223 3.937E-03 6.637E+10 5.932E-14 7.928E-16
603 4.000 1 4.000 29.8883 5.915E-03 1.359E+02 4.352E-05 7.920E-16
878 6.000 1 4.000 29.8238 3.815E-03 1.981E+07 1.925E-10 7.633E-16
1046 6.000 1 4.000 29.7247 3.678E-03 4.854E+10 7.578E-14 7.308E-16
1019 6.000 1 4.000 29.7251 3.657E-03 2.903E+11 1.260E-14 7.265E-16
821 6.000 1 4.000 29.8430 3.430E-03 2.631E+10 1.304E-13 6.869E-16
516 4.000 1 4.000 29.8886 4.808E-03 4.386E+10 1.096E-13 6.440E-16
723 6.000 1 4.000 29.8811 3.182E-03 3.077E+10 1.034E-13 6.390E-16
1522 4.000 1 4.000 29.4950 4.778E-03 3.317E+11 1.440E-14 6.230E-16
1524 2.000 1 4.000 29.4950 9.205E-03 3.023E+11 3.045E-14 6.003E-16
379 4.000 1 4.000 29.9127 4.416E-03 1.939E+10 2.277E-13 5.924E-16
1523 4.000 1 4.000 29.4950 4.458E-03 4.338E+11 1.028E-14 5.815E-16
1491 6.000 1 4.000 29.5022 2.968E-03 3.300E+11 8.994E-15 5.810E-16
643 2.000 1 4.000 29.8813 8.625E-03 2.543E+10 3.392E-13 5.773E-16
606 6.000 1 4.000 29.8883 2.780E-03 4.536E+01 6.129E-05 5.585E-16
983 2.000 1 4.000 29.7464 8.213E-03 9.145E+10 8.980E-14 5.446E-16
518 6.000 1 4.000 29.8885 2.577E-03 4.159E+10 6.195E-14 5.175E-16
1075 8.000 1 4.000 29.7213 1.949E-03 1.628E+12 1.197E-15 5.160E-16
675 6.000 1 4.000 29.8812 2.545E-03 2.769E+09 9.192E-13 5.113E-16
967 6.000 1 4.000 29.7469 2.448E-03 9.671E+11 2.532E-15 4.873E-16
847 6.000 1 4.000 29.8310 2.305E-03 1.115E+24 2.067E-27 4.612E-16
1048 8.000 1 4.000 29.7247 1.686E-03 3.031E+10 5.563E-14 4.468E-16
1498 4.000 1 4.000 29.5020 3.315E-03 4.418E+10 7.503E-14 4.328E-16
796 4.000 1 4.000 29.8650 3.234E-03 1.177E+10 2.749E-13 4.325E-16
182 6.000 1 4.000 30.2578 2.062E-03 1.561E+04 1.320E-07 4.245E-16
342 8.000 1 4.000 29.9224 1.539E-03 2.333E+11 6.594E-15 4.130E-16
646 8.000 1 4.000 29.8813 1.529E-03 3.002E+10 5.093E-14 4.092E-16
271 6.000 1 4.000 29.9705 1.988E-03 7.750E+10 2.566E-14 4.018E-16
602 6.000 1 4.000 29.8883 1.970E-03 1.206E+02 1.634E-05 3.958E-16
395 8.000 1 4.000 29.9007 1.458E-03 6.699E+10 2.176E-14 3.907E-16
647 8.000 1 4.000 29.8813 1.412E-03 7.165E+09 1.971E-13 3.780E-16
1050 2.000 1 4.000 29.7246 5.706E-03 6.680E+10 8.542E-14 3.779E-16
1520 6.000 1 4.000 29.4951 1.927E-03 2.098E+11 9.182E-15 3.770E-16
1089 4.000 1 4.000 29.7132 2.825E-03 1.334E+11 2.117E-14 3.738E-16
394 6.000 1 4.000 29.9007 1.835E-03 1.838E+10 9.986E-14 3.690E-16
648 2.000 1 4.000 29.8813 5.300E-03 2.065E+10 2.567E-13 3.550E-16
876 6.000 1 4.000 29.8238 1.688E-03 1.097E+10 1.539E-13 3.379E-16
1027 6.000 1 4.000 29.7249 1.650E-03 2.303E+10 7.164E-14 3.278E-16
642 6.000 1 4.000 29.8813 1.624E-03 5.431E+09 2.990E-13 3.260E-16
512 2.000 1 4.000 29.8886 4.753E-03 4.103E+10 1.159E-13 3.183E-16
1031 2.000 1 4.000 29.7248 4.698E-03 6.261E+11 7.503E-15 3.113E-16
387 6.000 1 4.000 29.9030 1.543E-03 2.342E+11 6.586E-15 3.103E-16
298 6.000 1 4.000 29.9362 1.518E-03 2.583E+12 5.875E-16 3.058E-16
397 2.000 1 4.000 29.9007 4.524E-03 6.778E+10 6.675E-14 3.031E-16
1166 8.000 1 4.000 29.7108 1.123E-03 9.521E+11 1.179E-15 2.970E-16
1128 6.000 1 4.000 29.7129 1.450E-03 5.173E+11 2.804E-15 2.880E-16
1032 4.000 1 4.000 29.7248 2.171E-03 7.025E+11 3.091E-15 2.875E-16
388 8.000 1 4.000 29.9029 1.032E-03 1.127E+11 9.160E-15 2.768E-16
820 4.000 1 4.000 29.8430 2.052E-03 3.200E+10 6.413E-14 2.739E-16
386 4.000 1 4.000 29.9030 1.962E-03 1.509E+11 1.300E-14 2.630E-16
357 4.000 1 4.000 29.9223 1.893E-03 7.035E+10 2.691E-14 2.542E-16
641 8.000 1 4.000 29.8814 9.075E-04 5.413E+09 1.676E-13 2.430E-16
360 4.000 1 4.000 29.9222 1.760E-03 1.177E+11 1.496E-14 2.363E-16
541 6.000 1 4.000 29.8884 1.169E-03 6.767E+09 1.727E-13 2.348E-16
877 4.000 1 4.000 29.8238 1.640E-03 4.295E+07 3.818E-11 2.187E-16
391 4.000 1 4.000 29.9008 1.619E-03 2.902E+10 5.579E-14 2.170E-16
724 4.000 1 4.000 29.8811 1.539E-03 4.808E+09 3.200E-13 2.060E-16
574 6.000 1 4.000 29.8883 1.024E-03 4.078E+10 2.511E-14 2.057E-16
400 2.000 1 4.000 29.9006 2.898E-03 5.241E+10 5.529E-14 1.942E-16
671 4.000 1 4.000 29.8812 1.400E-03 2.685E+10 5.216E-14 1.874E-16
846 4.000 1 4.000 29.8310 1.378E-03 1.116E+24 1.234E-27 1.838E-16
392 6.000 1 4.000 29.9008 8.850E-04 3.713E+10 2.383E-14 1.780E-16
510 8.000 1 4.000 29.8887 6.547E-04 1.193E+10 5.488E-14 1.754E-16
1527 4.000 1 4.000 29.4950 1.327E-03 2.437E+10 5.446E-14 1.731E-16
256 4.000 1 4.000 29.9715 1.268E-03 1.202E+11 1.055E-14 1.708E-16
639 6.000 1 4.000 29.8814 8.160E-04 9.215E+09 8.855E-14 1.639E-16
640 4.000 1 4.000 29.8814 1.201E-03 5.603E+09 2.143E-13 1.607E-16
1024 4.000 1 4.000 29.7249 1.179E-03 7.817E+11 1.508E-15 1.562E-16
341 6.000 1 4.000 29.9225 7.620E-04 1.341E+11 5.682E-15 1.534E-16
385 2.000 1 4.000 29.9031 2.240E-03 1.148E+11 1.952E-14 1.502E-16
1193 4.000 1 4.000 29.7060 1.117E-03 7.973E+10 1.401E-14 1.477E-16
263 8.000 1 4.000 29.9712 5.189E-04 1.076E+09 4.824E-13 1.398E-16
875 4.000 1 4.000 29.8238 1.011E-03 1.339E+10 7.549E-14 1.348E-16
482 8.000 1 4.000 29.8973 4.969E-04 9.300E+10 5.343E-15 1.332E-16
726 8.000 1 4.000 29.8811 4.936E-04 6.691E+10 7.377E-15 1.322E-16
299 4.000 1 4.000 29.9361 9.790E-04 2.590E+12 3.780E-16 1.316E-16
1090 6.000 1 4.000 29.7132 6.308E-04 1.711E+11 3.688E-15 1.253E-16
1206 6.000 1 4.000 29.7058 6.237E-04 1.512E+11 4.126E-15 1.238E-16
515 8.000 1 4.000 29.8886 4.481E-04 8.032E+09 5.579E-14 1.200E-16
1096 6.000 1 4.000 29.7130 5.928E-04 2.450E+11 2.420E-15 1.177E-16
514 8.000 1 4.000 29.8886 4.366E-04 4.545E+10 9.607E-15 1.170E-16
517 2.000 1 4.000 29.8885 1.680E-03 3.144E+10 5.343E-14 1.125E-16
1125 4.000 1 4.000 29.7129 6.958E-04 4.076E+11 1.707E-15 9.208E-17
183 4.000 1 4.000 30.2578 6.520E-04 1.577E+04 4.136E-08 8.948E-17
40 8.000 1 4.000 30.3504 3.199E-04 8.293E+07 3.857E-12 8.832E-17
676 4.000 1 4.000 29.8812 6.564E-04 1.766E+10 3.717E-14 8.787E-17
41 6.000 1 4.000 30.3504 4.223E-04 8.295E+07 5.091E-12 8.751E-17
576 4.000 1 4.000 29.8883 6.078E-04 7.665E+09 7.929E-14 8.141E-17
1041 8.000 1 4.000 29.7247 2.935E-04 7.828E+09 3.749E-14 7.775E-17
947 8.000 1 4.000 29.7565 2.900E-04 4.044E+11 7.172E-16 7.700E-17
1052 4.000 1 4.000 29.7246 5.708E-04 7.081E+10 8.061E-15 7.560E-17
408 4.000 1 4.000 29.9005 5.496E-04 2.379E+10 2.310E-14 7.368E-17
1391 6.000 1 4.000 29.6679 3.710E-04 6.648E+09 5.580E-14 7.343E-17
359 2.000 1 4.000 29.9223 9.957E-04 1.409E+11 7.067E-15 6.685E-17
328 4.000 1 4.000 29.9225 4.851E-04 7.360E+10 6.591E-15 6.511E-17
220 6.000 1 4.000 30.1378 2.897E-04 7.768E+12 3.729E-17 5.918E-17
577 8.000 1 4.000 29.8883 2.185E-04 2.558E+10 8.543E-15 5.852E-17
722 2.000 1 4.000 29.8811 8.166E-04 1.270E+10 6.432E-14 5.466E-17
261 8.000 1 4.000 29.9713 1.937E-04 3.209E+10 6.038E-15 5.220E-17
508 6.000 1 4.000 29.8887 2.582E-04 1.688E+10 1.530E-14 5.188E-17
244 4.000 1 4.000 29.9863 3.830E-04 8.745E+12 4.379E-17 5.162E-17
1106 2.000 1 4.000 29.7129 7.765E-04 3.385E+11 2.294E-15 5.140E-17
58 6.000 1 4.000 30.3008 2.264E-04 5.090E+07 4.447E-12 4.673E-17
57 8.000 1 4.000 30.3008 1.685E-04 5.088E+07 3.311E-12 4.640E-17
578 8.000 1 4.000 29.8883 1.649E-04 9.710E+10 1.698E-15 4.417E-17
1456 6.000 1 4.000 29.5352 2.228E-04 1.164E+11 1.914E-15 4.370E-17
42 4.000 1 4.000 30.3504 3.149E-04 8.297E+07 3.796E-12 4.348E-17
1208 4.000 1 4.000 29.7058 3.160E-04 2.378E+11 1.329E-15 4.183E-17
275 8.000 1 4.000 29.9703 1.516E-04 3.630E+11 4.177E-16 4.085E-17
511 6.000 1 4.000 29.8886 2.028E-04 1.044E+10 1.943E-14 4.075E-17
629 8.000 1 4.000 29.8859 1.456E-04 1.690E+11 8.617E-16 3.900E-17
781 8.000 1 4.000 29.8810 1.424E-04 1.787E+10 7.966E-15 3.812E-17
365 8.000 1 4.000 29.9164 1.419E-04 1.603E+11 8.849E-16 3.808E-17
1235 4.000 1 4.000 29.7057 2.675E-04 2.562E+11 1.044E-15 3.540E-17
501 8.000 1 4.000 29.8898 1.259E-04 6.307E+10 1.996E-15 3.373E-17
254 2.000 1 4.000 29.9741 4.987E-04 3.402E+12 1.466E-16 3.360E-17
322 4.000 1 4.000 29.9226 2.478E-04 2.302E+10 1.076E-14 3.327E-17
398 8.000 1 4.000 29.9007 1.240E-04 7.174E+09 1.728E-14 3.323E-17
1194 6.000 1 4.000 29.7060 1.594E-04 1.111E+11 1.436E-15 3.165E-17
1481 6.000 1 4.000 29.5137 1.564E-04 7.288E+10 2.146E-15 3.063E-17
84 8.000 1 4.000 30.2779 1.048E-04 3.011E+07 3.480E-12 2.880E-17
85 6.000 1 4.000 30.2779 1.391E-04 3.012E+07 4.619E-12 2.868E-17
542 4.000 1 4.000 29.8884 2.004E-04 2.807E+10 7.140E-15 2.684E-17
226 8.000 1 4.000 30.0679 9.550E-05 1.355E+12 7.049E-17 2.590E-17
219 4.000 1 4.000 30.1379 1.867E-04 5.177E+12 3.606E-17 2.541E-17
73 6.000 1 4.000 30.3002 1.204E-04 3.505E+04 3.434E-09 2.485E-17
59 4.000 1 4.000 30.3008 1.716E-04 5.091E+07 3.370E-12 2.362E-17
255 4.000 1 4.000 29.9741 1.690E-04 2.102E+12 8.042E-17 2.277E-17
284 8.000 1 4.000 29.9568 8.411E-05 3.822E+11 2.201E-16 2.264E-17
1508 6.000 1 4.000 29.5020 1.156E-04 4.541E+10 2.545E-15 2.263E-17
245 6.000 1 4.000 29.9861 1.098E-04 5.536E+12 1.984E-17 2.220E-17
539 8.000 1 4.000 29.8885 8.268E-05 9.863E+09 8.382E-15 2.215E-17
120 8.000 1 4.000 30.2654 7.916E-05 1.874E+07 4.224E-12 2.174E-17
121 6.000 1 4.000 30.2654 1.019E-04 1.875E+07 5.434E-12 2.099E-17
166 8.000 1 4.000 30.2580 7.460E-05 1.231E+07 6.060E-12 2.048E-17
500 6.000 1 4.000 29.8899 1.019E-04 1.298E+11 7.845E-16 2.047E-17
349 2.000 1 4.000 29.9224 3.020E-04 1.581E+11 1.910E-15 2.027E-17
955 2.000 1 4.000 29.7514 3.050E-04 1.648E+13 1.851E-17 2.024E-17
509 4.000 1 4.000 29.8887 1.494E-04 1.222E+10 1.223E-14 2.001E-17
720 8.000 1 4.000 29.8811 7.410E-05 9.233E+09 8.025E-15 1.984E-17
572 2.000 1 4.000 29.8884 2.900E-04 3.171E+10 9.146E-15 1.942E-17
167 6.000 1 4.000 30.2580 9.158E-05 1.231E+07 7.439E-12 1.885E-17
1529 6.000 1 4.000 29.4950 9.558E-05 1.009E+10 9.474E-15 1.870E-17
279 2.000 1 4.000 29.9570 2.704E-04 1.082E+13 2.499E-17 1.819E-17
277 4.000 1 4.000 29.9677 1.259E-04 1.777E+12 7.088E-17 1.696E-17
100 6.000 1 4.000 30.2775 7.882E-05 3.011E+04 2.618E-09 1.625E-17
728 6.000 1 4.000 29.8811 7.852E-05 2.973E+10 2.642E-15 1.577E-17
67 6.000 1 4.000 30.3002 7.415E-05 3.569E+03 2.078E-08 1.531E-17
278 6.000 1 4.000 29.9677 7.495E-05 9.359E+11 8.008E-17 1.514E-17
273 4.000 1 4.000 29.9704 1.115E-04 7.958E+10 1.401E-15 1.501E-17
409 8.000 1 4.000 29.9005 5.547E-05 6.553E+09 8.465E-15 1.487E-17
727 4.000 1 4.000 29.8811 1.111E-04 5.549E+09 2.002E-14 1.487E-17
94 6.000 1 4.000 30.2775 7.042E-05 3.069E+03 2.294E-08 1.452E-17
423 8.000 1 4.000 29.9004 5.410E-05 6.246E+09 8.662E-15 1.450E-17
943 2.000 1 4.000 29.7655 2.172E-04 3.107E+16 6.992E-21 1.443E-17
86 4.000 1 4.000 30.2779 1.045E-04 3.013E+07 3.467E-12 1.436E-17
243 2.000 1 4.000 29.9864 2.116E-04 1.070E+13 1.978E-17 1.427E-17
419 6.000 1 4.000 29.9004 6.830E-05 1.220E+10 5.600E-15 1.373E-17
131 6.000 1 4.000 30.2652 6.397E-05 2.233E+03 2.864E-08 1.318E-17
1234 2.000 1 4.000 29.7057 1.989E-04 2.065E+11 9.629E-16 1.315E-17
274 6.000 1 4.000 29.9704 6.207E-05 1.992E+11 3.116E-16 1.254E-17
1179 4.000 1 4.000 29.7089 9.383E-05 2.897E+11 3.239E-16 1.242E-17
66 4.000 1 4.000 30.3002 8.855E-05 3.588E+03 2.468E-08 1.219E-17
499 4.000 1 4.000 29.8899 8.949E-05 8.556E+10 1.046E-15 1.198E-17
904 4.000 1 4.000 29.8070 8.970E-05 9.070E+12 9.890E-18 1.195E-17
1346 6.000 1 4.000 29.6750 5.818E-05 2.710E+24 2.147E-29 1.152E-17
93 4.000 1 4.000 30.2775 8.378E-05 3.075E+03 2.724E-08 1.151E-17
624 8.000 1 4.000 29.8864 4.156E-05 1.242E+11 3.345E-16 1.113E-17
416 8.000 1 4.000 29.9005 3.914E-05 3.193E+04 1.226E-09 1.049E-17
130 4.000 1 4.000 30.2652 7.608E-05 2.237E+03 3.401E-08 1.045E-17
908 2.000 1 4.000 29.8007 1.548E-04 9.296E+12 1.665E-17 1.030E-17
122 4.000 1 4.000 30.2654 7.500E-05 1.875E+07 4.000E-12 1.030E-17
940 6.000 1 4.000 29.7669 5.032E-05 2.691E+12 1.870E-17 1.003E-17
942 4.000 1 4.000 29.7655 7.518E-05 7.792E+15 9.648E-21 9.984E-18
43 2.000 1 4.000 30.3504 1.425E-04 8.312E+07 1.714E-12 9.840E-18
1192 2.000 1 4.000 29.7085 1.476E-04 4.188E+11 3.524E-16 9.764E-18
137 6.000 1 4.000 30.2652 4.660E-05 2.188E+04 2.129E-09 9.600E-18
1023 6.000 1 4.000 29.7249 4.830E-05 4.429E+11 1.091E-16 9.598E-18
390 6.000 1 4.000 29.9015 4.730E-05 5.418E+11 8.730E-17 9.513E-18
1178 6.000 1 4.000 29.7089 4.722E-05 3.496E+11 1.351E-16 9.373E-18
1308 6.000 1 4.000 29.6868 4.665E-05 3.456E+08 1.350E-13 9.245E-18
951 2.000 1 4.000 29.7562 1.390E-04 2.145E+11 6.482E-16 9.231E-18
453 8.000 1 4.000 29.9003 3.424E-05 4.158E+09 8.235E-15 9.180E-18
282 4.000 1 4.000 29.9569 6.728E-05 7.505E+12 8.963E-18 9.051E-18
168 4.000 1 4.000 30.2580 6.400E-05 1.232E+07 5.195E-12 8.786E-18
443 6.000 1 4.000 29.9003 4.204E-05 4.768E+10 8.818E-16 8.454E-18
580 6.000 1 4.000 29.8883 4.173E-05 4.547E+10 9.178E-16 8.383E-18
276 2.000 1 4.000 29.9678 1.225E-04 2.554E+12 4.797E-17 8.248E-18
74 4.000 1 4.000 30.3002 5.603E-05 3.539E+04 1.583E-09 7.713E-18
272 4.000 1 4.000 29.9705 5.657E-05 5.164E+10 1.095E-15 7.618E-18
529 8.000 1 4.000 29.8885 2.778E-05 4.917E+05 5.649E-11 7.440E-18
957 2.000 1 4.000 29.7492 1.121E-04 3.837E+12 2.921E-17 7.435E-18
905 6.000 1 4.000 29.8068 3.530E-05 1.317E+13 2.679E-18 7.051E-18
956 4.000 1 4.000 29.7514 5.307E-05 9.962E+12 5.327E-18 7.042E-18
442 2.000 1 4.000 29.9003 1.040E-04 9.693E+10 1.073E-15 6.972E-18
1095 4.000 1 4.000 29.7130 5.155E-05 1.839E+12 2.803E-17 6.825E-18
1202 8.000 1 4.000 29.7059 2.509E-05 1.157E+09 2.169E-14 6.638E-18
174 2.000 1 4.000 30.2578 9.490E-05 1.634E+03 5.808E-08 6.513E-18
1296 4.000 1 4.000 29.6870 4.543E-05 1.739E+11 2.613E-16 6.003E-18
1301 2.000 1 4.000 29.6869 8.765E-05 1.778E+11 4.930E-16 5.791E-18
946 8.000 1 4.000 29.7567 2.105E-05 2.888E+11 7.290E-17 5.587E-18
498 2.000 1 4.000 29.8900 8.316E-05 6.537E+10 1.272E-15 5.570E-18
60 2.000 1 4.000 30.3008 8.051E-05 5.101E+07 1.579E-12 5.542E-18
253 6.000 1 4.000 29.9772 2.708E-05 2.324E+12 1.165E-17 5.473E-18
1016 2.000 1 4.000 29.7260 7.685E-05 1.848E+12 4.158E-17 5.090E-18
696 8.000 1 4.000 29.8812 1.830E-05 5.556E+07 3.294E-13 4.900E-18
579 4.000 1 4.000 29.8883 3.526E-05 8.747E+09 4.031E-15 4.725E-18
953 4.000 1 4.000 29.7518 3.444E-05 3.619E+12 9.515E-18 4.571E-18
503 6.000 1 4.000 29.8889 2.147E-05 3.657E+11 5.870E-17 4.313E-18
673 8.000 1 4.000 29.8812 1.606E-05 1.393E+09 1.153E-14 4.300E-18
941 4.000 1 4.000 29.7669 3.231E-05 4.588E+12 7.041E-18 4.293E-18
259 6.000 1 4.000 29.9714 2.048E-05 8.212E+09 2.494E-15 4.138E-18
903 2.000 1 4.000 29.8071 5.983E-05 6.126E+12 9.766E-18 3.985E-18
138 4.000 1 4.000 30.2652 2.780E-05 2.208E+04 1.259E-09 3.818E-18
1295 6.000 1 4.000 29.6870 1.922E-05 2.103E+11 9.139E-17 3.810E-18
1087 2.000 1 4.000 29.7136 5.703E-05 1.178E+12 4.841E-17 3.776E-18
909 4.000 1 4.000 29.8006 2.681E-05 1.589E+13 1.687E-18 3.569E-18
1431 4.000 1 4.000 29.5928 2.716E-05 1.451E+13 1.871E-18 3.565E-18
995 8.000 1 4.000 29.7408 1.330E-05 1.251E+12 1.063E-17 3.527E-18
958 4.000 1 4.000 29.7490 2.621E-05 7.051E+12 3.717E-18 3.477E-18
1339 2.000 1 4.000 29.6751 5.172E-05 3.697E+25 1.399E-30 3.416E-18
1174 8.000 1 4.000 29.7092 1.286E-05 1.847E+11 6.965E-17 3.403E-18
447 4.000 1 4.000 29.9003 2.535E-05 1.080E+10 2.347E-15 3.398E-18
87 2.000 1 4.000 30.2779 4.822E-05 3.019E+07 1.597E-12 3.314E-18
1333 4.000 1 4.000 29.6751 2.480E-05 1.090E+11 2.275E-16 3.275E-18
1432 2.000 1 4.000 29.5928 4.888E-05 1.566E+13 3.121E-18 3.210E-18
333 8.000 1 4.000 29.9225 1.181E-05 7.268E+08 1.625E-14 3.170E-18
1191 4.000 1 4.000 29.7085 2.352E-05 2.471E+11 9.519E-17 3.114E-18
1180 2.000 1 4.000 29.7088 4.341E-05 1.342E+11 3.234E-16 2.874E-18
954 6.000 1 4.000 29.7516 1.406E-05 5.524E+12 2.544E-18 2.798E-18
463 6.000 1 4.000 29.9003 1.390E-05 3.552E+05 3.913E-11 2.795E-18
445 8.000 1 4.000 29.9003 1.024E-05 1.470E+11 6.965E-17 2.745E-18
1017 4.000 1 4.000 29.7258 2.066E-05 3.747E+12 5.514E-18 2.738E-18
101 4.000 1 4.000 30.2775 1.957E-05 3.037E+04 6.444E-10 2.690E-18
519 4.000 1 4.000 29.8885 2.004E-05 2.401E+10 8.349E-16 2.685E-18
486 8.000 1 4.000 29.8970 9.982E-06 1.920E+11 5.200E-17 2.675E-18
950 4.000 1 4.000 29.7563 1.935E-05 4.547E+11 4.255E-17 2.568E-18
1088 4.000 1 4.000 29.7134 1.880E-05 2.359E+12 7.970E-18 2.489E-18
389 4.000 1 4.000 29.9017 1.778E-05 3.143E+11 5.658E-17 2.384E-18
948 6.000 1 4.000 29.7565 1.156E-05 6.809E+11 1.698E-17 2.302E-18
660 8.000 1 4.000 29.8812 8.539E-06 3.009E+04 2.837E-10 2.286E-18
1098 4.000 1 4.000 29.7130 1.703E-05 3.798E+11 4.483E-17 2.254E-18
1386 2.000 1 4.000 29.6679 3.409E-05 1.524E+13 2.237E-18 2.249E-18
123 2.000 1 4.000 30.2654 3.260E-05 1.879E+07 1.735E-12 2.239E-18
1014 4.000 1 4.000 29.7273 1.684E-05 1.778E+12 9.469E-18 2.231E-18
348 8.000 1 4.000 29.9224 8.198E-06 1.361E+08 6.025E-14 2.201E-18
1381 4.000 1 4.000 29.6680 1.562E-05 1.362E+11 1.147E-16 2.061E-18
65 2.000 1 4.000 30.3002 2.979E-05 3.658E+03 8.142E-09 2.050E-18
1292 8.000 1 4.000 29.6871 7.433E-06 1.109E+11 6.699E-17 1.964E-18
544 2.000 1 4.000 29.8884 2.753E-05 1.777E+10 1.549E-15 1.844E-18
462 2.000 1 4.000 29.9003 2.722E-05 8.850E+05 3.076E-11 1.824E-18
1332 6.000 1 4.000 29.6751 9.200E-06 1.321E+11 6.965E-17 1.822E-18
169 2.000 1 4.000 30.2580 2.569E-05 1.234E+07 2.082E-12 1.763E-18
326 8.000 1 4.000 29.9226 6.399E-06 1.171E+08 5.465E-14 1.718E-18
1300 4.000 1 4.000 29.6869 1.295E-05 9.042E+10 1.432E-16 1.711E-18
461 4.000 1 4.000 29.9003 1.271E-05 5.096E+05 2.493E-11 1.703E-18
677 2.000 1 4.000 29.8812 2.523E-05 1.155E+10 2.184E-15 1.688E-18
415 6.000 1 4.000 29.9005 8.343E-06 6.225E+04 1.340E-10 1.678E-18
466 8.000 1 4.000 29.9003 5.685E-06 1.535E+05 3.703E-11 1.524E-18
1176 6.000 1 4.000 29.7090 7.465E-06 4.432E+11 1.684E-17 1.482E-18
1444 4.000 1 4.000 29.5396 1.119E-05 5.690E+12 1.966E-18 1.464E-18
813 8.000 1 4.000 29.8467 5.230E-06 3.304E+26 1.583E-32 1.397E-18
420 4.000 1 4.000 29.9004 1.016E-05 4.669E+10 2.176E-16 1.362E-18
1015 6.000 1 4.000 29.7272 6.832E-06 2.778E+12 2.459E-18 1.358E-18
229 8.000 1 4.000 30.0650 4.924E-06 2.553E+12 1.928E-18 1.334E-18
446 6.000 1 4.000 29.9003 6.580E-06 6.581E+10 9.997E-17 1.323E-18
1445 2.000 1 4.000 29.5396 1.986E-05 6.140E+12 3.235E-18 1.299E-18
1297 2.000 1 4.000 29.6870 1.955E-05 7.967E+10 2.454E-16 1.291E-18
464 4.000 1 4.000 29.9003 9.423E-06 1.968E+05 4.788E-11 1.263E-18
952 2.000 1 4.000 29.7519 1.900E-05 2.411E+12 7.881E-18 1.261E-18
592 6.000 1 4.000 29.8883 6.232E-06 3.868E+05 1.611E-11 1.252E-18
1085 4.000 1 4.000 29.7143 9.192E-06 9.983E+11 9.208E-18 1.217E-18
1329 8.000 1 4.000 29.6752 4.548E-06 6.953E+10 6.540E-17 1.201E-18
252 4.000 1 4.000 29.9774 8.757E-06 1.533E+12 5.711E-18 1.180E-18
1380 6.000 1 4.000 29.6680 5.508E-06 1.546E+11 3.564E-17 1.091E-18
437 8.000 1 4.000 29.9004 3.950E-06 1.822E+05 2.168E-11 1.059E-18
1330 8.000 1 4.000 29.6752 3.994E-06 9.662E+10 4.133E-17 1.055E-18
1289 6.000 1 4.000 29.6890 5.139E-06 5.266E+11 9.759E-18 1.019E-18
1293 8.000 1 4.000 29.6871 3.805E-06 1.540E+11 2.471E-17 1.006E-18
92 2.000 1 4.000 30.2775 1.430E-05 3.147E+03 4.544E-09 9.828E-19
1338 4.000 1 4.000 29.6751 7.107E-06 7.086E+21 1.003E-27 9.383E-19
502 4.000 1 4.000 29.8891 6.939E-06 2.076E+11 3.343E-17 9.293E-19
1378 8.000 1 4.000 29.6680 3.105E-06 1.243E+11 2.497E-17 8.195E-19
590 4.000 1 4.000 29.8883 6.088E-06 6.306E+05 9.653E-12 8.153E-19
738 6.000 1 4.000 29.8810 3.885E-06 3.415E+05 1.138E-11 7.800E-19
1377 8.000 1 4.000 29.6680 2.926E-06 5.238E+10 5.587E-17 7.725E-19
368 8.000 1 4.000 29.9160 2.828E-06 3.668E+11 7.709E-18 7.588E-19
1086 6.000 1 4.000 29.7142 3.797E-06 1.557E+12 2.438E-18 7.539E-19
305 4.000 1 4.000 29.9252 5.600E-06 6.278E+11 8.920E-18 7.518E-19
1094 6.000 1 4.000 29.7130 3.755E-06 1.063E+12 3.533E-18 7.456E-19
1463 4.000 1 4.000 29.5159 5.702E-06 2.812E+12 2.028E-18 7.448E-19
591 2.000 1 4.000 29.8883 1.084E-05 9.789E+05 1.107E-11 7.260E-19
441 6.000 1 4.000 29.9004 3.495E-06 1.354E+05 2.581E-11 7.028E-19
1335 2.000 1 4.000 29.6751 1.058E-05 8.915E+24 1.187E-30 6.985E-19
1464 2.000 1 4.000 29.5159 1.007E-05 3.034E+12 3.318E-18 6.576E-19
595 8.000 1 4.000 29.8883 2.334E-06 7.411E+05 3.149E-12 6.250E-19
1326 6.000 1 4.000 29.6763 3.151E-06 2.986E+11 1.055E-17 6.241E-19
1385 4.000 1 4.000 29.6679 4.559E-06 1.034E+12 4.410E-18 6.018E-19
1294 6.000 1 4.000 29.6871 2.992E-06 2.680E+11 1.116E-17 5.930E-19
287 8.000 1 4.000 29.9559 2.184E-06 8.314E+11 2.627E-18 5.878E-19
1013 2.000 1 4.000 29.7274 8.474E-06 1.182E+12 7.167E-18 5.615E-19
1175 8.000 1 4.000 29.7090 1.983E-06 2.539E+11 7.807E-18 5.248E-19
393 8.000 1 4.000 29.9008 1.947E-06 2.656E+10 7.332E-17 5.220E-19
687 8.000 1 4.000 29.8812 1.922E-06 1.766E+05 1.089E-11 5.147E-19
737 4.000 1 4.000 29.8810 3.843E-06 5.676E+05 6.770E-12 5.143E-19
232 8.000 1 4.000 30.0578 1.893E-06 3.034E+12 6.237E-19 5.128E-19
1290 4.000 1 4.000 29.6890 3.466E-06 8.928E+11 3.882E-18 4.579E-19
1488 4.000 1 4.000 29.5032 3.327E-06 1.591E+12 2.092E-18 4.341E-19
1384 2.000 1 4.000 29.6680 6.445E-06 1.087E+11 5.928E-17 4.251E-19
593 4.000 1 4.000 29.8883 3.163E-06 1.488E+05 2.125E-11 4.235E-19
528 6.000 1 4.000 29.8885 2.085E-06 6.921E+04 3.012E-11 4.188E-19
736 2.000 1 4.000 29.8810 6.105E-06 8.412E+05 7.257E-12 4.088E-19
444 4.000 1 4.000 29.9003 3.008E-06 2.203E+10 1.365E-16 4.031E-19
1140 6.000 1 4.000 29.7127 2.030E-06 7.666E+07 2.648E-14 4.030E-19
440 4.000 1 4.000 29.9004 2.933E-06 2.356E+05 1.245E-11 3.930E-19
1489 2.000 1 4.000 29.5032 5.856E-06 1.717E+12 3.411E-18 3.823E-19
741 8.000 1 4.000 29.8810 1.269E-06 1.416E+05 8.960E-12 3.398E-19
489 8.000 1 4.000 29.8963 1.119E-06 2.467E+11 4.538E-18 3.000E-19
1327 4.000 1 4.000 29.6763 2.098E-06 5.059E+11 4.148E-18 2.771E-19
1084 2.000 1 4.000 29.7144 4.143E-06 6.615E+11 6.263E-18 2.743E-19
1331 6.000 1 4.000 29.6752 1.338E-06 1.686E+11 7.938E-18 2.650E-19
949 6.000 1 4.000 29.7564 1.187E-06 5.410E+11 2.193E-18 2.363E-19
436 6.000 1 4.000 29.9004 1.169E-06 2.524E+05 4.629E-12 2.349E-19
739 4.000 1 4.000 29.8810 1.609E-06 1.035E+05 1.554E-11 2.154E-19
290 8.000 1 4.000 29.9535 7.861E-07 1.024E+12 7.680E-19 2.115E-19
1112 8.000 1 4.000 29.7129 7.840E-07 1.760E+09 4.456E-16 2.075E-19
1283 8.000 1 4.000 29.7020 7.341E-07 5.519E+11 1.330E-18 1.942E-19
129 2.000 1 4.000 30.2652 2.583E-06 2.290E+03 1.128E-09 1.773E-19
265 2.000 1 4.000 29.9712 2.542E-06 1.158E+11 2.195E-17 1.712E-19
372 8.000 1 4.000 29.9149 5.930E-07 4.535E+11 1.308E-18 1.592E-19
1379 6.000 1 4.000 29.6680 7.547E-07 1.431E+11 5.273E-18 1.494E-19
565 4.000 1 4.000 29.8884 8.875E-07 2.616E+05 3.393E-12 1.189E-19
1321 8.000 1 4.000 29.6833 4.434E-07 2.922E+11 1.517E-18 1.171E-19
551 8.000 1 4.000 29.8884 4.215E-07 1.313E+07 3.210E-14 1.129E-19
559 6.000 1 4.000 29.8884 4.253E-07 2.795E+05 1.522E-12 8.543E-20
1351 8.000 1 4.000 29.6750 3.029E-07 3.918E+41 7.730E-49 8.000E-20
1397 8.000 1 4.000 29.6679 2.856E-07 8.456E+08 3.378E-16 7.537E-20
1251 6.000 1 4.000 29.7056 3.722E-07 9.404E+07 3.958E-15 7.385E-20
1371 8.000 1 4.000 29.6730 2.746E-07 1.275E+26 2.154E-33 7.250E-20
467 8.000 1 4.000 29.9003 2.394E-07 2.926E+05 8.181E-13 6.417E-20
1311 8.000 1 4.000 29.6868 2.386E-07 5.866E+06 4.068E-14 6.305E-20
705 4.000 1 4.000 29.8812 4.245E-07 2.240E+05 1.895E-12 5.685E-20
1402 6.000 1 4.000 29.6679 2.250E-07 8.061E+07 2.791E-15 4.453E-20
424 2.000 1 4.000 29.9004 5.736E-07 3.582E+10 1.601E-17 3.843E-20
1395 6.000 1 4.000 29.6679 1.935E-07 8.099E+08 2.389E-16 3.830E-20
657 6.000 1 4.000 29.8812 1.817E-07 5.924E+04 3.066E-12 3.648E-20
1352 6.000 1 4.000 29.6750 1.748E-07 1.781E+26 9.818E-34 3.460E-20
1313 6.000 1 4.000 29.6868 1.720E-07 2.350E+06 7.320E-14 3.408E-20
694 6.000 1 4.000 29.8812 1.677E-07 2.453E+05 6.835E-13 3.368E-20
1349 6.000 1 4.000 29.6750 1.566E-07 4.527E+42 3.460E-50 3.103E-20
596 8.000 1 4.000 29.8883 9.698E-08 2.177E+06 4.454E-14 2.597E-20
1396 6.000 1 4.000 29.6679 1.207E-07 6.586E+08 1.832E-16 2.388E-20
566 6.000 1 4.000 29.8884 1.119E-07 1.447E+05 7.731E-13 2.248E-20
1215 8.000 1 4.000 29.7058 8.236E-08 1.366E+09 6.028E-17 2.179E-20
1350 4.000 1 4.000 29.6750 1.502E-07 1.763E+26 8.518E-34 1.983E-20
1394 4.000 1 4.000 29.6679 1.425E-07 6.233E+08 2.286E-16 1.881E-20
432 8.000 1 4.000 29.9004 6.630E-08 1.690E+05 3.922E-13 1.778E-20
1310 6.000 1 4.000 29.6868 8.663E-08 5.974E+06 1.450E-14 1.717E-20
560 8.000 1 4.000 29.8884 6.081E-08 1.240E+06 4.904E-14 1.629E-20
1312 4.000 1 4.000 29.6868 1.167E-07 2.831E+06 4.123E-14 1.542E-20
1103 8.000 1 4.000 29.7130 5.579E-08 8.562E+08 6.516E-17 1.477E-20
742 8.000 1 4.000 29.8810 4.803E-08 2.848E+05 1.687E-13 1.286E-20
412 8.000 1 4.000 29.9005 4.765E-08 1.002E+07 4.754E-15 1.277E-20
523 8.000 1 4.000 29.8885 4.519E-08 7.765E+06 5.820E-15 1.210E-20
355 8.000 1 4.000 29.9223 3.741E-08 1.633E+08 2.291E-16 1.004E-20
740 6.000 1 4.000 29.8810 4.950E-08 1.731E+05 2.860E-13 9.940E-21
459 8.000 1 4.000 29.9003 3.652E-08 1.363E+08 2.680E-16 9.790E-21
651 8.000 1 4.000 29.8812 3.475E-08 5.772E+06 6.021E-15 9.305E-21
465 6.000 1 4.000 29.9003 4.515E-08 1.869E+05 2.416E-13 9.075E-21
306 6.000 1 4.000 29.9250 4.015E-08 1.046E+12 3.839E-20 8.086E-21
588 8.000 1 4.000 29.8883 2.838E-08 9.710E+07 2.922E-16 7.600E-21
706 6.000 1 4.000 29.8812 3.367E-08 1.194E+05 2.820E-13 6.763E-21
330 8.000 1 4.000 29.9225 2.446E-08 1.105E+07 2.214E-15 6.568E-21
413 8.000 1 4.000 29.9005 2.425E-08 1.049E+05 2.311E-13 6.500E-21
1062 8.000 1 4.000 29.7246 2.241E-08 9.952E+09 2.252E-18 5.940E-21
733 8.000 1 4.000 29.8810 2.152E-08 6.824E+07 3.154E-16 5.763E-21
1357 6.000 1 4.000 29.6750 2.720E-08 2.704E+17 1.006E-25 5.388E-21
1156 8.000 1 4.000 29.7127 2.028E-08 4.945E+09 4.100E-18 5.365E-21
1040 6.000 1 4.000 29.7247 2.615E-08 1.958E+09 1.335E-17 5.195E-21
1278 8.000 1 4.000 29.7056 1.826E-08 6.362E+09 2.871E-18 4.833E-21
1511 8.000 1 4.000 29.5020 1.635E-08 2.586E+09 6.323E-18 4.265E-21
1478 8.000 1 4.000 29.5137 1.574E-08 2.634E+09 5.975E-18 4.110E-21
524 8.000 1 4.000 29.8885 1.521E-08 1.383E+07 1.100E-15 4.073E-21
1546 8.000 1 4.000 29.4950 1.346E-08 2.059E+09 6.537E-18 3.510E-21
1263 8.000 1 4.000 29.7056 1.126E-08 5.102E+09 2.208E-18 2.980E-21
653 8.000 1 4.000 29.8812 1.095E-08 9.928E+04 1.103E-13 2.933E-21
338 8.000 1 4.000 29.9225 1.061E-08 7.106E+07 1.493E-16 2.848E-21
1214 6.000 1 4.000 29.7058 1.404E-08 1.365E+09 1.029E-17 2.788E-21
1111 6.000 1 4.000 29.7129 1.343E-08 1.368E+09 9.817E-18 2.668E-21
429 8.000 1 4.000 29.9004 9.353E-09 5.770E+07 1.621E-16 2.507E-21
1060 6.000 1 4.000 29.7246 1.195E-08 7.662E+09 1.560E-18 2.375E-21
1148 8.000 1 4.000 29.7127 8.585E-09 6.691E+09 1.283E-18 2.273E-21
548 8.000 1 4.000 29.8884 6.871E-09 4.053E+07 1.695E-16 1.841E-21
1147 6.000 1 4.000 29.7127 8.548E-09 4.418E+09 1.935E-18 1.697E-21
1061 8.000 1 4.000 29.7246 5.619E-09 7.663E+09 7.332E-19 1.488E-21
684 8.000 1 4.000 29.8812 4.984E-09 2.830E+07 1.761E-16 1.334E-21
1231 8.000 1 4.000 29.7058 4.610E-09 2.433E+09 1.894E-18 1.220E-21
1259 6.000 1 4.000 29.7056 5.735E-09 5.098E+09 1.125E-18 1.138E-21
1213 8.000 1 4.000 29.7058 2.781E-09 1.046E+10 2.660E-19 7.360E-22
1247 6.000 1 4.000 29.7056 3.700E-09 2.076E+09 1.782E-18 7.345E-22
1509 6.000 1 4.000 29.5020 3.567E-09 2.338E+09 1.525E-18 6.983E-22
1477 6.000 1 4.000 29.5137 3.443E-09 2.614E+09 1.317E-18 6.745E-22
1543 6.000 1 4.000 29.4950 2.963E-09 2.032E+09 1.458E-18 5.798E-22
1197 8.000 1 4.000 29.7059 1.549E-09 4.368E+09 3.545E-19 4.097E-22
1137 6.000 1 4.000 29.7127 2.040E-09 2.671E+09 7.638E-19 4.050E-22
1266 8.000 1 4.000 29.7056 1.183E-09 1.617E+10 7.319E-20 3.130E-22
1056 6.000 1 4.000 29.7246 1.133E-09 2.689E+09 4.214E-19 2.252E-22
594 6.000 1 4.000 29.8883 9.483E-10 2.085E+05 4.548E-15 1.905E-22
1115 8.000 1 4.000 29.7129 6.271E-10 3.195E+10 1.963E-20 1.660E-22
1055 4.000 1 4.000 29.7246 1.228E-09 2.686E+09 4.571E-19 1.627E-22
1275 8.000 1 4.000 29.7056 5.452E-10 1.311E+10 4.159E-20 1.443E-22
1123 8.000 1 4.000 29.7129 4.340E-10 2.060E+09 2.107E-19 1.149E-22
1100 8.000 1 4.000 29.7130 4.299E-10 1.530E+10 2.810E-20 1.138E-22
1209 8.000 1 4.000 29.7058 2.561E-10 8.195E+09 3.125E-20 6.777E-23
1044 8.000 1 4.000 29.7247 2.406E-10 4.954E+10 4.857E-21 6.375E-23
1028 8.000 1 4.000 29.7249 1.930E-10 2.338E+10 8.256E-21 5.112E-23
1153 8.000 1 4.000 29.7127 1.814E-10 6.398E+10 2.835E-21 4.800E-23
1547 8.000 1 4.000 29.4950 1.815E-10 4.627E+09 3.923E-20 4.735E-23
1246 4.000 1 4.000 29.7056 3.285E-10 2.072E+09 1.585E-19 4.348E-23
1401 8.000 1 4.000 29.6679 1.515E-10 9.972E+08 1.519E-19 4.000E-23
826 8.000 1 4.000 29.8429 1.193E-10 3.297E+07 3.619E-18 3.188E-23
716 8.000 1 4.000 29.8812 1.003E-10 3.720E+01 2.697E-12 2.688E-23
1479 8.000 1 4.000 29.5137 9.275E-11 7.299E+09 1.271E-20 2.422E-23
570 8.000 1 4.000 29.8884 7.130E-11 2.731E+01 2.611E-12 1.910E-23
1512 8.000 1 4.000 29.5020 6.755E-11 3.336E+09 2.025E-20 1.763E-23
1029 8.000 1 4.000 29.7249 5.833E-11 1.483E+09 3.934E-20 1.545E-23
802 8.000 1 4.000 29.8649 5.194E-11 8.801E+06 5.901E-18 1.389E-23
1136 4.000 1 4.000 29.7127 9.905E-11 2.633E+09 3.762E-20 1.311E-23
1355 8.000 1 4.000 29.6750 4.918E-11 3.028E+42 1.624E-53 1.299E-23
1107 8.000 1 4.000 29.7129 4.845E-11 3.465E+10 1.398E-21 1.283E-23
1155 8.000 1 4.000 29.7127 4.795E-11 5.994E+10 8.000E-22 1.270E-23
1317 8.000 1 4.000 29.6868 4.744E-11 7.641E+06 6.209E-18 1.253E-23
1457 8.000 1 4.000 29.5352 4.064E-11 1.167E+11 3.481E-22 1.063E-23
1066 8.000 1 4.000 29.7246 4.002E-11 1.027E+11 3.897E-22 1.060E-23
975 8.000 1 4.000 29.7467 3.795E-11 3.424E+10 1.108E-21 1.007E-23
1482 8.000 1 4.000 29.5137 3.186E-11 7.317E+10 4.355E-22 8.323E-24
980 8.000 1 4.000 29.7466 2.311E-11 7.425E+10 3.113E-22 6.133E-24
1510 8.000 1 4.000 29.5020 2.207E-11 4.572E+10 4.828E-22 5.760E-24
710 8.000 1 4.000 29.8812 1.576E-11 1.081E-01 1.458E-10 4.220E-24
1530 8.000 1 4.000 29.4950 1.530E-11 1.022E+10 1.496E-21 3.992E-24
1036 8.000 1 4.000 29.7247 1.338E-11 5.526E+10 2.421E-22 3.542E-24
1190 8.000 1 4.000 29.7086 1.114E-11 2.561E+08 4.351E-20 2.950E-24
800 8.000 1 4.000 29.8649 1.017E-11 2.239E+07 4.543E-19 2.720E-24
1260 8.000 1 4.000 29.7056 8.386E-12 5.740E+08 1.461E-20 2.219E-24
750 8.000 1 4.000 29.8810 7.116E-12 1.206E+02 5.902E-14 1.905E-24
771 8.000 1 4.000 29.8810 7.074E-12 6.759E-02 1.047E-10 1.894E-24
605 8.000 1 4.000 29.8883 5.499E-12 9.336E+01 5.890E-14 1.473E-24
1067 8.000 1 4.000 29.7246 5.215E-12 9.586E+10 5.440E-23 1.382E-24
668 8.000 1 4.000 29.8812 4.022E-12 2.841E+01 1.416E-13 1.077E-24
989 8.000 1 4.000 29.7464 3.355E-12 1.642E+11 2.043E-23 8.902E-25
533 8.000 1 4.000 29.8885 2.050E-12 2.083E+01 9.839E-14 5.492E-25
1309 8.000 1 4.000 29.6868 1.915E-12 1.938E+08 9.883E-21 5.062E-25
852 8.000 1 4.000 29.8310 1.840E-12 2.895E+29 6.357E-42 4.910E-25
72 8.000 1 4.000 30.3002 1.551E-12 3.509E+04 4.420E-17 4.270E-25
1113 8.000 1 4.000 29.7129 1.461E-12 1.619E+08 9.028E-21 3.868E-25
884 8.000 1 4.000 29.8238 1.162E-12 3.250E+05 3.573E-18 3.097E-25
68 8.000 1 4.000 30.3002 1.100E-12 3.570E+03 3.080E-16 3.028E-25
855 8.000 1 4.000 29.8310 1.083E-12 7.872E+41 1.376E-54 2.890E-25
1347 8.000 1 4.000 29.6750 1.071E-12 2.232E+14 4.797E-27 2.827E-25
95 8.000 1 4.000 30.2775 9.231E-13 3.070E+03 3.007E-16 2.538E-25
829 8.000 1 4.000 29.8429 7.384E-13 7.217E+05 1.023E-18 1.972E-25
701 8.000 1 4.000 29.8812 6.834E-13 6.852E+01 9.973E-15 1.830E-25
99 8.000 1 4.000 30.2775 6.544E-13 3.016E+04 2.170E-17 1.799E-25
1392 8.000 1 4.000 29.6679 6.705E-13 6.610E+09 1.014E-22 1.770E-25
762 8.000 1 4.000 29.8810 5.417E-13 7.492E-01 7.231E-13 1.450E-25
132 8.000 1 4.000 30.2652 5.200E-13 2.234E+03 2.328E-16 1.428E-25
850 8.000 1 4.000 29.8310 5.131E-13 1.736E+29 2.956E-42 1.369E-25
177 8.000 1 4.000 30.2578 4.566E-13 1.596E+03 2.861E-16 1.253E-25
977 8.000 1 4.000 29.7466 4.434E-13 8.795E+10 5.041E-24 1.177E-25
881 8.000 1 4.000 29.8238 4.079E-13 1.579E+07 2.584E-20 1.088E-25
1252 8.000 1 4.000 29.7056 3.989E-13 9.407E+07 4.240E-21 1.055E-25
879 8.000 1 4.000 29.8238 3.728E-13 2.330E+07 1.600E-20 9.943E-26
561 8.000 1 4.000 29.8884 3.559E-13 4.890E+01 7.277E-15 9.533E-26
753 8.000 1 4.000 29.8810 3.059E-13 1.442E+02 2.121E-15 8.187E-26
181 8.000 1 4.000 30.2578 2.888E-13 1.564E+04 1.846E-17 7.928E-26
854 6.000 1 4.000 29.8310 3.640E-13 4.795E+41 7.592E-55 7.283E-26
1216 8.000 1 4.000 29.7058 2.409E-13 9.413E+07 2.559E-21 6.373E-26
991 8.000 1 4.000 29.7464 2.362E-13 1.546E+11 1.529E-24 6.270E-26
883 6.000 1 4.000 29.8238 2.524E-13 4.181E+05 6.037E-19 5.048E-26
1412 8.000 1 4.000 29.6679 1.884E-13 7.947E+06 2.371E-20 4.973E-26
136 8.000 1 4.000 30.2652 1.708E-13 2.192E+04 7.790E-18 4.690E-26
828 6.000 1 4.000 29.8429 1.786E-13 7.359E+05 2.427E-19 3.576E-26
607 8.000 1 4.000 29.8883 7.146E-14 1.038E+02 6.884E-16 1.914E-26
104 8.000 1 4.000 30.2775 5.970E-14 5.860E-01 1.019E-13 1.641E-26
824 8.000 1 4.000 29.8429 5.216E-14 4.556E+07 1.145E-21 1.393E-26
833 8.000 1 4.000 29.8429 4.929E-14 6.927E+05 7.115E-20 1.316E-26
103 6.000 1 4.000 30.2775 6.178E-14 3.575E-01 1.728E-13 1.274E-26
761 6.000 1 4.000 29.8810 6.107E-14 1.042E-02 5.860E-12 1.226E-26
141 8.000 1 4.000 30.2652 3.768E-14 5.900E-01 6.385E-14 1.035E-26
140 6.000 1 4.000 30.2652 4.677E-14 3.754E-01 1.246E-13 9.635E-27
1254 8.000 1 4.000 29.7056 3.207E-14 2.042E+06 1.571E-20 8.488E-27
153 6.000 1 4.000 30.2652 3.803E-14 1.834E-05 2.074E-09 7.833E-27
186 8.000 1 4.000 30.2578 2.483E-14 6.025E-01 4.120E-14 6.815E-27
185 6.000 1 4.000 30.2578 3.092E-14 3.593E-01 8.604E-14 6.368E-27
102 4.000 1 4.000 30.2775 3.245E-14 2.230E-01 1.455E-13 4.460E-27
139 4.000 1 4.000 30.2652 2.715E-14 2.500E-01 1.086E-13 3.728E-27
1142 8.000 1 4.000 29.7127 1.173E-14 8.087E+07 1.450E-22 3.105E-27
147 8.000 1 4.000 30.2652 9.025E-15 2.622E+00 3.442E-15 2.479E-27
184 4.000 1 4.000 30.2578 1.800E-14 2.159E-01 8.338E-14 2.471E-27
1145 8.000 1 4.000 29.7127 7.430E-15 3.696E+08 2.010E-23 1.967E-27
111 6.000 1 4.000 30.2775 8.045E-15 2.386E+00 3.372E-15 1.659E-27
110 8.000 1 4.000 30.2775 4.652E-15 2.286E+00 2.036E-15 1.279E-27
192 8.000 1 4.000 30.2578 3.586E-15 2.181E+00 1.644E-15 9.845E-28
148 6.000 1 4.000 30.2652 4.423E-15 2.697E+00 1.640E-15 9.113E-28
859 8.000 1 4.000 29.8310 1.857E-15 4.148E+40 4.478E-56 4.957E-28
888 8.000 1 4.000 29.8238 1.856E-15 3.662E+05 5.069E-21 4.950E-28
193 6.000 1 4.000 30.2578 2.035E-15 2.297E+00 8.858E-16 4.190E-28
1389 8.000 1 4.000 29.6679 8.473E-16 5.306E+09 1.597E-25 2.236E-28
1359 8.000 1 4.000 29.6750 5.959E-16 9.791E+20 6.086E-37 1.573E-28
1185 8.000 1 4.000 29.7086 3.639E-16 2.090E+08 1.741E-24 9.630E-29
1405 8.000 1 4.000 29.6679 3.390E-16 8.301E+07 4.084E-24 8.947E-29
1525 8.000 1 4.000 29.4950 2.806E-16 1.517E+10 1.850E-26 7.320E-29
197 6.000 1 4.000 30.2578 1.992E-16 2.537E-05 7.852E-12 4.103E-29
1452 8.000 1 4.000 29.5352 1.461E-16 1.309E+11 1.117E-27 3.823E-29
1344 8.000 1 4.000 29.6750 1.264E-16 4.307E+12 2.934E-29 3.337E-29
1496 8.000 1 4.000 29.5020 4.861E-17 5.357E+10 9.075E-28 1.269E-29
1304 8.000 1 4.000 29.6868 3.401E-17 1.518E+08 2.240E-25 8.987E-30
1471 8.000 1 4.000 29.5137 2.775E-17 8.454E+10 3.282E-28 7.247E-30
1502 8.000 1 4.000 29.5020 1.036E-17 7.325E+07 1.414E-25 2.702E-30
1404 8.000 1 4.000 29.6679 3.557E-18 1.174E+08 3.031E-26 9.390E-31
1358 8.000 1 4.000 29.6750 1.243E-19 1.325E+18 9.382E-38 3.282E-32
1534 8.000 1 4.000 29.4950 1.238E-19 8.998E+07 1.376E-27 3.230E-32
891 8.000 1 4.000 29.8238 5.874E-21 2.589E+142 2.269E-163 1.567E-33
862 8.000 1 4.000 29.8310 4.493E-21 5.180E+142 8.673E-164 1.199E-33
203 8.000 1 4.000 30.2578 1.821E-22 1.753E-04 1.039E-18 5.000E-35
208 8.000 1 4.000 30.2578 3.560E-23 2.392E-09 1.488E-14 9.772E-36
196 8.000 1 4.000 30.2578 1.750E-23 5.078E-05 3.447E-19 4.805E-36
158 8.000 1 4.000 30.2652 1.956E-24 1.267E-04 1.544E-20 5.372E-37
151 8.000 1 4.000 30.2652 1.680E-24 3.670E-05 4.578E-20 4.615E-37
