j g(j) i g(i) wl A A+A^a A/(A+A^a) f
40 3.000 1 1.000 12.2840 1.819E+13 2.180E+13 8.345E-01 1.237E+00
248 3.000 1 1.000 9.48270 6.100E+12 8.809E+12 6.925E-01 2.467E-01
58 3.000 1 1.000 11.9957 3.079E+12 3.645E+12 8.446E-01 1.993E-01
60 3.000 1 1.000 11.9515 1.815E+12 5.273E+12 3.442E-01 1.166E-01
283 3.000 1 1.000 9.19736 2.865E+12 3.718E+12 7.704E-01 1.090E-01
460 3.000 1 1.000 8.57957 2.834E+12 4.585E+12 6.181E-01 9.383E-02
116 3.000 1 1.000 11.3854 9.780E+11 2.317E+12 4.220E-01 5.703E-02
580 3.000 1 1.000 8.31871 1.659E+12 2.388E+12 6.949E-01 5.164E-02
22 3.000 1 1.000 13.0502 6.400E+11 2.274E+12 2.814E-01 4.903E-02
70 3.000 1 1.000 11.8247 5.763E+11 6.146E+12 9.378E-02 3.624E-02
94 3.000 1 1.000 11.5717 5.803E+11 3.230E+12 1.797E-01 3.496E-02
54 3.000 1 1.000 12.0564 3.970E+11 7.682E+12 5.168E-02 2.596E-02
51 3.000 1 1.000 12.1109 3.773E+11 1.147E+12 3.290E-01 2.490E-02
387 3.000 1 1.000 8.82824 6.257E+11 2.306E+12 2.713E-01 2.194E-02
56 3.000 1 1.000 12.0480 3.281E+11 1.318E+13 2.490E-02 2.142E-02
114 3.000 1 1.000 11.4185 2.145E+11 2.564E+12 8.369E-02 1.258E-02
374 3.000 1 1.000 8.84200 3.473E+11 2.083E+12 1.667E-01 1.221E-02
108 3.000 1 1.000 11.4891 1.630E+11 1.868E+12 8.728E-02 9.680E-03
786 3.000 1 1.000 8.01365 3.241E+11 1.541E+12 2.103E-01 9.360E-03
238 3.000 1 1.000 9.65126 2.101E+11 1.413E+12 1.487E-01 8.801E-03
280 3.000 1 1.000 9.22498 2.242E+11 1.216E+12 1.844E-01 8.582E-03
266 3.000 1 1.000 9.36450 2.156E+11 8.142E+12 2.648E-02 8.504E-03
284 3.000 1 1.000 9.18083 1.966E+11 1.572E+12 1.250E-01 7.453E-03
150 3.000 1 1.000 11.0359 1.323E+11 3.301E+12 4.007E-02 7.246E-03
195 3.000 1 1.000 10.6025 1.266E+11 5.650E+12 2.241E-02 6.403E-03
784 3.000 1 1.000 8.02010 1.774E+11 1.331E+12 1.333E-01 5.131E-03
490 3.000 1 1.000 8.48849 1.538E+11 4.361E+12 3.526E-02 4.984E-03
214 3.000 1 1.000 10.4333 9.890E+10 8.536E+12 1.159E-02 4.842E-03
205 3.000 1 1.000 10.4883 8.427E+10 7.715E+12 1.092E-02 4.169E-03
135 3.000 1 1.000 11.2306 6.497E+10 2.432E+12 2.672E-02 3.686E-03
517 3.000 1 1.000 8.45747 1.119E+11 6.590E+12 1.698E-02 3.599E-03
47 3.000 1 1.000 12.1400 5.380E+10 1.607E+13 3.348E-03 3.565E-03
418 3.000 1 1.000 8.73619 9.280E+10 2.455E+12 3.781E-02 3.186E-03
569 3.000 1 1.000 8.33079 1.000E+11 9.669E+11 1.034E-01 3.121E-03
304 3.000 1 1.000 9.10597 6.947E+10 3.630E+12 1.914E-02 2.590E-03
441 3.000 1 1.000 8.64553 7.437E+10 8.140E+11 9.136E-02 2.501E-03
126 3.000 1 1.000 11.2684 3.550E+10 4.560E+12 7.785E-03 2.027E-03
412 3.000 1 1.000 8.74558 5.123E+10 2.830E+12 1.810E-02 1.762E-03
582 3.000 1 1.000 8.31797 5.307E+10 1.432E+12 3.706E-02 1.651E-03
348 3.000 1 1.000 8.93117 4.447E+10 1.415E+12 3.142E-02 1.595E-03
550 3.000 1 1.000 8.35247 5.023E+10 4.484E+12 1.120E-02 1.576E-03
806 3.000 1 1.000 7.93736 5.183E+10 1.700E+12 3.049E-02 1.469E-03
24 3.000 1 1.000 12.8279 1.793E+10 3.051E+12 5.879E-03 1.327E-03
130 3.000 1 1.000 11.2475 2.286E+10 3.983E+12 5.739E-03 1.301E-03
161 3.000 1 1.000 10.9480 2.160E+10 1.726E+12 1.251E-02 1.164E-03
148 3.000 1 1.000 11.1131 2.086E+10 1.701E+12 1.227E-02 1.159E-03
863 3.000 1 1.000 7.73811 4.300E+10 4.717E+12 9.116E-03 1.158E-03
288 3.000 1 1.000 9.15944 2.806E+10 2.851E+12 9.843E-03 1.059E-03
220 3.000 1 1.000 10.4112 2.113E+10 1.406E+13 1.503E-03 1.030E-03
542 3.000 1 1.000 8.37199 2.759E+10 3.719E+12 7.418E-03 8.697E-04
804 3.000 1 1.000 7.94110 2.877E+10 1.661E+12 1.732E-02 8.159E-04
83 5.000 1 1.000 11.6694 7.534E+09 8.019E+12 9.396E-04 7.691E-04
903 3.000 1 1.000 7.65155 2.024E+10 3.924E+12 5.159E-03 5.331E-04
470 3.000 1 1.000 8.55711 1.400E+10 9.553E+11 1.465E-02 4.610E-04
176 3.000 1 1.000 10.7434 8.663E+09 2.099E+12 4.128E-03 4.497E-04
103 3.000 1 1.000 11.5149 7.370E+09 5.191E+12 1.420E-03 4.395E-04
244 3.000 1 1.000 9.53899 9.477E+09 1.693E+12 5.599E-03 3.878E-04
651 3.000 1 1.000 8.23962 1.260E+10 8.090E+12 1.558E-03 3.847E-04
229 3.000 1 1.000 10.2615 8.093E+09 1.532E+13 5.284E-04 3.832E-04
712 3.000 1 1.000 8.09528 1.048E+10 9.762E+11 1.074E-02 3.090E-04
898 3.000 1 1.000 7.65889 1.102E+10 2.118E+12 5.203E-03 2.907E-04
254 5.000 1 1.000 9.44897 4.166E+09 2.781E+12 1.498E-03 2.788E-04
748 3.000 1 1.000 8.05152 9.437E+09 1.645E+12 5.738E-03 2.752E-04
149 5.000 1 1.000 11.1121 2.522E+09 7.736E+12 3.260E-04 2.335E-04
338 3.000 1 1.000 9.01490 5.460E+09 2.914E+12 1.874E-03 1.996E-04
595 3.000 1 1.000 8.29465 5.917E+09 9.396E+11 6.297E-03 1.831E-04
110 5.000 1 1.000 11.4797 1.741E+09 1.201E+13 1.450E-04 1.720E-04
463 5.000 1 1.000 8.56580 3.114E+09 1.614E+12 1.930E-03 1.713E-04
144 5.000 1 1.000 11.1433 1.773E+09 1.098E+13 1.614E-04 1.650E-04
351 3.000 1 1.000 8.91740 4.550E+09 1.622E+12 2.805E-03 1.628E-04
86 5.000 1 1.000 11.6286 1.602E+09 8.167E+12 1.961E-04 1.624E-04
296 5.000 1 1.000 9.12155 2.512E+09 6.906E+12 3.637E-04 1.567E-04
222 3.000 1 1.000 10.3861 3.072E+09 2.243E+13 1.370E-04 1.491E-04
445 3.000 1 1.000 8.63374 4.383E+09 2.960E+12 1.481E-03 1.470E-04
27 5.000 1 1.000 12.6685 1.204E+09 4.430E+10 2.719E-02 1.449E-04
389 3.000 1 1.000 8.82345 4.030E+09 2.895E+12 1.392E-03 1.411E-04
403 3.000 1 1.000 8.80171 3.997E+09 2.910E+12 1.373E-03 1.392E-04
966 3.000 1 1.000 7.55237 4.797E+09 4.680E+12 1.025E-03 1.231E-04
680 3.000 1 1.000 8.20735 3.623E+09 2.245E+12 1.614E-03 1.098E-04
566 3.000 1 1.000 8.33237 3.377E+09 9.261E+12 3.646E-04 1.054E-04
457 3.000 1 1.000 8.58358 2.979E+09 1.911E+12 1.559E-03 9.871E-05
359 3.000 1 1.000 8.89902 1.950E+09 3.799E+12 5.134E-04 6.947E-05
715 3.000 1 1.000 8.08955 2.238E+09 1.116E+12 2.005E-03 6.586E-05
120 5.000 1 1.000 11.2934 6.246E+08 2.006E+13 3.113E-05 5.972E-05
422 3.000 1 1.000 8.72921 1.643E+09 2.421E+12 6.787E-04 5.632E-05
881 3.000 1 1.000 7.70665 1.990E+09 7.067E+11 2.816E-03 5.317E-05
546 3.000 1 1.000 8.36499 1.653E+09 3.161E+12 5.230E-04 5.204E-05
599 5.000 1 1.000 8.28879 9.774E+08 4.521E+12 2.162E-04 5.034E-05
236 3.000 1 1.000 10.1127 1.088E+09 3.044E+13 3.573E-05 5.003E-05
424 3.000 1 1.000 8.70407 1.455E+09 1.343E+12 1.083E-03 4.957E-05
850 3.000 1 1.000 7.79152 1.721E+09 1.248E+12 1.379E-03 4.700E-05
636 3.000 1 1.000 8.24639 1.459E+09 1.644E+12 8.877E-04 4.463E-05
232 3.000 1 1.000 10.2340 8.673E+08 2.050E+13 4.230E-05 4.086E-05
812 3.000 1 1.000 7.91752 1.392E+09 9.889E+11 1.407E-03 3.924E-05
721 3.000 1 1.000 8.07399 1.261E+09 2.387E+12 5.283E-04 3.699E-05
79 5.000 1 1.000 11.7096 3.584E+08 4.904E+12 7.308E-05 3.684E-05
410 5.000 1 1.000 8.76468 6.310E+08 5.740E+12 1.099E-04 3.633E-05
157 5.000 1 1.000 10.9660 3.864E+08 8.124E+12 4.756E-05 3.484E-05
702 3.000 1 1.000 8.18288 1.115E+09 1.358E+13 8.209E-05 3.358E-05
241 5.000 1 1.000 9.56081 4.670E+08 7.208E+11 6.479E-04 3.200E-05
833 3.000 1 1.000 7.88920 1.141E+09 1.620E+12 7.039E-04 3.193E-05
487 3.000 1 1.000 8.49596 9.373E+08 3.746E+12 2.502E-04 3.043E-05
782 3.000 1 1.000 8.03520 9.870E+08 1.670E+12 5.908E-04 2.867E-05
408 5.000 1 1.000 8.77373 4.196E+08 4.413E+12 9.509E-05 2.421E-05
263 3.000 1 1.000 9.38315 5.427E+08 7.072E+12 7.673E-05 2.149E-05
600 3.000 1 1.000 8.28466 6.490E+08 1.901E+12 3.414E-04 2.004E-05
810 3.000 1 1.000 7.92774 6.937E+08 1.524E+12 4.550E-04 1.961E-05
182 3.000 1 1.000 10.6987 3.717E+08 3.430E+11 1.083E-03 1.913E-05
274 5.000 1 1.000 9.33774 2.890E+08 2.895E+12 9.983E-05 1.889E-05
320 3.000 1 1.000 9.06015 4.630E+08 2.901E+12 1.596E-04 1.710E-05
992 3.000 1 1.000 7.51245 6.597E+08 7.633E+12 8.643E-05 1.675E-05
189 3.000 1 1.000 10.6552 3.007E+08 3.206E+12 9.379E-05 1.536E-05
508 5.000 1 1.000 8.47735 2.282E+08 1.607E+12 1.420E-04 1.229E-05
494 3.000 1 1.000 8.48543 3.583E+08 1.545E+12 2.320E-04 1.160E-05
453 5.000 1 1.000 8.60960 2.016E+08 7.501E+11 2.688E-04 1.120E-05
790 5.000 1 1.000 7.98841 1.996E+08 3.671E+12 5.438E-05 9.549E-06
257 5.000 1 1.000 9.44301 1.405E+08 8.364E+11 1.680E-04 9.394E-06
65 5.000 1 1.000 11.8686 7.774E+07 2.864E+12 2.715E-05 8.210E-06
428 5.000 1 1.000 8.67385 1.336E+08 3.826E+12 3.490E-05 7.533E-06
73 5.000 1 1.000 11.8004 7.062E+07 8.562E+11 8.248E-05 7.373E-06
137 5.000 1 1.000 11.2247 7.026E+07 1.664E+13 4.224E-06 6.636E-06
140 5.000 1 1.000 11.1845 6.224E+07 1.759E+13 3.539E-06 5.836E-06
32 5.000 1 1.000 12.5005 4.730E+07 1.981E+11 2.387E-04 5.541E-06
333 3.000 1 1.000 9.01879 1.406E+08 2.904E+12 4.840E-05 5.142E-06
788 5.000 1 1.000 7.99234 1.072E+08 2.468E+12 4.343E-05 5.133E-06
305 5.000 1 1.000 9.10542 6.650E+07 4.163E+12 1.598E-05 4.133E-06
125 5.000 1 1.000 11.2718 4.290E+07 2.085E+13 2.058E-06 4.087E-06
329 5.000 1 1.000 9.02932 6.282E+07 7.396E+12 8.493E-06 3.839E-06
400 3.000 1 1.000 8.80677 1.070E+08 2.924E+12 3.659E-05 3.732E-06
90 5.000 1 1.000 11.6003 3.584E+07 2.251E+13 1.592E-06 3.615E-06
269 5.000 1 1.000 9.34506 4.724E+07 2.915E+12 1.621E-05 3.092E-06
177 5.000 1 1.000 10.7270 2.932E+07 2.937E+12 9.983E-06 2.529E-06
491 3.000 1 1.000 8.48756 7.617E+07 1.435E+12 5.309E-05 2.467E-06
526 5.000 1 1.000 8.44521 4.532E+07 2.739E+12 1.655E-05 2.423E-06
500 5.000 1 1.000 8.48044 4.140E+07 1.602E+12 2.584E-05 2.232E-06
52 5.000 1 1.000 12.0966 1.787E+07 2.414E+12 7.402E-06 1.960E-06
816 5.000 1 1.000 7.91214 4.168E+07 2.319E+12 1.797E-05 1.956E-06
858 3.000 1 1.000 7.75032 6.753E+07 1.143E+12 5.910E-05 1.824E-06
290 5.000 1 1.000 9.15284 2.510E+07 2.202E+12 1.140E-05 1.577E-06
565 5.000 1 1.000 8.33685 2.858E+07 2.867E+12 9.970E-06 1.489E-06
158 5.000 1 1.000 10.9579 1.645E+07 1.285E+13 1.281E-06 1.481E-06
872 5.000 1 1.000 7.73324 3.180E+07 1.522E+12 2.089E-05 1.426E-06
670 3.000 1 1.000 8.21183 4.573E+07 5.641E+12 8.108E-06 1.387E-06
984 3.000 1 1.000 7.52437 5.327E+07 3.324E+12 1.602E-05 1.356E-06
310 5.000 1 1.000 9.08693 2.134E+07 6.005E+12 3.554E-06 1.321E-06
251 5.000 1 1.000 9.46422 1.820E+07 7.533E+11 2.416E-05 1.222E-06
927 3.000 1 1.000 7.63646 4.157E+07 3.490E+12 1.191E-05 1.091E-06
175 5.000 1 1.000 10.7516 1.255E+07 2.738E+12 4.584E-06 1.088E-06
673 3.000 1 1.000 8.20984 3.533E+07 1.546E+12 2.286E-05 1.071E-06
362 5.000 1 1.000 8.86805 1.743E+07 7.984E+12 2.183E-06 1.027E-06
171 5.000 1 1.000 10.8412 1.112E+07 1.816E+13 6.126E-07 9.802E-07
557 5.000 1 1.000 8.34370 1.431E+07 2.894E+12 4.946E-06 7.469E-07
918 5.000 1 1.000 7.64408 1.556E+07 1.578E+12 9.866E-06 6.817E-07
101 5.000 1 1.000 11.5191 6.772E+06 2.266E+12 2.989E-06 6.737E-07
772 3.000 1 1.000 8.03772 2.175E+07 1.611E+12 1.350E-05 6.319E-07
661 5.000 1 1.000 8.22203 1.099E+07 2.820E+12 3.896E-06 5.567E-07
591 5.000 1 1.000 8.30179 9.500E+06 1.507E+12 6.303E-06 4.908E-07
667 5.000 1 1.000 8.21401 9.320E+06 4.252E+12 2.192E-06 4.714E-07
427 5.000 1 1.000 8.67895 8.030E+06 6.142E+12 1.307E-06 4.534E-07
37 5.000 1 1.000 12.3250 3.756E+06 1.366E+13 2.749E-07 4.277E-07
907 5.000 1 1.000 7.64699 9.040E+06 1.580E+12 5.721E-06 3.963E-07
366 5.000 1 1.000 8.85841 5.908E+06 8.002E+12 7.383E-07 3.476E-07
200 5.000 1 1.000 10.5139 4.100E+06 2.975E+12 1.378E-06 3.398E-07
962 3.000 1 1.000 7.56908 1.301E+07 1.018E+12 1.279E-05 3.353E-07
479 5.000 1 1.000 8.51967 5.430E+06 1.211E+12 4.484E-06 2.954E-07
442 5.000 1 1.000 8.64139 4.888E+06 1.177E+13 4.154E-07 2.736E-07
344 5.000 1 1.000 8.99982 4.394E+06 9.219E+11 4.766E-06 2.668E-07
974 5.000 1 1.000 7.54488 6.018E+06 1.687E+12 3.567E-06 2.568E-07
170 5.000 1 1.000 10.8604 2.876E+06 1.725E+13 1.668E-07 2.543E-07
928 3.000 1 1.000 7.63293 9.670E+06 5.232E+12 1.848E-06 2.534E-07
724 5.000 1 1.000 8.06979 4.280E+06 4.184E+12 1.023E-06 2.090E-07
561 3.000 1 1.000 8.34182 6.667E+06 6.494E+12 1.027E-06 2.087E-07
162 5.000 1 1.000 10.9372 1.789E+06 3.899E+12 4.589E-07 1.605E-07
618 5.000 1 1.000 8.26417 3.082E+06 2.415E+12 1.276E-06 1.578E-07
33 5.000 1 1.000 12.4029 1.360E+06 1.372E+11 9.915E-06 1.569E-07
53 5.000 1 1.000 12.0610 1.332E+06 1.242E+10 1.073E-04 1.452E-07
815 5.000 1 1.000 7.91396 3.074E+06 3.513E+12 8.751E-07 1.443E-07
285 5.000 1 1.000 9.17760 2.108E+06 1.657E+12 1.273E-06 1.331E-07
246 5.000 1 1.000 9.48844 1.913E+06 6.607E+12 2.896E-07 1.291E-07
405 5.000 1 1.000 8.79540 1.708E+06 1.043E+12 1.638E-06 9.903E-08
154 5.000 1 1.000 10.9899 1.092E+06 1.417E+13 7.701E-08 9.883E-08
281 5.000 1 1.000 9.21037 1.507E+06 8.202E+11 1.838E-06 9.585E-08
970 5.000 1 1.000 7.54602 2.026E+06 1.860E+12 1.089E-06 8.651E-08
752 5.000 1 1.000 8.05045 1.689E+06 8.882E+11 1.901E-06 8.204E-08
75 5.000 1 1.000 11.7698 7.626E+05 1.424E+12 5.355E-07 7.919E-08
728 5.000 1 1.000 8.06549 1.366E+06 4.107E+12 3.326E-07 6.661E-08
115 5.000 1 1.000 11.3913 6.742E+05 1.128E+12 5.975E-07 6.559E-08
956 3.000 1 1.000 7.60360 2.438E+06 7.648E+11 3.188E-06 6.341E-08
458 5.000 1 1.000 8.58228 1.068E+06 3.694E+12 2.892E-07 5.898E-08
520 5.000 1 1.000 8.44950 1.052E+06 2.882E+12 3.649E-07 5.629E-08
623 5.000 1 1.000 8.25628 1.068E+06 3.884E+12 2.751E-07 5.459E-08
571 5.000 1 1.000 8.32475 1.032E+06 7.273E+11 1.420E-06 5.364E-08
59 5.000 1 1.000 11.9930 4.636E+05 7.250E+11 6.395E-07 4.999E-08
705 5.000 1 1.000 8.18047 9.442E+05 2.771E+12 3.407E-07 4.736E-08
832 5.000 1 1.000 7.89247 8.410E+05 6.193E+12 1.358E-07 3.927E-08
324 5.000 1 1.000 9.05445 5.948E+05 7.849E+12 7.578E-08 3.655E-08
48 5.000 1 1.000 12.1398 3.254E+05 1.757E+13 1.852E-08 3.596E-08
432 5.000 1 1.000 8.66271 6.038E+05 5.565E+12 1.085E-07 3.396E-08
38 5.000 1 1.000 12.3217 2.916E+05 1.491E+12 1.956E-07 3.320E-08
193 5.000 1 1.000 10.6049 3.860E+05 5.881E+12 6.563E-08 3.254E-08
999 5.000 1 1.000 7.51094 7.660E+05 1.541E+12 4.972E-07 3.240E-08
528 5.000 1 1.000 8.43284 5.910E+05 2.726E+12 2.168E-07 3.151E-08
700 5.000 1 1.000 8.18520 5.346E+05 2.896E+12 1.846E-07 2.685E-08
373 5.000 1 1.000 8.84342 4.394E+05 7.553E+12 5.818E-08 2.576E-08
593 5.000 1 1.000 8.30014 4.784E+05 2.753E+12 1.738E-07 2.471E-08
839 5.000 1 1.000 7.88651 5.298E+05 9.114E+11 5.813E-07 2.470E-08
35 5.000 1 1.000 12.3909 1.885E+05 2.255E+12 8.360E-08 2.170E-08
196 5.000 1 1.000 10.5598 2.520E+05 3.851E+12 6.544E-08 2.106E-08
381 5.000 1 1.000 8.83173 3.596E+05 1.991E+12 1.806E-07 2.103E-08
754 5.000 1 1.000 8.04734 4.126E+05 4.362E+12 9.459E-08 2.003E-08
781 5.000 1 1.000 8.03525 4.080E+05 8.741E+11 4.668E-07 1.975E-08
688 5.000 1 1.000 8.20592 3.902E+05 8.608E+11 4.533E-07 1.969E-08
866 5.000 1 1.000 7.73557 4.382E+05 1.567E+12 2.796E-07 1.965E-08
855 5.000 1 1.000 7.76323 4.252E+05 2.145E+12 1.982E-07 1.921E-08
785 5.000 1 1.000 8.01578 3.806E+05 9.784E+11 3.890E-07 1.833E-08
262 5.000 1 1.000 9.38321 2.694E+05 7.501E+12 3.591E-08 1.778E-08
990 5.000 1 1.000 7.51322 3.458E+05 1.579E+12 2.190E-07 1.463E-08
26 3.000 1 1.000 12.6749 2.005E+05 1.040E+11 1.927E-06 1.449E-08
191 5.000 1 1.000 10.6294 1.658E+05 3.399E+12 4.878E-08 1.404E-08
380 5.000 1 1.000 8.83245 2.296E+05 2.431E+12 9.445E-08 1.343E-08
586 5.000 1 1.000 8.31705 2.502E+05 2.879E+12 8.691E-08 1.298E-08
67 5.000 1 1.000 11.8590 1.212E+05 4.523E+11 2.679E-07 1.277E-08
245 5.000 1 1.000 9.50331 1.413E+05 2.225E+12 6.349E-08 9.567E-09
486 5.000 1 1.000 8.49597 1.696E+05 3.907E+12 4.341E-08 9.177E-09
886 5.000 1 1.000 7.68371 1.904E+05 1.783E+12 1.068E-07 8.428E-09
579 5.000 1 1.000 8.31922 1.619E+05 2.883E+12 5.615E-08 8.399E-09
384 5.000 1 1.000 8.83065 1.393E+05 7.899E+12 1.764E-08 8.145E-09
215 5.000 1 1.000 10.4232 9.942E+04 3.136E+12 3.170E-08 8.098E-09
480 5.000 1 1.000 8.51846 1.417E+05 2.722E+12 5.204E-08 7.706E-09
219 5.000 1 1.000 10.4135 9.228E+04 5.987E+12 1.541E-08 7.502E-09
959 5.000 1 1.000 7.57752 1.672E+05 1.812E+12 9.226E-08 7.196E-09
260 5.000 1 1.000 9.39512 1.056E+05 4.750E+12 2.223E-08 6.988E-09
823 5.000 1 1.000 7.90091 1.483E+05 3.014E+12 4.918E-08 6.938E-09
413 5.000 1 1.000 8.74119 9.104E+04 1.244E+12 7.320E-08 5.215E-09
63 5.000 1 1.000 11.9081 4.760E+04 5.672E+12 8.392E-09 5.059E-09
240 3.000 1 1.000 9.56320 1.217E+05 7.161E+11 1.699E-07 5.007E-09
286 5.000 1 1.000 9.17153 7.860E+04 1.189E+12 6.611E-08 4.956E-09
530 5.000 1 1.000 8.42528 9.266E+04 2.772E+12 3.343E-08 4.931E-09
801 5.000 1 1.000 7.95482 1.026E+05 7.217E+11 1.422E-07 4.867E-09
142 5.000 1 1.000 11.1709 5.096E+04 6.185E+11 8.239E-08 4.768E-09
456 5.000 1 1.000 8.58786 8.154E+04 1.419E+12 5.745E-08 4.508E-09
23 5.000 1 1.000 12.8694 3.624E+04 2.080E+12 1.742E-08 4.499E-09
34 3.000 1 1.000 12.3979 6.027E+04 1.435E+12 4.200E-08 4.166E-09
212 5.000 1 1.000 10.4390 5.064E+04 1.511E+13 3.351E-09 4.137E-09
515 5.000 1 1.000 8.46317 7.702E+04 5.301E+12 1.453E-08 4.135E-09
132 5.000 1 1.000 11.2394 4.256E+04 1.994E+12 2.135E-08 4.029E-09
484 5.000 1 1.000 8.50057 7.324E+04 2.536E+12 2.888E-08 3.967E-09
472 5.000 1 1.000 8.54444 7.102E+04 2.791E+12 2.544E-08 3.886E-09
656 5.000 1 1.000 8.22427 7.130E+04 3.842E+12 1.856E-08 3.615E-09
778 5.000 1 1.000 8.03657 7.206E+04 8.744E+11 8.241E-08 3.489E-09
128 5.000 1 1.000 11.2579 3.494E+04 7.233E+11 4.831E-08 3.319E-09
805 5.000 1 1.000 7.93907 6.674E+04 8.398E+11 7.948E-08 3.153E-09
888 5.000 1 1.000 7.67956 6.998E+04 1.821E+12 3.842E-08 3.094E-09
572 5.000 1 1.000 8.32198 5.398E+04 6.788E+11 7.952E-08 2.803E-09
979 5.000 1 1.000 7.54294 6.262E+04 1.789E+12 3.501E-08 2.671E-09
537 5.000 1 1.000 8.39470 5.004E+04 3.221E+12 1.553E-08 2.643E-09
243 5.000 1 1.000 9.54620 3.848E+04 1.418E+12 2.713E-08 2.629E-09
452 3.000 1 1.000 8.61083 7.220E+04 6.785E+11 1.064E-07 2.408E-09
547 5.000 1 1.000 8.35951 4.214E+04 7.613E+12 5.535E-09 2.207E-09
941 5.000 1 1.000 7.62609 4.992E+04 1.571E+12 3.177E-08 2.176E-09
277 5.000 1 1.000 9.24831 3.380E+04 1.060E+12 3.189E-08 2.168E-09
475 5.000 1 1.000 8.52783 3.878E+04 6.992E+11 5.546E-08 2.115E-09
904 5.000 1 1.000 7.65062 4.668E+04 2.112E+12 2.210E-08 2.048E-09
862 5.000 1 1.000 7.74028 4.406E+04 4.103E+12 1.074E-08 1.979E-09
31 3.000 1 1.000 12.5059 2.787E+04 1.140E+11 2.446E-07 1.961E-09
80 3.000 1 1.000 11.7046 3.100E+04 2.575E+12 1.204E-08 1.910E-09
44 5.000 1 1.000 12.1950 1.614E+04 1.174E+13 1.375E-09 1.799E-09
647 5.000 1 1.000 8.24361 3.344E+04 8.452E+11 3.957E-08 1.703E-09
275 3.000 1 1.000 9.29317 3.663E+04 1.043E+12 3.513E-08 1.424E-09
710 5.000 1 1.000 8.10527 2.836E+04 9.259E+11 3.063E-08 1.397E-09
902 5.000 1 1.000 7.65323 3.008E+04 4.245E+12 7.085E-09 1.321E-09
183 5.000 1 1.000 10.6984 1.398E+04 3.478E+11 4.018E-08 1.199E-09
226 5.000 1 1.000 10.2811 1.491E+04 1.326E+13 1.124E-09 1.181E-09
685 5.000 1 1.000 8.20621 2.136E+04 8.635E+11 2.474E-08 1.078E-09
852 5.000 1 1.000 7.77458 2.272E+04 1.764E+12 1.288E-08 1.029E-09
25 3.000 1 1.000 12.7653 1.336E+04 2.373E+10 5.630E-07 9.789E-10
291 5.000 1 1.000 9.15074 1.538E+04 3.400E+12 4.522E-09 9.652E-10
45 3.000 1 1.000 12.1780 1.387E+04 2.357E+12 5.883E-09 9.249E-10
346 5.000 1 1.000 8.97263 1.513E+04 1.262E+12 1.198E-08 9.130E-10
949 3.000 1 1.000 7.62537 3.450E+04 8.685E+11 3.973E-08 9.020E-10
87 5.000 1 1.000 11.6213 8.836E+03 2.309E+12 3.827E-09 8.946E-10
143 5.000 1 1.000 11.1611 9.196E+03 4.568E+11 2.013E-08 8.587E-10
597 5.000 1 1.000 8.29065 1.599E+04 8.556E+11 1.869E-08 8.240E-10
420 5.000 1 1.000 8.72986 1.375E+04 2.143E+12 6.419E-09 7.858E-10
297 5.000 1 1.000 9.12048 1.188E+04 8.259E+11 1.438E-08 7.407E-10
423 5.000 1 1.000 8.71737 1.279E+04 1.028E+12 1.244E-08 7.284E-10
708 5.000 1 1.000 8.12306 1.472E+04 7.551E+11 1.950E-08 7.281E-10
548 3.000 1 1.000 8.35876 2.307E+04 6.863E+11 3.361E-08 7.250E-10
231 5.000 1 1.000 10.2424 8.734E+03 4.179E+12 2.090E-09 6.869E-10
252 3.000 1 1.000 9.46197 1.692E+04 7.447E+11 2.272E-08 6.814E-10
895 5.000 1 1.000 7.65947 1.532E+04 2.036E+12 7.523E-09 6.737E-10
742 5.000 1 1.000 8.05282 1.152E+04 4.048E+12 2.846E-09 5.600E-10
357 3.000 1 1.000 8.90766 1.523E+04 1.610E+12 9.455E-09 5.434E-10
390 5.000 1 1.000 8.82264 9.080E+03 2.839E+12 3.198E-09 5.298E-10
496 5.000 1 1.000 8.48497 9.442E+03 1.435E+12 6.581E-09 5.096E-10
492 5.000 1 1.000 8.48692 9.346E+03 1.690E+12 5.529E-09 5.046E-10
160 5.000 1 1.000 10.9486 5.390E+03 1.547E+12 3.484E-09 4.843E-10
112 5.000 1 1.000 11.4632 4.750E+03 2.394E+12 1.984E-09 4.680E-10
218 5.000 1 1.000 10.4137 5.204E+03 2.056E+13 2.532E-10 4.231E-10
239 3.000 1 1.000 9.58487 1.015E+04 7.682E+11 1.322E-08 4.196E-10
620 5.000 1 1.000 8.26181 7.620E+03 3.134E+12 2.432E-09 3.899E-10
859 5.000 1 1.000 7.75024 8.312E+03 1.161E+12 7.162E-09 3.743E-10
95 5.000 1 1.000 11.5604 3.556E+03 4.862E+12 7.314E-10 3.563E-10
477 3.000 1 1.000 8.52671 9.923E+03 6.724E+11 1.476E-08 3.245E-10
99 5.000 1 1.000 11.5367 2.990E+03 1.152E+12 2.595E-09 2.984E-10
574 5.000 1 1.000 8.32069 5.254E+03 1.528E+12 3.439E-09 2.727E-10
605 5.000 1 1.000 8.28206 5.246E+03 2.097E+12 2.502E-09 2.697E-10
936 5.000 1 1.000 7.62708 6.114E+03 1.564E+12 3.910E-09 2.666E-10
72 3.000 1 1.000 11.8122 3.823E+03 2.629E+11 1.454E-08 2.400E-10
630 5.000 1 1.000 8.24830 4.586E+03 3.211E+12 1.428E-09 2.339E-10
451 3.000 1 1.000 8.61939 6.967E+03 6.560E+11 1.062E-08 2.327E-10
757 3.000 1 1.000 8.04559 7.697E+03 1.103E+12 6.975E-09 2.241E-10
401 5.000 1 1.000 8.80544 3.778E+03 2.899E+12 1.303E-09 2.196E-10
71 5.000 1 1.000 11.8182 1.896E+03 5.632E+12 3.366E-10 1.985E-10
669 5.000 1 1.000 8.21190 3.460E+03 2.194E+12 1.577E-09 1.749E-10
749 5.000 1 1.000 8.05145 3.370E+03 1.617E+12 2.084E-09 1.638E-10
964 5.000 1 1.000 7.55608 3.768E+03 2.588E+12 1.456E-09 1.613E-10
808 5.000 1 1.000 7.92802 3.422E+03 1.308E+12 2.615E-09 1.612E-10
539 5.000 1 1.000 8.37554 3.060E+03 3.105E+12 9.856E-10 1.609E-10
159 3.000 1 1.000 10.9487 2.983E+03 5.120E+12 5.826E-10 1.608E-10
29 3.000 1 1.000 12.5398 2.157E+03 1.625E+11 1.327E-08 1.526E-10
634 5.000 1 1.000 8.24681 2.764E+03 2.827E+12 9.776E-10 1.409E-10
97 3.000 1 1.000 11.5476 2.259E+03 2.669E+12 8.464E-10 1.355E-10
516 5.000 1 1.000 8.45888 2.482E+03 1.559E+12 1.592E-09 1.331E-10
628 5.000 1 1.000 8.25148 2.600E+03 6.399E+11 4.063E-09 1.327E-10
568 5.000 1 1.000 8.33103 2.502E+03 8.253E+12 3.032E-10 1.301E-10
538 5.000 1 1.000 8.37689 2.406E+03 2.622E+12 9.175E-10 1.266E-10
360 5.000 1 1.000 8.89682 1.869E+03 2.152E+12 8.683E-10 1.109E-10
173 3.000 1 1.000 10.7768 2.051E+03 3.649E+12 5.622E-10 1.072E-10
563 5.000 1 1.000 8.34157 1.951E+03 8.018E+12 2.433E-10 1.017E-10
289 3.000 1 1.000 9.15567 2.506E+03 1.638E+12 1.530E-09 9.449E-11
894 5.000 1 1.000 7.66034 2.092E+03 1.960E+12 1.068E-09 9.202E-11
221 5.000 1 1.000 10.3921 1.102E+03 1.019E+13 1.082E-10 8.922E-11
983 5.000 1 1.000 7.52439 1.886E+03 1.463E+12 1.289E-09 8.005E-11
811 5.000 1 1.000 7.92346 1.605E+03 8.970E+11 1.789E-09 7.553E-11
398 3.000 1 1.000 8.81079 2.090E+03 9.482E+11 2.204E-09 7.299E-11
139 3.000 1 1.000 11.2069 1.285E+03 1.090E+13 1.179E-10 7.259E-11
471 3.000 1 1.000 8.54615 2.132E+03 2.807E+12 7.594E-10 7.003E-11
279 3.000 1 1.000 9.22576 1.820E+03 1.629E+12 1.117E-09 6.969E-11
446 5.000 1 1.000 8.63287 1.241E+03 2.955E+12 4.198E-10 6.931E-11
347 5.000 1 1.000 8.94089 1.069E+03 1.497E+12 7.139E-10 6.405E-11
198 5.000 1 1.000 10.5277 7.088E+02 1.117E+12 6.344E-10 5.889E-11
309 5.000 1 1.000 9.10091 8.514E+02 3.534E+12 2.409E-10 5.287E-11
106 3.000 1 1.000 11.4967 8.357E+02 4.426E+12 1.888E-10 4.969E-11
447 5.000 1 1.000 8.62954 8.660E+02 2.896E+12 2.991E-10 4.834E-11
469 5.000 1 1.000 8.55961 8.676E+02 6.381E+11 1.360E-09 4.765E-11
224 5.000 1 1.000 10.3148 5.830E+02 2.397E+12 2.432E-10 4.650E-11
590 3.000 1 1.000 8.30281 1.405E+03 1.195E+12 1.175E-09 4.356E-11
201 3.000 1 1.000 10.5131 8.710E+02 3.725E+12 2.338E-10 4.329E-11
735 5.000 1 1.000 8.05505 8.576E+02 1.570E+12 5.463E-10 4.172E-11
234 5.000 1 1.000 10.1954 5.016E+02 1.845E+13 2.719E-11 3.908E-11
799 3.000 1 1.000 7.96864 1.317E+03 7.602E+11 1.732E-09 3.762E-11
756 3.000 1 1.000 8.04569 1.229E+03 3.463E+12 3.548E-10 3.577E-11
612 5.000 1 1.000 8.27450 6.756E+02 1.107E+12 6.104E-10 3.467E-11
750 3.000 1 1.000 8.05118 1.113E+03 3.658E+12 3.043E-10 3.245E-11
851 3.000 1 1.000 7.77527 1.146E+03 1.764E+12 6.498E-10 3.116E-11
929 5.000 1 1.000 7.63106 6.934E+02 5.206E+12 1.332E-10 3.027E-11
192 3.000 1 1.000 10.6128 5.927E+02 4.174E+12 1.420E-10 3.003E-11
136 3.000 1 1.000 11.2298 5.243E+02 1.595E+13 3.287E-11 2.975E-11
648 5.000 1 1.000 8.24341 5.512E+02 1.732E+12 3.182E-10 2.808E-11
834 5.000 1 1.000 7.88887 6.012E+02 1.608E+12 3.739E-10 2.805E-11
527 3.000 1 1.000 8.43948 8.623E+02 2.801E+12 3.079E-10 2.762E-11
678 5.000 1 1.000 8.20752 5.280E+02 2.102E+12 2.512E-10 2.667E-11
791 5.000 1 1.000 7.97852 5.308E+02 1.587E+12 3.344E-10 2.533E-11
926 5.000 1 1.000 7.63659 5.636E+02 4.126E+12 1.366E-10 2.464E-11
882 5.000 1 1.000 7.70622 5.204E+02 7.853E+11 6.627E-10 2.317E-11
180 3.000 1 1.000 10.7060 4.400E+02 3.892E+12 1.131E-10 2.268E-11
407 3.000 1 1.000 8.77570 6.440E+02 3.926E+12 1.640E-10 2.230E-11
650 5.000 1 1.000 8.24212 4.344E+02 2.225E+12 1.952E-10 2.212E-11
334 5.000 1 1.000 9.01739 3.584E+02 2.900E+12 1.236E-10 2.184E-11
340 5.000 1 1.000 9.01253 3.572E+02 2.840E+12 1.258E-10 2.176E-11
455 5.000 1 1.000 8.60162 3.748E+02 6.845E+11 5.475E-10 2.079E-11
169 3.000 1 1.000 10.8691 3.800E+02 4.435E+12 8.568E-11 2.020E-11
531 3.000 1 1.000 8.41546 6.290E+02 2.875E+12 2.187E-10 2.003E-11
622 5.000 1 1.000 8.25687 3.782E+02 2.586E+12 1.463E-10 1.933E-11
849 5.000 1 1.000 7.79869 4.090E+02 5.787E+11 7.068E-10 1.865E-11
474 3.000 1 1.000 8.52987 5.510E+02 6.891E+11 7.995E-10 1.803E-11
588 3.000 1 1.000 8.31348 5.620E+02 1.668E+12 3.369E-10 1.748E-11
711 5.000 1 1.000 8.09902 3.002E+02 9.756E+11 3.077E-10 1.476E-11
889 3.000 1 1.000 7.67569 5.567E+02 1.921E+12 2.898E-10 1.475E-11
78 3.000 1 1.000 11.7115 2.334E+02 1.882E+12 1.240E-10 1.440E-11
147 3.000 1 1.000 11.1303 2.549E+02 9.243E+12 2.758E-11 1.421E-11
787 3.000 1 1.000 7.99347 4.870E+02 2.306E+12 2.112E-10 1.400E-11
187 5.000 1 1.000 10.6864 1.558E+02 2.137E+12 7.292E-11 1.334E-11
674 5.000 1 1.000 8.20937 2.594E+02 1.544E+12 1.680E-10 1.311E-11
592 3.000 1 1.000 8.30087 4.160E+02 2.853E+12 1.458E-10 1.289E-11
354 5.000 1 1.000 8.91457 2.138E+02 2.242E+12 9.538E-11 1.274E-11
837 5.000 1 1.000 7.88736 2.678E+02 1.608E+12 1.665E-10 1.249E-11
156 3.000 1 1.000 10.9693 2.272E+02 1.330E+13 1.709E-11 1.230E-11
350 5.000 1 1.000 8.92502 2.034E+02 1.703E+12 1.195E-10 1.215E-11
884 3.000 1 1.000 7.68647 4.150E+02 1.782E+12 2.329E-10 1.103E-11
141 3.000 1 1.000 11.1798 1.940E+02 7.646E+12 2.537E-11 1.090E-11
625 5.000 1 1.000 8.25488 2.132E+02 2.036E+12 1.047E-10 1.089E-11
89 3.000 1 1.000 11.6026 1.776E+02 8.545E+12 2.079E-11 1.076E-11
776 5.000 1 1.000 8.03690 2.132E+02 1.606E+12 1.327E-10 1.033E-11
963 5.000 1 1.000 7.55901 2.388E+02 1.379E+12 1.732E-10 1.023E-11
377 3.000 1 1.000 8.83732 2.662E+02 6.389E+12 4.166E-11 9.350E-12
434 3.000 1 1.000 8.65876 2.700E+02 9.050E+12 2.983E-11 9.105E-12
164 3.000 1 1.000 10.9325 1.270E+02 1.919E+13 6.618E-12 6.829E-12
958 3.000 1 1.000 7.57811 2.486E+02 1.810E+12 1.373E-10 6.421E-12
601 5.000 1 1.000 8.28457 1.235E+02 1.525E+12 8.103E-11 6.356E-12
168 5.000 1 1.000 10.8798 6.778E+01 2.840E+12 2.387E-11 6.015E-12
91 3.000 1 1.000 11.5916 9.720E+01 2.606E+13 3.730E-12 5.873E-12
718 5.000 1 1.000 8.08106 1.151E+02 1.293E+12 8.908E-11 5.637E-12
854 3.000 1 1.000 7.76525 2.077E+02 2.038E+12 1.019E-10 5.634E-12
109 3.000 1 1.000 11.4880 8.163E+01 1.227E+13 6.655E-12 4.846E-12
478 3.000 1 1.000 8.52363 1.416E+02 2.979E+12 4.752E-11 4.627E-12
369 3.000 1 1.000 8.85175 1.297E+02 6.857E+12 1.892E-11 4.572E-12
406 3.000 1 1.000 8.79184 1.300E+02 1.267E+12 1.026E-10 4.521E-12
153 3.000 1 1.000 10.9962 7.657E+01 1.579E+13 4.850E-12 4.163E-12
426 3.000 1 1.000 8.68054 1.141E+02 6.725E+12 1.696E-11 3.865E-12
697 5.000 1 1.000 8.20220 7.348E+01 6.038E+12 1.217E-11 3.705E-12
197 3.000 1 1.000 10.5529 7.023E+01 3.314E+12 2.119E-11 3.518E-12
961 5.000 1 1.000 7.57096 8.180E+01 7.249E+11 1.128E-10 3.515E-12
722 5.000 1 1.000 8.07363 6.466E+01 1.621E+12 3.990E-11 3.160E-12
273 3.000 1 1.000 9.34016 7.627E+01 2.934E+12 2.599E-11 2.993E-12
386 3.000 1 1.000 8.82845 8.327E+01 6.780E+12 1.228E-11 2.920E-12
814 3.000 1 1.000 7.91470 9.257E+01 3.680E+12 2.516E-11 2.608E-12
430 3.000 1 1.000 8.66625 7.450E+01 4.570E+12 1.630E-11 2.517E-12
589 3.000 1 1.000 8.31317 7.830E+01 2.217E+12 3.531E-11 2.434E-12
312 3.000 1 1.000 9.07574 6.563E+01 6.417E+12 1.023E-11 2.431E-12
249 3.000 1 1.000 9.47038 5.900E+01 7.549E+11 7.816E-11 2.380E-12
504 3.000 1 1.000 8.47856 6.410E+01 1.622E+12 3.951E-11 2.072E-12
536 3.000 1 1.000 8.39529 6.300E+01 2.896E+12 2.175E-11 1.997E-12
613 3.000 1 1.000 8.27014 5.617E+01 2.885E+12 1.947E-11 1.728E-12
213 3.000 1 1.000 10.4358 3.520E+01 4.986E+12 7.060E-12 1.724E-12
302 3.000 1 1.000 9.10674 3.577E+01 2.569E+12 1.392E-11 1.334E-12
885 5.000 1 1.000 7.68551 2.828E+01 1.060E+12 2.667E-11 1.252E-12
323 5.000 1 1.000 9.05584 1.960E+01 2.803E+12 6.994E-12 1.205E-12
298 5.000 1 1.000 9.10849 1.924E+01 2.876E+12 6.690E-12 1.196E-12
802 3.000 1 1.000 7.95365 4.200E+01 9.569E+11 4.389E-11 1.195E-12
317 5.000 1 1.000 9.06331 1.816E+01 2.901E+12 6.259E-12 1.118E-12
729 3.000 1 1.000 8.06292 3.370E+01 3.747E+12 8.994E-12 9.853E-13
629 3.000 1 1.000 8.25127 3.181E+01 4.113E+12 7.734E-12 9.741E-13
967 3.000 1 1.000 7.54866 3.667E+01 1.827E+12 2.007E-11 9.398E-13
325 3.000 1 1.000 9.05197 2.505E+01 9.923E+12 2.525E-12 9.234E-13
327 3.000 1 1.000 9.03460 2.230E+01 6.906E+12 3.229E-12 8.186E-13
714 5.000 1 1.000 8.09263 1.649E+01 1.177E+12 1.401E-11 8.098E-13
896 3.000 1 1.000 7.65943 2.507E+01 1.888E+12 1.328E-11 6.615E-13
416 5.000 1 1.000 8.73907 1.134E+01 2.899E+12 3.911E-12 6.492E-13
957 3.000 1 1.000 7.58346 2.500E+01 1.811E+12 1.380E-11 6.467E-13
763 5.000 1 1.000 8.03959 1.183E+01 1.592E+12 7.435E-12 5.733E-13
209 3.000 1 1.000 10.4694 1.149E+01 4.339E+12 2.647E-12 5.664E-13
512 5.000 1 1.000 8.47555 1.016E+01 9.029E+11 1.125E-11 5.471E-13
658 3.000 1 1.000 8.22322 1.598E+01 4.978E+12 3.211E-12 4.861E-13
395 5.000 1 1.000 8.81156 6.544E+00 2.915E+12 2.245E-12 3.808E-13
617 3.000 1 1.000 8.26467 1.203E+01 1.685E+12 7.136E-12 3.694E-13
436 5.000 1 1.000 8.64794 6.058E+00 2.877E+12 2.105E-12 3.396E-13
585 3.000 1 1.000 8.31741 9.927E+00 2.918E+12 3.402E-12 3.088E-13
123 3.000 1 1.000 11.2809 5.043E+00 2.097E+13 2.405E-13 2.888E-13
522 3.000 1 1.000 8.44929 8.553E+00 2.887E+12 2.962E-12 2.747E-13
867 3.000 1 1.000 7.73551 7.167E+00 1.569E+12 4.568E-12 1.929E-13
64 3.000 1 1.000 11.8797 2.788E+00 2.878E+12 9.689E-13 1.770E-13
564 3.000 1 1.000 8.33895 5.353E+00 2.910E+12 1.840E-12 1.674E-13
727 3.000 1 1.000 8.06670 5.173E+00 4.178E+12 1.238E-12 1.514E-13
913 3.000 1 1.000 7.64512 5.530E+00 1.588E+12 3.483E-12 1.454E-13
365 3.000 1 1.000 8.86128 3.697E+00 8.099E+12 4.564E-13 1.306E-13
820 5.000 1 1.000 7.90139 2.192E+00 1.564E+12 1.401E-12 1.026E-13
818 3.000 1 1.000 7.90247 3.577E+00 2.481E+12 1.442E-12 1.005E-13
621 3.000 1 1.000 8.26156 2.976E+00 2.972E+12 1.001E-12 9.135E-14
343 3.000 1 1.000 9.00403 2.366E+00 9.880E+11 2.394E-12 8.626E-14
954 5.000 1 1.000 7.62513 1.366E+00 8.694E+11 1.572E-12 5.955E-14
663 3.000 1 1.000 8.21652 1.430E+00 3.827E+12 3.735E-13 4.341E-14
826 3.000 1 1.000 7.89952 8.933E-01 4.861E+12 1.838E-13 2.507E-14
876 5.000 1 1.000 7.73310 4.992E-01 8.738E+11 5.713E-13 2.238E-14
987 5.000 1 1.000 7.52081 4.042E-01 3.540E+12 1.142E-13 1.714E-14
581 3.000 1 1.000 8.31866 4.310E-01 2.914E+12 1.479E-13 1.341E-14
939 3.000 1 1.000 7.62637 3.587E-01 1.588E+12 2.259E-13 9.385E-15
919 5.000 1 1.000 7.64404 1.606E-01 8.613E+11 1.865E-13 7.036E-15
698 3.000 1 1.000 8.18681 1.961E-01 2.913E+12 6.731E-14 5.911E-15
988 3.000 1 1.000 7.51397 1.995E-01 1.581E+12 1.262E-13 5.065E-15
973 3.000 1 1.000 7.54505 1.568E-01 1.913E+12 8.194E-14 4.014E-15
707 3.000 1 1.000 8.12521 7.283E-02 7.274E+11 1.001E-13 2.163E-15
780 3.000 1 1.000 8.03557 6.587E-02 8.757E+11 7.522E-14 1.913E-15
684 3.000 1 1.000 8.20642 1.489E-02 8.677E+11 1.716E-14 4.511E-16
994 5.000 1 1.000 7.51148 9.028E-03 8.856E+11 1.019E-14 3.818E-16
948 5.000 1 1.000 7.62542 2.018E-03 8.645E+11 2.334E-15 8.797E-17
937 3.000 1 1.000 7.62687 1.584E-03 1.577E+12 1.005E-15 4.145E-17
