j g(j) i g(i) wl A A^a A/A^a f
17 3.000 1 1.000 23.1110 5.217E+11 1.997E+14 2.612E-03 1.253E-01
20 3.000 1 1.000 23.0506 4.350E+11 4.141E+13 1.050E-02 1.039E-01
22 3.000 1 1.000 22.9805 2.887E+11 1.648E+14 1.752E-03 6.858E-02
41 3.000 1 1.000 21.5316 1.113E+11 1.795E+13 6.201E-03 2.321E-02
46 3.000 1 1.000 21.5096 6.287E+10 1.431E+13 4.394E-03 1.309E-02
122 3.000 1 1.000 21.2073 6.307E+10 1.158E+13 5.445E-03 1.276E-02
219 3.000 1 1.000 21.0865 2.997E+10 4.814E+12 6.225E-03 5.993E-03
337 3.000 1 1.000 21.0132 3.005E+10 4.809E+12 6.248E-03 5.968E-03
83 3.000 1 1.000 21.3581 2.825E+10 5.027E+12 5.620E-03 5.796E-03
587 3.000 1 1.000 20.9720 2.874E+10 7.201E+12 3.991E-03 5.686E-03
37 3.000 1 1.000 21.5836 2.589E+10 1.674E+12 1.547E-02 5.425E-03
91 3.000 1 1.000 21.3250 2.414E+10 9.408E+12 2.566E-03 4.937E-03
463 3.000 1 1.000 20.9788 2.438E+10 8.606E+12 2.832E-03 4.825E-03
116 3.000 1 1.000 21.2242 2.356E+10 2.255E+11 1.045E-01 4.774E-03
88 3.000 1 1.000 21.3425 1.603E+10 5.243E+12 3.058E-03 3.285E-03
224 3.000 1 1.000 21.0794 1.452E+10 5.126E+12 2.833E-03 2.902E-03
361 3.000 1 1.000 21.0087 1.393E+10 2.708E+12 5.144E-03 2.765E-03
437 3.000 1 1.000 20.9969 1.330E+10 2.457E+12 5.412E-03 2.637E-03
95 3.000 1 1.000 21.3138 1.235E+10 6.280E+12 1.967E-03 2.524E-03
98 3.000 1 1.000 21.2854 1.067E+10 4.108E+12 2.597E-03 2.174E-03
443 3.000 1 1.000 20.9929 6.953E+09 1.622E+12 4.286E-03 1.378E-03
740 3.000 1 1.000 20.8519 6.597E+09 6.066E+12 1.087E-03 1.290E-03
217 3.000 1 1.000 21.0947 5.953E+09 4.183E+11 1.423E-02 1.192E-03
884 3.000 1 1.000 20.7976 5.373E+09 3.326E+12 1.615E-03 1.045E-03
162 3.000 1 1.000 21.1668 4.787E+09 1.322E+13 3.619E-04 9.643E-04
730 3.000 1 1.000 20.8642 4.887E+09 7.696E+12 6.350E-04 9.568E-04
657 3.000 1 1.000 20.8934 4.590E+09 3.522E+12 1.303E-03 9.011E-04
1070 3.000 1 1.000 20.7520 4.617E+09 6.801E+12 6.788E-04 8.943E-04
125 3.000 1 1.000 21.2061 4.137E+09 5.635E+12 7.342E-04 8.366E-04
662 3.000 1 1.000 20.8902 3.643E+09 2.624E+12 1.389E-03 7.150E-04
1064 3.000 1 1.000 20.7588 3.510E+09 3.432E+12 1.023E-03 6.804E-04
594 3.000 1 1.000 20.9711 3.041E+09 2.738E+12 1.111E-03 6.016E-04
903 3.000 1 1.000 20.7893 2.867E+09 7.425E+12 3.861E-04 5.573E-04
736 3.000 1 1.000 20.8622 2.674E+09 5.305E+12 5.040E-04 5.234E-04
319 3.000 1 1.000 21.0281 2.456E+09 1.177E+12 2.086E-03 4.884E-04
905 3.000 1 1.000 20.7887 1.857E+09 2.446E+13 7.590E-05 3.609E-04
891 3.000 1 1.000 20.7959 1.788E+09 5.564E+12 3.214E-04 3.478E-04
729 3.000 1 1.000 20.8643 1.446E+09 1.860E+12 7.777E-04 2.832E-04
793 3.000 1 1.000 20.8264 1.391E+09 3.213E+13 4.329E-05 2.713E-04
788 3.000 1 1.000 20.8286 1.291E+09 2.157E+13 5.985E-05 2.519E-04
732 3.000 1 1.000 20.8642 1.147E+09 2.557E+12 4.486E-04 2.246E-04
312 3.000 1 1.000 21.0323 1.059E+09 9.589E+11 1.104E-03 2.107E-04
1067 3.000 1 1.000 20.7573 1.069E+09 3.149E+12 3.395E-04 2.072E-04
317 3.000 1 1.000 21.0286 9.617E+08 7.016E+11 1.371E-03 1.912E-04
214 3.000 1 1.000 21.0959 8.640E+08 7.559E+11 1.143E-03 1.729E-04
742 3.000 1 1.000 20.8494 6.700E+08 4.888E+13 1.371E-05 1.310E-04
38 3.000 1 1.000 21.5780 4.010E+08 4.698E+12 8.536E-05 8.397E-05
90 3.000 1 1.000 21.3419 3.181E+08 4.687E+12 6.788E-05 6.518E-05
325 3.000 1 1.000 21.0263 2.946E+08 5.954E+11 4.948E-04 5.858E-05
900 3.000 1 1.000 20.7906 2.969E+08 1.860E+13 1.596E-05 5.773E-05
1136 3.000 1 1.000 20.7216 2.752E+08 1.748E+13 1.574E-05 5.314E-05
738 3.000 1 1.000 20.8548 2.304E+08 1.782E+13 1.293E-05 4.506E-05
1156 3.000 1 1.000 20.6567 1.497E+08 1.152E+13 1.299E-05 2.872E-05
537 3.000 1 1.000 20.9741 1.245E+08 2.845E+09 4.374E-02 2.463E-05
711 3.000 1 1.000 20.8652 1.118E+08 3.752E+11 2.979E-04 2.189E-05
535 3.000 1 1.000 20.9742 1.013E+08 1.613E+09 6.282E-02 2.005E-05
1180 3.000 1 1.000 20.6191 9.697E+07 9.733E+12 9.963E-06 1.854E-05
526 3.000 1 1.000 20.9755 6.570E+07 1.224E+09 5.367E-02 1.300E-05
601 3.000 1 1.000 20.9651 6.363E+07 9.560E+12 6.656E-06 1.258E-05
25 3.000 1 1.000 22.8076 4.570E+07 1.308E+14 3.493E-07 1.069E-05
113 3.000 1 1.000 21.2328 4.930E+07 1.687E+12 2.923E-05 9.999E-06
323 3.000 1 1.000 21.0272 4.230E+07 5.807E+11 7.284E-05 8.415E-06
398 3.000 1 1.000 21.0064 3.967E+07 1.103E+09 3.595E-02 7.870E-06
898 3.000 1 1.000 20.7929 3.607E+07 2.886E+12 1.250E-05 7.015E-06
402 3.000 1 1.000 21.0062 2.691E+07 8.436E+08 3.190E-02 5.340E-06
201 3.000 1 1.000 21.1500 2.629E+07 7.913E+12 3.322E-06 5.289E-06
748 3.000 1 1.000 20.8389 1.984E+07 1.172E+13 1.693E-06 3.874E-06
393 3.000 1 1.000 21.0075 1.922E+07 7.280E+08 2.640E-02 3.816E-06
1131 3.000 1 1.000 20.7456 1.510E+07 2.954E+13 5.111E-07 2.923E-06
621 3.000 1 1.000 20.9600 1.164E+07 3.291E+10 3.538E-04 2.300E-06
612 3.000 1 1.000 20.9621 1.129E+07 1.576E+09 7.162E-03 2.231E-06
623 3.000 1 1.000 20.9599 1.116E+07 2.801E+10 3.984E-04 2.205E-06
771 3.000 1 1.000 20.8303 1.039E+07 7.103E+10 1.463E-04 2.029E-06
451 3.000 1 1.000 20.9885 9.180E+06 2.851E+11 3.219E-05 1.819E-06
182 3.000 1 1.000 21.1599 6.477E+06 1.272E+09 5.091E-03 1.304E-06
449 3.000 1 1.000 20.9889 5.520E+06 3.626E+11 1.522E-05 1.094E-06
275 3.000 1 1.000 21.0602 4.880E+06 6.931E+08 7.040E-03 9.735E-07
107 3.000 1 1.000 21.2494 4.530E+06 1.414E+13 3.203E-07 9.203E-07
176 3.000 1 1.000 21.1604 4.530E+06 1.264E+09 3.585E-03 9.126E-07
1158 3.000 1 1.000 20.6534 4.027E+06 1.438E+13 2.800E-07 7.724E-07
639 3.000 1 1.000 20.9278 3.573E+06 1.261E+09 2.835E-03 7.039E-07
1182 3.000 1 1.000 20.6167 3.637E+06 2.039E+13 1.783E-07 6.955E-07
267 3.000 1 1.000 21.0610 3.169E+06 6.888E+08 4.601E-03 6.322E-07
1099 3.000 1 1.000 20.7461 3.013E+06 2.899E+10 1.039E-04 5.833E-07
1033 3.000 1 1.000 20.7777 2.511E+06 4.351E+10 5.771E-05 4.876E-07
664 3.000 1 1.000 20.8886 2.439E+06 4.623E+11 5.275E-06 4.787E-07
144 5.000 1 1.000 21.1759 1.363E+06 2.623E+11 5.196E-06 4.582E-07
211 3.000 1 1.000 21.0980 2.087E+06 7.955E+11 2.624E-06 4.179E-07
72 5.000 1 1.000 21.3920 1.202E+06 1.343E+11 8.948E-06 4.122E-07
281 3.000 1 1.000 21.0596 1.673E+06 6.850E+08 2.442E-03 3.337E-07
33 3.000 1 1.000 21.5901 1.545E+06 4.736E+12 3.263E-07 3.240E-07
165 5.000 1 1.000 21.1656 7.878E+05 1.514E+11 5.205E-06 2.646E-07
1032 3.000 1 1.000 20.7779 1.349E+06 2.190E+13 6.162E-08 2.620E-07
76 5.000 1 1.000 21.3734 6.488E+05 1.170E+11 5.548E-06 2.222E-07
61 5.000 1 1.000 21.4056 5.218E+05 9.896E+10 5.273E-06 1.792E-07
246 5.000 1 1.000 21.0643 4.700E+05 6.354E+10 7.397E-06 1.563E-07
109 3.000 1 1.000 21.2369 7.067E+05 1.689E+12 4.184E-07 1.433E-07
155 5.000 1 1.000 21.1693 3.626E+05 5.171E+10 7.012E-06 1.218E-07
189 3.000 1 1.000 21.1582 5.043E+05 1.228E+09 4.106E-04 1.015E-07
351 5.000 1 1.000 21.0102 2.928E+05 2.980E+10 9.826E-06 9.688E-08
874 3.000 1 1.000 20.8121 4.943E+05 1.290E+11 3.831E-06 9.633E-08
628 5.000 1 1.000 20.9376 2.780E+05 1.304E+11 2.131E-06 9.135E-08
624 5.000 1 1.000 20.9421 2.726E+05 3.039E+11 8.969E-07 8.962E-08
852 3.000 1 1.000 20.8129 4.180E+05 1.637E+11 2.554E-06 8.141E-08
872 3.000 1 1.000 20.8122 3.967E+05 8.769E+10 4.524E-06 7.730E-08
583 5.000 1 1.000 20.9737 2.322E+05 5.492E+10 4.228E-06 7.654E-08
454 3.000 1 1.000 20.9872 3.703E+05 2.785E+11 1.330E-06 7.339E-08
749 5.000 1 1.000 20.8387 2.214E+05 7.599E+12 2.913E-08 7.207E-08
179 5.000 1 1.000 21.1603 1.669E+05 8.846E+10 1.887E-06 5.602E-08
796 3.000 1 1.000 20.8222 2.838E+05 1.280E+13 2.218E-08 5.535E-08
277 5.000 1 1.000 21.0598 1.581E+05 4.763E+10 3.320E-06 5.257E-08
753 5.000 1 1.000 20.8363 1.596E+05 1.816E+12 8.792E-08 5.196E-08
238 5.000 1 1.000 21.0672 1.501E+05 2.018E+10 7.435E-06 4.992E-08
588 5.000 1 1.000 20.9717 1.508E+05 9.381E+10 1.608E-06 4.973E-08
435 5.000 1 1.000 21.0045 1.436E+05 8.259E+10 1.739E-06 4.750E-08
924 5.000 1 1.000 20.7828 1.185E+05 8.427E+12 1.406E-08 3.837E-08
1071 5.000 1 1.000 20.7503 1.103E+05 2.430E+12 4.538E-08 3.560E-08
347 5.000 1 1.000 21.0111 9.214E+04 1.378E+10 6.686E-06 3.049E-08
234 5.000 1 1.000 21.0678 9.006E+04 1.779E+10 5.062E-06 2.997E-08
186 5.000 1 1.000 21.1592 8.592E+04 3.484E+11 2.466E-07 2.883E-08
459 5.000 1 1.000 20.9799 7.970E+04 1.482E+10 5.380E-06 2.630E-08
342 5.000 1 1.000 21.0117 6.768E+04 1.258E+10 5.381E-06 2.240E-08
16 5.000 1 1.000 23.4040 5.172E+04 1.108E+14 4.668E-10 2.124E-08
466 5.000 1 1.000 20.9783 6.114E+04 1.451E+10 4.214E-06 2.017E-08
948 5.000 1 1.000 20.7816 5.806E+04 2.116E+12 2.743E-08 1.880E-08
18 5.000 1 1.000 23.1110 4.036E+04 1.992E+14 2.026E-10 1.616E-08
1075 5.000 1 1.000 20.7493 4.698E+04 6.477E+11 7.254E-08 1.516E-08
912 5.000 1 1.000 20.7844 4.396E+04 2.485E+12 1.769E-08 1.424E-08
472 5.000 1 1.000 20.9777 3.686E+04 8.917E+09 4.134E-06 1.216E-08
975 3.000 1 1.000 20.7815 5.600E+04 1.077E+11 5.199E-07 1.088E-08
24 5.000 1 1.000 22.9366 2.650E+04 1.644E+14 1.612E-10 1.045E-08
137 5.000 1 1.000 21.1863 2.818E+04 4.396E+10 6.410E-07 9.481E-09
1011 3.000 1 1.000 20.7810 4.727E+04 5.287E+10 8.940E-07 9.180E-09
462 5.000 1 1.000 20.9792 2.372E+04 5.368E+09 4.419E-06 7.825E-09
332 5.000 1 1.000 21.0176 1.775E+04 1.347E+11 1.318E-07 5.878E-09
23 5.000 1 1.000 22.9803 1.373E+04 1.653E+14 8.309E-11 5.437E-09
592 5.000 1 1.000 20.9712 1.326E+04 5.740E+10 2.310E-07 4.371E-09
598 5.000 1 1.000 20.9660 1.245E+04 3.444E+10 3.614E-07 4.102E-09
926 5.000 1 1.000 20.7824 1.227E+04 2.695E+12 4.552E-09 3.971E-09
158 5.000 1 1.000 21.1685 1.152E+04 2.938E+10 3.922E-07 3.870E-09
1014 3.000 1 1.000 20.7810 1.935E+04 1.085E+11 1.784E-07 3.759E-09
141 5.000 1 1.000 21.1772 9.416E+03 1.611E+10 5.845E-07 3.166E-09
39 5.000 1 1.000 21.5775 5.546E+03 4.730E+12 1.172E-09 1.935E-09
675 5.000 1 1.000 20.8718 5.534E+03 1.930E+13 2.867E-10 1.807E-09
34 5.000 1 1.000 21.5896 5.106E+03 4.732E+12 1.079E-09 1.784E-09
66 5.000 1 1.000 21.4007 4.654E+03 2.787E+10 1.670E-07 1.598E-09
44 5.000 1 1.000 21.5221 3.662E+03 6.267E+12 5.843E-10 1.272E-09
54 5.000 1 1.000 21.4522 3.684E+03 6.767E+12 5.444E-10 1.271E-09
92 5.000 1 1.000 21.3248 3.654E+03 9.473E+12 3.857E-10 1.246E-09
119 5.000 1 1.000 21.2087 3.392E+03 6.676E+10 5.081E-08 1.144E-09
42 5.000 1 1.000 21.5308 2.888E+03 1.799E+13 1.606E-10 1.004E-09
106 5.000 1 1.000 21.2584 2.926E+03 2.669E+13 1.096E-10 9.911E-10
923 5.000 1 1.000 20.7830 3.008E+03 4.028E+12 7.468E-10 9.740E-10
756 5.000 1 1.000 20.8348 2.682E+03 5.737E+12 4.675E-10 8.730E-10
110 5.000 1 1.000 21.2364 2.268E+03 1.688E+12 1.344E-09 7.668E-10
124 5.000 1 1.000 21.2066 2.248E+03 1.100E+13 2.044E-10 7.578E-10
438 5.000 1 1.000 20.9964 1.941E+03 2.483E+12 7.815E-10 6.413E-10
114 5.000 1 1.000 21.2322 1.819E+03 1.686E+12 1.079E-09 6.148E-10
117 5.000 1 1.000 21.2120 1.704E+03 2.844E+12 5.991E-10 5.746E-10
150 5.000 1 1.000 21.1723 1.605E+03 1.620E+10 9.904E-08 5.392E-10
49 5.000 1 1.000 21.4932 1.544E+03 8.459E+12 1.825E-10 5.347E-10
467 5.000 1 1.000 20.9782 1.606E+03 8.186E+12 1.962E-10 5.298E-10
887 5.000 1 1.000 20.7961 1.625E+03 1.193E+13 1.362E-10 5.270E-10
227 5.000 1 1.000 21.0758 1.503E+03 2.813E+12 5.343E-10 5.005E-10
585 5.000 1 1.000 20.9729 1.463E+03 1.365E+13 1.072E-10 4.824E-10
212 5.000 1 1.000 21.0976 1.392E+03 7.960E+11 1.748E-09 4.643E-10
733 5.000 1 1.000 20.8638 1.327E+03 1.151E+13 1.153E-10 4.329E-10
921 5.000 1 1.000 20.7832 1.233E+03 1.212E+12 1.018E-09 3.993E-10
1016 5.000 1 1.000 20.7803 1.196E+03 3.939E+12 3.036E-10 3.870E-10
31 5.000 1 1.000 21.6583 8.856E+02 1.612E+13 5.492E-11 3.114E-10
221 5.000 1 1.000 21.0849 9.214E+02 1.140E+12 8.079E-10 3.071E-10
1072 5.000 1 1.000 20.7501 9.428E+02 1.742E+13 5.413E-11 3.043E-10
244 5.000 1 1.000 21.0648 9.134E+02 1.647E+10 5.546E-08 3.039E-10
47 5.000 1 1.000 21.5090 8.732E+02 1.439E+13 6.069E-11 3.028E-10
96 5.000 1 1.000 21.3125 8.568E+02 6.570E+12 1.304E-10 2.917E-10
688 5.000 1 1.000 20.8676 8.404E+02 7.597E+12 1.106E-10 2.743E-10
220 5.000 1 1.000 21.0858 8.146E+02 4.672E+12 1.744E-10 2.715E-10
318 5.000 1 1.000 21.0281 7.962E+02 4.636E+11 1.717E-09 2.639E-10
331 3.000 1 1.000 21.0176 1.321E+03 9.556E+11 1.382E-09 2.624E-10
216 5.000 1 1.000 21.0952 7.410E+02 7.938E+11 9.335E-10 2.472E-10
885 5.000 1 1.000 20.7972 7.600E+02 4.966E+12 1.530E-10 2.464E-10
739 5.000 1 1.000 20.8535 7.468E+02 1.039E+13 7.188E-11 2.435E-10
452 5.000 1 1.000 20.9883 7.364E+02 2.648E+11 2.781E-09 2.432E-10
355 5.000 1 1.000 21.0092 7.154E+02 1.067E+10 6.708E-08 2.367E-10
1065 5.000 1 1.000 20.7583 6.592E+02 3.500E+12 1.883E-10 2.129E-10
496 5.000 1 1.000 20.9760 6.358E+02 1.140E+10 5.576E-08 2.097E-10
84 5.000 1 1.000 21.3575 6.118E+02 4.809E+12 1.272E-10 2.092E-10
133 5.000 1 1.000 21.1957 6.152E+02 8.552E+10 7.194E-09 2.072E-10
595 5.000 1 1.000 20.9710 6.258E+02 9.197E+12 6.805E-11 2.063E-10
82 5.000 1 1.000 21.3601 5.630E+02 2.631E+12 2.140E-10 1.926E-10
330 5.000 1 1.000 21.0199 5.586E+02 6.395E+11 8.735E-10 1.850E-10
458 5.000 1 1.000 20.9818 5.530E+02 6.006E+11 9.208E-10 1.825E-10
199 5.000 1 1.000 21.1519 5.276E+02 2.310E+11 2.284E-09 1.769E-10
135 5.000 1 1.000 21.1956 4.530E+02 1.178E+11 3.844E-09 1.526E-10
1079 5.000 1 1.000 20.7479 4.084E+02 2.273E+12 1.797E-10 1.318E-10
799 5.000 1 1.000 20.8167 4.044E+02 1.197E+13 3.379E-11 1.314E-10
631 5.000 1 1.000 20.9361 3.338E+02 1.361E+11 2.452E-09 1.097E-10
745 5.000 1 1.000 20.8424 3.088E+02 2.537E+12 1.217E-10 1.006E-10
324 5.000 1 1.000 21.0263 2.784E+02 5.025E+11 5.540E-10 9.226E-11
1010 5.000 1 1.000 20.7811 2.814E+02 8.664E+12 3.248E-11 9.107E-11
87 5.000 1 1.000 21.3427 2.656E+02 5.197E+12 5.111E-11 9.068E-11
892 5.000 1 1.000 20.7958 2.710E+02 5.436E+12 4.985E-11 8.787E-11
455 5.000 1 1.000 20.9868 2.302E+02 2.695E+11 8.542E-10 7.599E-11
446 5.000 1 1.000 20.9919 2.276E+02 1.564E+12 1.455E-10 7.519E-11
321 5.000 1 1.000 21.0275 2.004E+02 1.795E+12 1.116E-10 6.644E-11
225 5.000 1 1.000 21.0787 1.926E+02 5.234E+12 3.680E-11 6.414E-11
901 5.000 1 1.000 20.7905 1.857E+02 1.886E+13 9.846E-12 6.016E-11
340 5.000 1 1.000 21.0126 1.758E+02 4.794E+12 3.667E-11 5.818E-11
338 5.000 1 1.000 21.0132 1.654E+02 5.661E+09 2.922E-08 5.476E-11
658 5.000 1 1.000 20.8933 1.668E+02 3.631E+12 4.594E-11 5.459E-11
957 5.000 1 1.000 20.7816 1.611E+02 3.922E+12 4.108E-11 5.216E-11
681 5.000 1 1.000 20.8703 1.590E+02 2.602E+12 6.109E-11 5.190E-11
163 5.000 1 1.000 21.1668 1.412E+02 1.312E+13 1.076E-11 4.741E-11
795 5.000 1 1.000 20.8242 1.445E+02 1.203E+13 1.201E-11 4.696E-11
1142 5.000 1 1.000 20.6963 1.350E+02 3.738E+12 3.612E-11 4.335E-11
105 5.000 1 1.000 21.2602 1.243E+02 6.136E+12 2.026E-11 4.212E-11
70 5.000 1 1.000 21.3971 1.197E+02 5.472E+10 2.187E-09 4.107E-11
1012 5.000 1 1.000 20.7810 1.237E+02 3.056E+12 4.047E-11 4.004E-11
1061 5.000 1 1.000 20.7635 1.199E+02 1.025E+12 1.171E-10 3.876E-11
684 5.000 1 1.000 20.8702 1.173E+02 8.964E+12 1.309E-11 3.831E-11
589 5.000 1 1.000 20.9713 1.161E+02 5.435E+10 2.136E-09 3.828E-11
789 5.000 1 1.000 20.8285 1.173E+02 2.449E+13 4.789E-12 3.814E-11
649 5.000 1 1.000 20.9186 1.127E+02 1.282E+12 8.796E-11 3.698E-11
548 5.000 1 1.000 20.9739 1.034E+02 1.342E+08 7.705E-07 3.410E-11
906 5.000 1 1.000 20.7887 1.047E+02 2.590E+13 4.044E-12 3.393E-11
314 5.000 1 1.000 21.0319 9.302E+01 9.936E+11 9.362E-11 3.085E-11
1164 5.000 1 1.000 20.6428 9.610E+01 9.832E+12 9.774E-12 3.070E-11
966 5.000 1 1.000 20.7815 8.814E+01 2.158E+10 4.084E-09 2.854E-11
877 5.000 1 1.000 20.8062 8.698E+01 1.722E+12 5.050E-11 2.822E-11
1058 5.000 1 1.000 20.7756 8.504E+01 2.070E+12 4.109E-11 2.751E-11
737 5.000 1 1.000 20.8614 8.140E+01 5.990E+12 1.359E-11 2.655E-11
743 5.000 1 1.000 20.8494 8.070E+01 4.771E+13 1.691E-12 2.630E-11
1132 5.000 1 1.000 20.7445 7.978E+01 2.019E+12 3.952E-11 2.574E-11
883 5.000 1 1.000 20.7983 7.646E+01 4.075E+12 1.876E-11 2.479E-11
794 5.000 1 1.000 20.8264 7.450E+01 3.085E+13 2.415E-12 2.422E-11
542 5.000 1 1.000 20.9740 7.120E+01 1.310E+08 5.435E-07 2.348E-11
335 5.000 1 1.000 21.0166 7.018E+01 1.593E+11 4.406E-10 2.324E-11
893 5.000 1 1.000 20.7951 7.146E+01 4.099E+12 1.743E-11 2.316E-11
1186 5.000 1 1.000 20.6107 6.754E+01 6.029E+12 1.120E-11 2.151E-11
811 5.000 1 1.000 20.8142 6.388E+01 4.448E+12 1.436E-11 2.075E-11
1140 5.000 1 1.000 20.6965 6.244E+01 6.637E+12 9.408E-12 2.005E-11
663 5.000 1 1.000 20.8901 5.058E+01 2.712E+12 1.865E-11 1.655E-11
660 5.000 1 1.000 20.8909 4.458E+01 7.529E+11 5.921E-11 1.458E-11
668 5.000 1 1.000 20.8820 4.284E+01 1.001E+12 4.281E-11 1.400E-11
1162 5.000 1 1.000 20.6428 4.242E+01 1.020E+13 4.160E-12 1.355E-11
790 5.000 1 1.000 20.8284 4.132E+01 3.813E+12 1.084E-11 1.344E-11
647 5.000 1 1.000 20.9237 3.878E+01 2.888E+11 1.343E-10 1.273E-11
26 3.000 1 1.000 21.7138 5.667E+01 7.131E+12 7.947E-12 1.202E-11
880 5.000 1 1.000 20.7997 3.522E+01 2.235E+12 1.576E-11 1.142E-11
1069 5.000 1 1.000 20.7564 3.492E+01 3.837E+12 9.100E-12 1.128E-11
1005 5.000 1 1.000 20.7813 3.366E+01 6.031E+09 5.581E-09 1.090E-11
808 5.000 1 1.000 20.8158 2.598E+01 4.622E+12 5.621E-12 8.442E-12
1184 5.000 1 1.000 20.6108 2.530E+01 6.410E+12 3.947E-12 8.055E-12
806 5.000 1 1.000 20.8160 2.384E+01 2.282E+12 1.045E-11 7.747E-12
51 5.000 1 1.000 21.4628 1.975E+01 1.379E+13 1.433E-12 6.821E-12
329 5.000 1 1.000 21.0228 1.866E+01 2.934E+11 6.359E-11 6.181E-12
372 5.000 1 1.000 21.0083 1.814E+01 2.780E+12 6.526E-12 6.001E-12
1135 5.000 1 1.000 20.7217 1.808E+01 1.679E+13 1.077E-12 5.820E-12
209 5.000 1 1.000 21.1074 1.722E+01 3.078E+12 5.593E-12 5.750E-12
1009 5.000 1 1.000 20.7812 1.604E+01 1.065E+10 1.506E-09 5.192E-12
53 3.000 1 1.000 21.4536 2.349E+01 6.769E+12 3.471E-12 4.864E-12
747 5.000 1 1.000 20.8396 1.464E+01 2.625E+12 5.576E-12 4.766E-12
448 5.000 1 1.000 20.9898 1.410E+01 1.292E+12 1.091E-11 4.657E-12
933 5.000 1 1.000 20.7818 1.346E+01 2.004E+11 6.717E-11 4.358E-12
500 5.000 1 1.000 20.9757 1.282E+01 1.488E+10 8.615E-10 4.227E-12
100 3.000 1 1.000 21.2794 1.944E+01 2.387E+12 8.145E-12 3.959E-12
1083 5.000 1 1.000 20.7478 9.808E+00 9.056E+10 1.083E-10 3.165E-12
57 5.000 1 1.000 21.4137 8.958E+00 2.633E+10 3.403E-10 3.079E-12
301 3.000 1 1.000 21.0393 1.378E+01 2.016E+12 6.837E-12 2.744E-12
713 5.000 1 1.000 20.8652 8.228E+00 1.884E+11 4.367E-11 2.685E-12
529 5.000 1 1.000 20.9754 7.856E+00 4.082E+09 1.925E-09 2.591E-12
728 5.000 1 1.000 20.8643 7.618E+00 3.324E+11 2.292E-11 2.486E-12
558 5.000 1 1.000 20.9739 6.952E+00 1.957E+09 3.552E-09 2.292E-12
1155 5.000 1 1.000 20.6567 6.776E+00 1.175E+13 5.769E-13 2.167E-12
1100 5.000 1 1.000 20.7461 6.624E+00 3.075E+10 2.154E-10 2.137E-12
30 3.000 1 1.000 21.6600 1.008E+01 1.623E+13 6.212E-13 2.127E-12
1022 5.000 1 1.000 20.7792 6.450E+00 1.374E+11 4.695E-11 2.088E-12
55 3.000 1 1.000 21.4311 9.453E+00 1.069E+13 8.846E-13 1.953E-12
204 3.000 1 1.000 21.1176 9.137E+00 1.085E+12 8.422E-12 1.833E-12
988 5.000 1 1.000 20.7814 4.880E+00 1.334E+11 3.657E-11 1.580E-12
1179 5.000 1 1.000 20.6191 3.988E+00 8.488E+12 4.699E-13 1.271E-12
1034 5.000 1 1.000 20.7777 3.898E+00 3.403E+10 1.146E-10 1.261E-12
311 5.000 1 1.000 21.0323 3.668E+00 1.880E+12 1.951E-12 1.216E-12
479 5.000 1 1.000 20.9766 3.658E+00 1.262E+09 2.898E-09 1.206E-12
775 5.000 1 1.000 20.8297 3.624E+00 5.288E+09 6.854E-10 1.178E-12
1038 5.000 1 1.000 20.7774 3.220E+00 4.412E+09 7.298E-10 1.042E-12
242 5.000 1 1.000 21.0654 2.996E+00 4.905E+12 6.109E-13 9.965E-13
667 3.000 1 1.000 20.8835 4.960E+00 1.052E+12 4.713E-12 9.729E-13
539 5.000 1 1.000 20.9741 2.832E+00 3.951E+08 7.169E-09 9.340E-13
1103 5.000 1 1.000 20.7459 2.790E+00 3.257E+09 8.566E-10 9.002E-13
527 5.000 1 1.000 20.9754 2.714E+00 1.294E+08 2.098E-08 8.954E-13
126 5.000 1 1.000 21.2053 2.638E+00 6.469E+12 4.078E-13 8.892E-13
615 5.000 1 1.000 20.9621 2.614E+00 6.974E+09 3.748E-10 8.609E-13
286 5.000 1 1.000 21.0594 2.516E+00 3.452E+08 7.289E-09 8.362E-13
104 3.000 1 1.000 21.2618 3.680E+00 6.148E+12 5.986E-13 7.482E-13
440 3.000 1 1.000 20.9950 3.153E+00 3.517E+11 8.964E-12 6.250E-13
876 3.000 1 1.000 20.8077 3.036E+00 1.906E+12 1.593E-12 5.912E-13
313 3.000 1 1.000 21.0320 2.921E+00 3.820E+12 7.647E-13 5.812E-13
1115 5.000 1 1.000 20.7458 1.783E+00 4.270E+10 4.176E-11 5.754E-13
712 5.000 1 1.000 20.8652 1.484E+00 3.047E+11 4.870E-12 4.844E-13
724 5.000 1 1.000 20.8649 1.369E+00 8.494E+09 1.612E-10 4.467E-13
620 5.000 1 1.000 20.9600 1.329E+00 1.262E+10 1.053E-10 4.376E-13
727 5.000 1 1.000 20.8648 1.282E+00 1.769E+10 7.250E-11 4.185E-13
280 5.000 1 1.000 21.0597 1.250E+00 3.493E+08 3.579E-09 4.156E-13
1060 3.000 1 1.000 20.7651 2.057E+00 1.077E+12 1.911E-12 3.990E-13
208 3.000 1 1.000 21.1091 1.926E+00 3.077E+12 6.260E-13 3.861E-13
651 5.000 1 1.000 20.9136 1.077E+00 2.366E+12 4.551E-13 3.530E-13
271 5.000 1 1.000 21.0608 1.006E+00 3.443E+08 2.923E-09 3.346E-13
302 3.000 1 1.000 21.0391 1.292E+00 7.364E+11 1.754E-12 2.572E-13
304 5.000 1 1.000 21.0379 7.430E-01 2.101E+12 3.537E-13 2.465E-13
441 5.000 1 1.000 20.9941 6.474E-01 3.537E+11 1.830E-12 2.139E-13
640 5.000 1 1.000 20.9278 6.164E-01 1.254E+09 4.917E-10 2.024E-13
178 5.000 1 1.000 21.1604 6.004E-01 1.254E+09 4.786E-10 2.015E-13
394 5.000 1 1.000 21.0075 5.966E-01 2.010E+08 2.969E-09 1.974E-13
671 3.000 1 1.000 20.8798 8.587E-01 2.148E+12 3.997E-13 1.684E-13
1006 5.000 1 1.000 20.7813 4.924E-01 4.640E+09 1.061E-10 1.594E-13
303 5.000 1 1.000 21.0382 4.774E-01 6.445E+11 7.408E-13 1.584E-13
1046 5.000 1 1.000 20.7772 4.718E-01 5.430E+10 8.689E-12 1.527E-13
230 5.000 1 1.000 21.0702 4.164E-01 8.722E+09 4.774E-11 1.386E-13
447 3.000 1 1.000 20.9915 6.383E-01 1.312E+12 4.865E-13 1.265E-13
203 5.000 1 1.000 21.1332 3.636E-01 4.360E+11 8.339E-13 1.217E-13
867 5.000 1 1.000 20.8127 3.510E-01 6.793E+09 5.167E-11 1.140E-13
707 5.000 1 1.000 20.8654 2.960E-01 2.510E+10 1.179E-11 9.663E-14
268 5.000 1 1.000 21.0609 2.846E-01 6.829E+08 4.167E-10 9.464E-14
412 5.000 1 1.000 21.0060 2.636E-01 2.021E+08 1.304E-09 8.720E-14
205 5.000 1 1.000 21.1167 2.244E-01 1.087E+12 2.064E-13 7.500E-14
878 3.000 1 1.000 20.8049 3.179E-01 1.448E+12 2.195E-13 6.189E-14
895 5.000 1 1.000 20.7931 1.630E-01 3.461E+12 4.710E-14 5.283E-14
405 5.000 1 1.000 21.0061 1.277E-01 2.035E+08 6.277E-10 4.224E-14
870 5.000 1 1.000 20.8126 1.287E-01 1.455E+10 8.843E-12 4.178E-14
841 5.000 1 1.000 20.8130 1.280E-01 2.127E+10 6.017E-12 4.155E-14
282 5.000 1 1.000 21.0596 1.214E-01 6.735E+08 1.802E-10 4.036E-14
613 5.000 1 1.000 20.9621 1.190E-01 1.863E+09 6.386E-11 3.919E-14
375 5.000 1 1.000 21.0078 1.126E-01 3.429E+09 3.285E-11 3.727E-14
308 5.000 1 1.000 21.0332 1.098E-01 5.069E+12 2.166E-14 3.642E-14
307 3.000 1 1.000 21.0339 1.603E-01 1.846E+12 8.683E-14 3.189E-14
1062 3.000 1 1.000 20.7628 1.375E-01 9.415E+11 1.460E-13 2.665E-14
417 5.000 1 1.000 21.0060 7.708E-02 7.005E+08 1.100E-10 2.550E-14
403 5.000 1 1.000 21.0062 5.972E-02 4.272E+08 1.398E-10 1.976E-14
27 5.000 1 1.000 21.7128 5.554E-02 7.132E+12 7.787E-15 1.963E-14
396 5.000 1 1.000 21.0075 5.132E-02 1.052E+09 4.880E-11 1.698E-14
190 5.000 1 1.000 21.1581 4.288E-02 1.217E+09 3.522E-11 1.439E-14
78 5.000 1 1.000 21.3704 3.434E-02 1.452E+13 2.365E-15 1.176E-14
772 5.000 1 1.000 20.8302 3.264E-02 6.378E+10 5.117E-13 1.062E-14
56 3.000 1 1.000 21.4140 4.567E-02 2.636E+10 1.732E-12 9.416E-15
782 5.000 1 1.000 20.8293 2.862E-02 8.527E+10 3.356E-13 9.305E-15
760 5.000 1 1.000 20.8318 2.240E-02 5.115E+12 4.380E-15 7.285E-15
608 5.000 1 1.000 20.9641 2.052E-02 1.298E+09 1.581E-11 6.758E-15
694 5.000 1 1.000 20.8662 1.819E-02 2.664E+11 6.827E-14 5.937E-15
689 3.000 1 1.000 20.8676 2.802E-02 2.977E+12 9.413E-15 5.489E-15
498 3.000 1 1.000 20.9758 2.767E-02 1.297E+10 2.133E-12 5.477E-15
140 3.000 1 1.000 21.1775 2.562E-02 1.491E+10 1.719E-12 5.169E-15
229 3.000 1 1.000 21.0704 1.511E-02 8.657E+09 1.746E-12 3.018E-15
599 3.000 1 1.000 20.9660 1.511E-02 3.199E+10 4.724E-13 2.988E-15
851 5.000 1 1.000 20.8129 8.602E-03 1.818E+11 4.731E-14 2.793E-15
198 3.000 1 1.000 21.1523 1.360E-02 2.288E+11 5.944E-14 2.737E-15
183 3.000 1 1.000 21.1598 1.358E-02 9.833E+10 1.381E-13 2.735E-15
193 5.000 1 1.000 21.1577 8.148E-03 1.208E+09 6.747E-12 2.734E-15
138 3.000 1 1.000 21.1860 1.353E-02 4.417E+10 3.064E-13 2.732E-15
71 3.000 1 1.000 21.3968 1.200E-02 5.345E+10 2.245E-13 2.471E-15
97 3.000 1 1.000 21.3116 1.154E-02 8.310E+12 1.389E-15 2.357E-15
627 3.000 1 1.000 20.9393 1.152E-02 4.695E+10 2.453E-13 2.271E-15
358 5.000 1 1.000 21.0087 6.748E-03 4.396E+08 1.535E-11 2.233E-15
1084 3.000 1 1.000 20.7477 1.095E-02 1.091E+12 1.003E-14 2.120E-15
762 5.000 1 1.000 20.8317 6.424E-03 3.746E+11 1.715E-14 2.089E-15
159 3.000 1 1.000 21.1681 1.032E-02 2.955E+10 3.492E-13 2.080E-15
751 3.000 1 1.000 20.8373 1.049E-02 6.423E+12 1.634E-15 2.049E-15
629 3.000 1 1.000 20.9370 1.023E-02 1.600E+11 6.393E-14 2.017E-15
245 3.000 1 1.000 21.0645 1.005E-02 1.686E+10 5.964E-13 2.006E-15
357 3.000 1 1.000 21.0090 9.770E-03 1.147E+10 8.519E-13 1.939E-15
101 5.000 1 1.000 21.2784 5.592E-03 2.387E+12 2.342E-15 1.898E-15
652 5.000 1 1.000 20.8992 5.196E-03 2.424E+12 2.144E-15 1.701E-15
336 3.000 1 1.000 21.0134 8.450E-03 5.460E+09 1.548E-12 1.678E-15
934 3.000 1 1.000 20.7818 8.603E-03 4.461E+12 1.929E-15 1.671E-15
240 3.000 1 1.000 21.0664 8.127E-03 2.678E+10 3.035E-13 1.622E-15
1074 3.000 1 1.000 20.7498 8.137E-03 2.829E+12 2.876E-15 1.576E-15
871 5.000 1 1.000 20.8123 4.306E-03 1.136E+11 3.792E-14 1.398E-15
686 3.000 1 1.000 20.8677 7.117E-03 5.973E+12 1.192E-15 1.394E-15
167 3.000 1 1.000 21.1626 6.590E-03 5.514E+10 1.195E-13 1.328E-15
473 3.000 1 1.000 20.9772 6.103E-03 1.531E+10 3.986E-13 1.208E-15
259 5.000 1 1.000 21.0615 3.454E-03 7.002E+08 4.933E-12 1.148E-15
164 3.000 1 1.000 21.1659 5.537E-03 1.522E+11 3.638E-14 1.115E-15
927 3.000 1 1.000 20.7823 5.630E-03 1.410E+12 3.992E-15 1.094E-15
461 3.000 1 1.000 20.9794 5.480E-03 3.699E+09 1.481E-12 1.085E-15
174 5.000 1 1.000 21.1610 3.216E-03 1.280E+09 2.513E-12 1.079E-15
64 3.000 1 1.000 21.4007 5.177E-03 2.738E+10 1.891E-13 1.066E-15
75 3.000 1 1.000 21.3737 4.330E-03 1.158E+11 3.738E-14 8.901E-16
597 3.000 1 1.000 20.9676 3.813E-03 6.672E+10 5.715E-14 7.544E-16
757 3.000 1 1.000 20.8346 3.640E-03 2.917E+12 1.248E-15 7.108E-16
291 5.000 1 1.000 21.0592 1.829E-03 6.832E+08 2.677E-12 6.081E-16
655 3.000 1 1.000 20.8979 2.907E-03 2.735E+12 1.063E-15 5.710E-16
812 3.000 1 1.000 20.8141 2.712E-03 2.578E+12 1.052E-15 5.285E-16
754 3.000 1 1.000 20.8356 2.521E-03 5.327E+12 4.732E-16 4.922E-16
62 3.000 1 1.000 21.4047 2.349E-03 1.029E+11 2.283E-14 4.842E-16
236 3.000 1 1.000 21.0678 2.147E-03 1.132E+10 1.896E-13 4.287E-16
855 5.000 1 1.000 20.8129 1.272E-03 8.952E+10 1.421E-14 4.131E-16
1017 3.000 1 1.000 20.7802 1.989E-03 4.249E+12 4.680E-16 3.862E-16
149 3.000 1 1.000 21.1724 1.713E-03 1.561E+10 1.098E-13 3.454E-16
1133 3.000 1 1.000 20.7433 1.765E-03 3.952E+12 4.467E-16 3.417E-16
434 3.000 1 1.000 21.0048 1.456E-03 8.829E+10 1.649E-14 2.890E-16
273 3.000 1 1.000 21.0603 1.376E-03 4.752E+10 2.895E-14 2.745E-16
633 3.000 1 1.000 20.9360 1.171E-03 8.039E+10 1.456E-14 2.308E-16
48 3.000 1 1.000 21.4933 1.094E-03 8.461E+12 1.293E-16 2.272E-16
1153 3.000 1 1.000 20.6685 9.203E-04 9.100E+12 1.011E-16 1.768E-16
1078 3.000 1 1.000 20.7481 8.990E-04 1.421E+12 6.328E-16 1.741E-16
809 3.000 1 1.000 20.8143 6.963E-04 2.952E+12 2.359E-16 1.357E-16
1177 3.000 1 1.000 20.6264 5.713E-04 5.798E+12 9.853E-17 1.093E-16
919 3.000 1 1.000 20.7835 4.717E-04 2.440E+12 1.933E-16 9.162E-17
170 5.000 1 1.000 21.1616 2.728E-04 1.279E+09 2.133E-13 9.155E-17
1019 3.000 1 1.000 20.7800 4.390E-04 5.925E+11 7.410E-16 8.525E-17
960 3.000 1 1.000 20.7816 2.629E-04 1.949E+12 1.349E-16 5.106E-17
545 5.000 1 1.000 20.9739 1.305E-04 8.449E+07 1.545E-12 4.303E-17
333 3.000 1 1.000 21.0175 1.931E-04 1.392E+11 1.387E-15 3.837E-17
606 3.000 1 1.000 20.9642 1.690E-04 4.535E+10 3.726E-15 3.340E-17
907 5.000 1 1.000 20.7871 9.864E-05 1.050E+12 9.393E-17 3.195E-17
249 5.000 1 1.000 21.0623 6.224E-05 6.967E+08 8.933E-14 2.070E-17
540 3.000 1 1.000 20.9740 1.003E-04 5.325E+10 1.883E-15 1.984E-17
132 3.000 1 1.000 21.1957 8.690E-05 6.706E+10 1.296E-15 1.756E-17
920 3.000 1 1.000 20.7832 8.950E-05 3.123E+12 2.866E-17 1.739E-17
157 3.000 1 1.000 21.1686 7.603E-05 4.818E+10 1.578E-15 1.533E-17
226 3.000 1 1.000 21.0759 7.480E-05 2.815E+12 2.657E-17 1.494E-17
643 5.000 1 1.000 20.9256 2.726E-05 2.179E+09 1.251E-14 8.950E-18
153 3.000 1 1.000 21.1709 4.417E-05 2.001E+11 2.208E-16 8.904E-18
1141 3.000 1 1.000 20.6965 4.270E-05 9.887E+12 4.319E-18 8.225E-18
879 3.000 1 1.000 20.7998 4.003E-05 2.031E+12 1.971E-17 7.793E-18
888 3.000 1 1.000 20.7961 3.780E-05 1.786E+13 2.117E-18 7.352E-18
344 3.000 1 1.000 21.0116 3.363E-05 7.372E+09 4.562E-15 6.680E-18
817 5.000 1 1.000 20.8135 1.770E-05 1.689E+11 1.048E-16 5.748E-18
636 5.000 1 1.000 20.9291 1.646E-05 1.319E+09 1.247E-14 5.404E-18
648 3.000 1 1.000 20.9187 2.516E-05 1.282E+12 1.963E-17 4.953E-18
823 3.000 1 1.000 20.8132 2.193E-05 1.860E+12 1.179E-17 4.272E-18
1163 3.000 1 1.000 20.6428 1.843E-05 8.194E+12 2.250E-18 3.533E-18
136 3.000 1 1.000 21.1881 1.598E-05 1.002E+11 1.594E-16 3.228E-18
805 3.000 1 1.000 20.8160 1.575E-05 2.775E+12 5.677E-18 3.070E-18
1143 5.000 1 1.000 20.6915 6.978E-06 5.473E+11 1.275E-17 2.240E-18
590 3.000 1 1.000 20.9713 1.089E-05 4.012E+10 2.715E-16 2.154E-18
1185 3.000 1 1.000 20.6108 1.062E-05 4.961E+12 2.141E-18 2.030E-18
682 3.000 1 1.000 20.8703 8.580E-06 5.968E+12 1.438E-18 1.681E-18
468 3.000 1 1.000 20.9781 6.420E-06 7.138E+09 8.994E-16 1.270E-18
1008 3.000 1 1.000 20.7812 6.097E-06 1.154E+10 5.283E-16 1.184E-18
349 3.000 1 1.000 21.0104 4.980E-06 1.738E+10 2.866E-16 9.890E-19
744 3.000 1 1.000 20.8425 2.337E-06 1.549E+12 1.509E-18 4.567E-19
1165 5.000 1 1.000 20.6399 1.060E-06 1.580E+12 6.709E-19 3.385E-19
541 3.000 1 1.000 20.9740 7.787E-07 7.392E+08 1.053E-15 1.541E-19
706 3.000 1 1.000 20.8654 7.190E-07 2.620E+12 2.744E-19 1.408E-19
1187 5.000 1 1.000 20.6089 3.560E-07 1.014E+12 3.512E-19 1.134E-19
408 5.000 1 1.000 21.0060 2.832E-07 1.338E+08 2.116E-15 9.368E-20
863 5.000 1 1.000 20.8127 2.168E-07 1.159E+09 1.871E-16 7.040E-20
404 3.000 1 1.000 21.0061 2.071E-07 2.035E+08 1.018E-15 4.110E-20
279 3.000 1 1.000 21.0597 1.083E-07 3.493E+08 3.101E-16 2.161E-20
869 3.000 1 1.000 20.8126 7.633E-08 1.569E+10 4.866E-18 1.487E-20
726 3.000 1 1.000 20.8648 9.130E-09 1.879E+10 4.859E-19 1.787E-21
