j g(j) i g(i) wl A A^a A/A^a f
13 2.000 1 2.000 30.4691 1.096E+12 2.176E+13 5.036E-02 1.525E-01
11 4.000 1 2.000 30.5326 4.578E+11 1.348E+14 3.396E-03 1.280E-01
14 4.000 1 2.000 30.4673 2.598E+11 2.145E+13 1.211E-02 7.230E-02
33 4.000 1 2.000 28.1396 1.460E+11 1.416E+13 1.031E-02 3.466E-02
15 2.000 1 2.000 30.2298 1.696E+11 8.273E+13 2.050E-03 2.323E-02
79 4.000 1 2.000 27.6461 5.570E+10 1.013E+13 5.499E-03 1.277E-02
25 2.000 1 2.000 28.2288 9.395E+10 2.128E+12 4.415E-02 1.123E-02
134 4.000 1 2.000 27.4511 4.393E+10 9.440E+11 4.653E-02 9.925E-03
55 2.000 1 2.000 27.9274 6.875E+10 4.544E+12 1.513E-02 8.040E-03
35 2.000 1 2.000 28.0918 5.915E+10 4.744E+12 1.247E-02 6.995E-03
74 2.000 1 2.000 27.6761 5.965E+10 3.325E+11 1.794E-01 6.850E-03
313 4.000 1 2.000 27.2772 2.955E+10 4.818E+12 6.133E-03 6.590E-03
26 4.000 1 2.000 28.2285 2.245E+10 2.391E+12 9.392E-03 5.365E-03
158 2.000 1 2.000 27.4188 4.295E+10 1.511E+12 2.842E-02 4.841E-03
222 4.000 1 2.000 27.3394 1.973E+10 4.539E+12 4.348E-03 4.423E-03
56 4.000 1 2.000 27.9268 1.749E+10 4.591E+12 3.810E-03 4.091E-03
75 4.000 1 2.000 27.6752 1.594E+10 3.129E+11 5.092E-02 3.660E-03
52 4.000 1 2.000 27.9570 1.312E+10 1.564E+13 8.386E-04 3.074E-03
407 2.000 1 2.000 27.2138 2.712E+10 9.830E+11 2.758E-02 3.011E-03
211 2.000 1 2.000 27.3492 2.465E+10 1.681E+11 1.466E-01 2.764E-03
402 2.000 1 2.000 27.2608 2.450E+10 3.927E+12 6.240E-03 2.730E-03
81 2.000 1 2.000 27.6205 2.165E+10 4.937E+12 4.386E-03 2.476E-03
161 4.000 1 2.000 27.4185 1.053E+10 1.531E+12 6.878E-03 2.374E-03
136 2.000 1 2.000 27.4424 1.844E+10 2.632E+11 7.004E-02 2.082E-03
212 4.000 1 2.000 27.3483 7.653E+09 1.323E+11 5.782E-02 1.717E-03
434 2.000 1 2.000 27.1091 1.453E+10 1.738E+13 8.359E-04 1.601E-03
408 4.000 1 2.000 27.2137 6.765E+09 1.040E+12 6.502E-03 1.503E-03
306 2.000 1 2.000 27.2870 1.318E+10 1.718E+11 7.675E-02 1.471E-03
466 2.000 1 2.000 27.0474 1.146E+10 1.988E+13 5.767E-04 1.257E-03
127 2.000 1 2.000 27.4669 9.495E+09 9.338E+11 1.017E-02 1.074E-03
307 4.000 1 2.000 27.2860 4.508E+09 1.881E+11 2.396E-02 1.007E-03
247 2.000 1 2.000 27.3272 8.290E+09 2.776E+12 2.986E-03 9.285E-04
435 4.000 1 2.000 27.1090 3.660E+09 4.772E+12 7.669E-04 8.065E-04
129 4.000 1 2.000 27.4663 3.015E+09 8.961E+11 3.365E-03 6.820E-04
467 4.000 1 2.000 27.0473 2.890E+09 4.745E+12 6.091E-04 6.340E-04
220 4.000 1 2.000 27.3408 2.047E+09 1.756E+11 1.166E-02 4.589E-04
57 2.000 1 2.000 27.9151 3.821E+09 9.993E+12 3.824E-04 4.464E-04
27 4.000 1 2.000 28.2254 1.698E+09 5.585E+12 3.039E-04 4.055E-04
431 4.000 1 2.000 27.1131 1.728E+09 1.662E+12 1.040E-03 3.810E-04
465 4.000 1 2.000 27.0503 1.483E+09 1.591E+13 9.322E-05 3.254E-04
406 4.000 1 2.000 27.2206 9.430E+08 4.199E+12 2.246E-04 2.096E-04
213 2.000 1 2.000 27.3478 9.500E+08 9.322E+11 1.019E-03 1.066E-04
400 4.000 1 2.000 27.2702 4.483E+08 1.023E+10 4.382E-02 9.995E-05
215 4.000 1 2.000 27.3470 3.893E+08 1.052E+12 3.698E-04 8.725E-05
305 4.000 1 2.000 27.2881 3.635E+08 4.212E+11 8.629E-04 8.115E-05
409 2.000 1 2.000 27.2079 7.055E+08 5.948E+12 1.186E-04 7.830E-05
143 4.000 1 2.000 27.4291 2.868E+08 9.705E+12 2.955E-05 6.470E-05
124 2.000 1 2.000 27.4694 4.792E+08 1.020E+12 4.697E-04 5.420E-05
468 2.000 1 2.000 27.0461 3.258E+08 2.389E+13 1.363E-05 3.573E-05
308 2.000 1 2.000 27.2847 2.950E+08 7.656E+11 3.854E-04 3.293E-05
208 4.000 1 2.000 27.3524 1.460E+08 6.093E+11 2.397E-04 3.276E-05
301 2.000 1 2.000 27.2908 2.615E+08 3.541E+11 7.384E-04 2.920E-05
130 4.000 1 2.000 27.4635 1.108E+08 1.058E+12 1.047E-04 2.505E-05
73 4.000 1 2.000 27.6829 9.763E+07 2.134E+12 4.575E-05 2.243E-05
335 4.000 1 2.000 27.2731 9.525E+07 1.692E+09 5.630E-02 2.125E-05
394 4.000 1 2.000 27.2705 8.940E+07 1.738E+09 5.143E-02 1.994E-05
437 2.000 1 2.000 27.1073 1.689E+08 3.104E+13 5.441E-06 1.861E-05
204 2.000 1 2.000 27.3561 1.570E+08 5.712E+11 2.750E-04 1.762E-05
293 4.000 1 2.000 27.3242 6.150E+07 9.102E+08 6.757E-02 1.377E-05
309 4.000 1 2.000 27.2838 4.610E+07 8.406E+11 5.485E-05 1.029E-05
21 2.000 1 2.000 28.2566 7.605E+07 5.981E+12 1.271E-05 9.105E-06
194 2.000 1 2.000 27.4103 7.690E+07 5.378E+12 1.430E-05 8.660E-06
69 2.000 1 2.000 27.6938 7.255E+07 2.172E+12 3.341E-05 8.340E-06
76 2.000 1 2.000 27.6666 7.050E+07 3.126E+12 2.255E-05 8.090E-06
116 4.000 1 2.000 27.5808 2.935E+07 2.342E+09 1.253E-02 6.695E-06
131 2.000 1 2.000 27.4558 4.651E+07 1.622E+12 2.868E-05 5.255E-06
289 4.000 1 2.000 27.3246 1.653E+07 4.794E+08 3.447E-02 3.700E-06
193 4.000 1 2.000 27.4141 1.630E+07 1.717E+10 9.493E-04 3.673E-06
132 4.000 1 2.000 27.4551 1.453E+07 1.679E+12 8.651E-06 3.284E-06
77 4.000 1 2.000 27.6660 1.397E+07 3.113E+12 4.488E-06 3.207E-06
114 4.000 1 2.000 27.5815 7.483E+06 1.243E+09 6.020E-03 1.707E-06
22 4.000 1 2.000 28.2560 6.916E+06 6.036E+12 1.146E-06 1.655E-06
244 4.000 1 2.000 27.3278 6.453E+06 4.256E+08 1.516E-02 1.445E-06
497 4.000 1 2.000 27.0353 6.143E+06 2.754E+11 2.231E-05 1.346E-06
125 4.000 1 2.000 27.4689 5.620E+06 1.043E+12 5.390E-06 1.272E-06
28 2.000 1 2.000 28.1769 8.715E+06 7.421E+12 1.174E-06 1.038E-06
460 4.000 1 2.000 27.0884 4.275E+06 3.905E+11 1.095E-05 9.405E-07
302 4.000 1 2.000 27.2903 4.188E+06 3.602E+11 1.163E-05 9.350E-07
156 4.000 1 2.000 27.4190 4.053E+06 1.366E+09 2.966E-03 9.140E-07
191 4.000 1 2.000 27.4147 3.725E+06 3.799E+09 9.805E-04 8.395E-07
49 6.000 1 2.000 27.9674 1.743E+06 2.052E+11 8.494E-06 6.135E-07
8 2.000 1 2.000 30.8850 3.712E+06 7.812E+13 4.753E-08 5.310E-07
426 4.000 1 2.000 27.1768 2.321E+06 7.159E+08 3.241E-03 5.140E-07
70 4.000 1 2.000 27.6933 1.311E+06 2.192E+12 5.983E-07 3.016E-07
101 6.000 1 2.000 27.5875 8.117E+05 1.885E+11 4.305E-06 2.779E-07
152 6.000 1 2.000 27.4204 6.758E+05 7.472E+10 9.045E-06 2.286E-07
53 4.000 1 2.000 27.9537 9.543E+05 1.659E+11 5.752E-06 2.236E-07
36 4.000 1 2.000 28.0183 9.460E+05 1.430E+11 6.614E-06 2.227E-07
64 6.000 1 2.000 27.7474 6.042E+05 9.348E+11 6.463E-07 2.092E-07
37 6.000 1 2.000 28.0177 4.645E+05 1.500E+11 3.096E-06 1.640E-07
85 4.000 1 2.000 27.6113 6.545E+05 8.753E+10 7.478E-06 1.497E-07
105 4.000 1 2.000 27.5849 5.280E+05 9.058E+10 5.829E-06 1.205E-07
205 4.000 1 2.000 27.3556 5.279E+05 5.774E+11 9.143E-07 1.185E-07
87 6.000 1 2.000 27.6109 3.183E+05 8.978E+10 3.546E-06 1.091E-07
202 6.000 1 2.000 27.3619 2.817E+05 5.086E+11 5.538E-07 9.485E-08
358 6.000 1 2.000 27.2719 2.790E+05 7.597E+10 3.673E-06 9.335E-08
98 4.000 1 2.000 27.5888 3.935E+05 1.272E+09 3.093E-04 8.980E-08
170 4.000 1 2.000 27.4170 3.873E+05 6.313E+10 6.134E-06 8.730E-08
264 6.000 1 2.000 27.3254 2.507E+05 1.429E+11 1.754E-06 8.420E-08
58 4.000 1 2.000 27.7543 3.545E+05 9.488E+10 3.736E-06 8.190E-08
140 4.000 1 2.000 27.4305 3.353E+05 4.332E+10 7.738E-06 7.565E-08
141 6.000 1 2.000 27.4301 1.972E+05 4.682E+10 4.211E-06 6.670E-08
68 4.000 1 2.000 27.7195 2.848E+05 1.558E+12 1.827E-07 6.560E-08
227 4.000 1 2.000 27.3339 2.588E+05 3.223E+10 8.029E-06 5.795E-08
59 6.000 1 2.000 27.7542 1.509E+05 1.006E+11 1.500E-06 5.230E-08
210 4.000 1 2.000 27.3517 2.293E+05 1.619E+11 1.416E-06 5.145E-08
199 4.000 1 2.000 27.3637 2.193E+05 5.115E+10 4.287E-06 4.923E-08
228 6.000 1 2.000 27.3336 1.280E+05 3.384E+10 3.784E-06 4.303E-08
363 4.000 1 2.000 27.2708 1.767E+05 4.639E+10 3.809E-06 3.941E-08
271 4.000 1 2.000 27.3250 1.635E+05 3.658E+10 4.469E-06 3.660E-08
315 4.000 1 2.000 27.2769 1.569E+05 2.144E+10 7.320E-06 3.501E-08
410 4.000 1 2.000 27.1884 1.473E+05 3.020E+10 4.875E-06 3.264E-08
38 4.000 1 2.000 28.0165 1.385E+05 6.297E+10 2.199E-06 3.260E-08
316 6.000 1 2.000 27.2768 9.135E+04 2.196E+10 4.160E-06 3.057E-08
413 6.000 1 2.000 27.1868 9.120E+04 3.540E+11 2.576E-07 3.031E-08
200 6.000 1 2.000 27.3637 8.827E+04 5.426E+10 1.627E-06 2.972E-08
9 4.000 1 2.000 30.8842 9.450E+04 7.801E+13 1.211E-09 2.703E-08
441 6.000 1 2.000 27.0945 7.745E+04 1.819E+13 4.259E-09 2.557E-08
411 6.000 1 2.000 27.1884 6.363E+04 3.183E+10 1.999E-06 2.115E-08
415 4.000 1 2.000 27.1823 9.293E+04 4.803E+10 1.935E-06 2.059E-08
438 4.000 1 2.000 27.0951 8.683E+04 5.272E+12 1.647E-08 1.911E-08
66 4.000 1 2.000 27.7285 8.218E+04 3.896E+12 2.109E-08 1.895E-08
472 6.000 1 2.000 27.0392 5.687E+04 1.081E+13 5.261E-09 1.870E-08
443 4.000 1 2.000 27.0916 7.123E+04 4.577E+12 1.556E-08 1.568E-08
12 6.000 1 2.000 30.5324 3.522E+04 1.338E+14 2.633E-10 1.477E-08
29 4.000 1 2.000 28.1763 5.435E+04 7.160E+12 7.591E-09 1.294E-08
39 6.000 1 2.000 28.0161 3.552E+04 6.422E+10 5.530E-07 1.254E-08
474 4.000 1 2.000 27.0371 5.695E+04 3.146E+12 1.810E-08 1.248E-08
469 4.000 1 2.000 27.0396 5.675E+04 3.267E+12 1.737E-08 1.245E-08
439 6.000 1 2.000 27.0951 3.690E+04 2.971E+12 1.242E-08 1.218E-08
321 6.000 1 2.000 27.2754 3.283E+04 1.571E+10 2.090E-06 1.099E-08
82 4.000 1 2.000 27.6138 3.938E+04 3.131E+10 1.258E-06 9.005E-09
137 4.000 1 2.000 27.4323 3.555E+04 1.881E+10 1.890E-06 8.025E-09
470 6.000 1 2.000 27.0396 2.388E+04 1.839E+12 1.298E-08 7.855E-09
10 6.000 1 2.000 30.8825 1.733E+04 7.774E+13 2.230E-10 7.440E-09
224 4.000 1 2.000 27.3358 2.342E+04 1.184E+10 1.978E-06 5.245E-09
311 4.000 1 2.000 27.2785 2.253E+04 8.362E+09 2.694E-06 5.025E-09
232 6.000 1 2.000 27.3317 1.385E+04 1.540E+10 8.993E-07 4.653E-09
319 4.000 1 2.000 27.2757 2.001E+04 1.351E+10 1.482E-06 4.464E-09
32 4.000 1 2.000 28.1421 9.997E+03 7.848E+12 1.274E-09 2.374E-09
231 4.000 1 2.000 27.3319 9.920E+03 1.481E+10 6.697E-07 2.222E-09
83 6.000 1 2.000 27.6131 5.522E+03 3.095E+10 1.784E-07 1.894E-09
51 6.000 1 2.000 27.9571 4.180E+03 1.543E+13 2.708E-10 1.469E-09
23 6.000 1 2.000 28.2550 3.718E+03 6.129E+12 6.067E-10 1.335E-09
325 6.000 1 2.000 27.2738 3.673E+03 1.356E+10 2.709E-07 1.229E-09
192 2.000 1 2.000 27.4143 1.080E+04 6.754E+08 1.599E-05 1.217E-09
146 4.000 1 2.000 27.4263 5.138E+03 2.171E+10 2.366E-07 1.159E-09
149 6.000 1 2.000 27.4235 3.018E+03 2.202E+10 1.371E-07 1.021E-09
201 4.000 1 2.000 27.3625 4.430E+03 1.541E+12 2.876E-09 9.946E-10
30 6.000 1 2.000 28.1754 2.078E+03 7.326E+12 2.837E-10 7.420E-10
144 6.000 1 2.000 27.4287 2.133E+03 9.907E+12 2.153E-10 7.215E-10
138 6.000 1 2.000 27.4317 2.123E+03 1.785E+10 1.189E-07 7.190E-10
404 4.000 1 2.000 27.2518 3.202E+03 1.255E+12 2.552E-09 7.129E-10
234 6.000 1 2.000 27.3298 1.815E+03 1.413E+10 1.284E-07 6.095E-10
147 6.000 1 2.000 27.4261 1.793E+03 2.072E+10 8.657E-08 6.070E-10
71 6.000 1 2.000 27.6924 1.474E+03 2.225E+12 6.626E-10 5.085E-10
405 6.000 1 2.000 27.2206 1.202E+03 4.528E+12 2.654E-10 4.005E-10
34 6.000 1 2.000 28.1375 1.113E+03 1.419E+13 7.846E-11 3.965E-10
89 4.000 1 2.000 27.6031 1.700E+03 3.713E+10 4.579E-08 3.884E-10
80 6.000 1 2.000 27.6443 1.110E+03 1.012E+13 1.097E-10 3.815E-10
20 4.000 1 2.000 28.3502 1.405E+03 1.351E+13 1.040E-10 3.387E-10
225 6.000 1 2.000 27.3352 9.812E+02 1.106E+10 8.873E-08 3.298E-10
78 6.000 1 2.000 27.6652 9.478E+02 3.249E+12 2.918E-10 3.263E-10
92 6.000 1 2.000 27.5978 7.965E+02 4.065E+10 1.959E-08 2.728E-10
150 4.000 1 2.000 27.4229 1.203E+03 2.176E+10 5.530E-08 2.713E-10
126 6.000 1 2.000 27.4680 7.672E+02 1.065E+12 7.207E-10 2.603E-10
399 2.000 1 2.000 27.2703 1.882E+03 3.181E+08 5.916E-06 2.099E-10
332 4.000 1 2.000 27.2735 9.313E+02 1.241E+10 7.505E-08 2.077E-10
430 6.000 1 2.000 27.1131 6.212E+02 1.789E+12 3.473E-10 2.054E-10
223 6.000 1 2.000 27.3378 5.377E+02 4.799E+12 1.120E-10 1.807E-10
93 4.000 1 2.000 27.5971 7.660E+02 3.629E+10 2.111E-08 1.750E-10
206 6.000 1 2.000 27.3548 5.008E+02 5.800E+11 8.635E-10 1.686E-10
133 6.000 1 2.000 27.4544 4.907E+02 1.808E+12 2.714E-10 1.663E-10
235 4.000 1 2.000 27.3294 7.288E+02 1.333E+10 5.468E-08 1.633E-10
320 6.000 1 2.000 27.2757 4.575E+02 4.645E+12 9.849E-11 1.531E-10
464 6.000 1 2.000 27.0503 4.320E+02 1.091E+13 3.959E-11 1.421E-10
303 6.000 1 2.000 27.2895 3.573E+02 3.699E+11 9.659E-10 1.197E-10
217 6.000 1 2.000 27.3464 3.272E+02 1.096E+12 2.984E-10 1.100E-10
90 6.000 1 2.000 27.6028 3.123E+02 3.673E+10 8.504E-09 1.070E-10
47 4.000 1 2.000 27.9777 3.823E+02 7.238E+10 5.281E-09 8.975E-11
310 6.000 1 2.000 27.2833 2.623E+02 9.077E+11 2.890E-10 8.780E-11
43 4.000 1 2.000 27.9966 3.728E+02 6.788E+10 5.491E-09 8.760E-11
46 6.000 1 2.000 27.9785 2.368E+02 6.697E+10 3.536E-09 8.340E-11
292 2.000 1 2.000 27.3244 7.140E+02 4.247E+08 1.681E-06 7.995E-11
429 4.000 1 2.000 27.1299 2.983E+02 7.179E+11 4.156E-10 6.589E-11
291 6.000 1 2.000 27.3245 1.865E+02 2.150E+08 8.674E-07 6.265E-11
463 4.000 1 2.000 27.0607 2.720E+02 2.138E+12 1.272E-10 5.971E-11
282 6.000 1 2.000 27.3248 9.903E+01 2.096E+08 4.726E-07 3.326E-11
312 6.000 1 2.000 27.2780 9.245E+01 7.545E+09 1.225E-08 3.094E-11
300 4.000 1 2.000 27.2932 1.056E+02 1.228E+12 8.598E-11 2.358E-11
123 4.000 1 2.000 27.4830 6.077E+01 2.576E+12 2.360E-11 1.377E-11
118 4.000 1 2.000 27.4994 2.613E+01 2.857E+12 9.146E-12 5.925E-12
495 6.000 1 2.000 27.0355 1.534E+01 3.615E+10 4.243E-10 5.045E-12
398 6.000 1 2.000 27.2704 1.356E+01 1.332E+08 1.018E-07 4.535E-12
458 6.000 1 2.000 27.0887 1.351E+01 4.963E+10 2.722E-10 4.458E-12
17 4.000 1 2.000 28.4232 1.735E+01 8.616E+12 2.014E-12 4.203E-12
135 6.000 1 2.000 27.4498 1.173E+01 8.021E+11 1.462E-11 3.975E-12
424 6.000 1 2.000 27.1773 1.088E+01 3.407E+08 3.193E-08 3.614E-12
16 2.000 1 2.000 28.4242 2.732E+01 8.606E+12 3.175E-12 3.310E-12
44 6.000 1 2.000 27.9963 8.685E+00 6.559E+10 1.324E-10 3.062E-12
324 6.000 1 2.000 27.2739 8.480E+00 3.013E+10 2.815E-10 2.837E-12
355 6.000 1 2.000 27.2725 7.123E+00 2.590E+10 2.750E-10 2.383E-12
395 6.000 1 2.000 27.2705 6.687E+00 9.862E+09 6.780E-10 2.237E-12
221 6.000 1 2.000 27.3407 6.557E+00 3.281E+10 1.998E-10 2.204E-12
62 6.000 1 2.000 27.7502 6.090E+00 2.964E+12 2.055E-12 2.109E-12
61 4.000 1 2.000 27.7519 9.038E+00 2.974E+12 3.039E-12 2.087E-12
190 6.000 1 2.000 27.4147 5.882E+00 7.305E+09 8.052E-10 1.988E-12
115 2.000 1 2.000 27.5811 1.445E+01 1.209E+09 1.195E-08 1.647E-12
196 4.000 1 2.000 27.3702 6.506E+00 7.481E+11 8.697E-12 1.462E-12
297 4.000 1 2.000 27.2990 6.134E+00 4.529E+11 1.354E-11 1.371E-12
182 6.000 1 2.000 27.4153 3.490E+00 1.239E+10 2.817E-10 1.179E-12
60 2.000 1 2.000 27.7529 9.960E+00 2.969E+12 3.354E-12 1.150E-12
362 6.000 1 2.000 27.2708 3.292E+00 1.254E+10 2.626E-10 1.101E-12
248 6.000 1 2.000 27.3271 2.687E+00 2.040E+08 1.317E-08 9.020E-13
120 4.000 1 2.000 27.4960 2.950E+00 1.422E+12 2.074E-12 6.690E-13
334 6.000 1 2.000 27.2732 1.748E+00 2.317E+09 7.547E-10 5.845E-13
338 6.000 1 2.000 27.2728 1.683E+00 1.295E+08 1.300E-08 5.630E-13
288 6.000 1 2.000 27.3246 1.675E+00 1.101E+09 1.521E-09 5.625E-13
119 2.000 1 2.000 27.4969 4.686E+00 1.368E+12 3.425E-12 5.310E-13
153 6.000 1 2.000 27.4193 1.181E+00 4.011E+09 2.946E-10 3.995E-13
498 6.000 1 2.000 27.0353 9.843E-01 2.308E+11 4.264E-12 3.236E-13
195 2.000 1 2.000 27.3712 2.689E+00 7.445E+11 3.612E-12 3.020E-13
427 6.000 1 2.000 27.1768 8.858E-01 7.144E+08 1.240E-09 2.943E-13
31 2.000 1 2.000 28.1421 2.471E+00 7.887E+12 3.133E-13 2.934E-13
197 6.000 1 2.000 27.3685 8.492E-01 7.414E+11 1.145E-12 2.860E-13
461 6.000 1 2.000 27.0884 7.125E-01 3.345E+11 2.130E-12 2.352E-13
397 4.000 1 2.000 27.2704 1.042E+00 1.305E+08 7.985E-09 2.324E-13
113 6.000 1 2.000 27.5815 6.312E-01 1.959E+09 3.222E-10 2.160E-13
168 6.000 1 2.000 27.4173 6.168E-01 8.290E+08 7.441E-10 2.086E-13
296 2.000 1 2.000 27.3000 1.690E+00 4.500E+11 3.754E-12 1.888E-13
384 6.000 1 2.000 27.2706 5.297E-01 1.305E+08 4.058E-09 1.772E-13
164 6.000 1 2.000 27.4178 4.888E-01 3.508E+08 1.394E-09 1.653E-13
266 6.000 1 2.000 27.3251 4.495E-01 9.157E+08 4.909E-10 1.510E-13
298 6.000 1 2.000 27.2973 4.197E-01 4.467E+11 9.395E-13 1.407E-13
117 2.000 1 2.000 27.4995 1.131E+00 2.880E+12 3.927E-13 1.282E-13
256 6.000 1 2.000 27.3268 3.122E-01 9.488E+08 3.290E-10 1.049E-13
19 2.000 1 2.000 28.3522 7.550E-01 1.365E+13 5.531E-14 9.100E-14
237 6.000 1 2.000 27.3283 2.683E-01 1.082E+09 2.480E-10 9.015E-14
155 6.000 1 2.000 27.4190 1.892E-01 7.470E+08 2.533E-10 6.395E-14
243 6.000 1 2.000 27.3278 1.867E-01 4.635E+08 4.027E-10 6.270E-14
290 4.000 1 2.000 27.3245 2.305E-01 1.999E+08 1.153E-09 5.160E-14
403 2.000 1 2.000 27.2518 4.595E-01 1.256E+12 3.657E-13 5.115E-14
183 6.000 1 2.000 27.4151 1.227E-01 3.424E+08 3.583E-10 4.147E-14
121 6.000 1 2.000 27.4943 1.163E-01 1.367E+12 8.509E-14 3.954E-14
189 6.000 1 2.000 27.4147 8.982E-02 3.405E+08 2.638E-10 3.036E-14
428 2.000 1 2.000 27.1300 2.690E-01 7.041E+11 3.821E-13 2.969E-14
65 2.000 1 2.000 27.7302 1.870E-01 4.232E+12 4.420E-14 2.156E-14
462 2.000 1 2.000 27.0607 1.756E-01 1.929E+12 9.101E-14 1.927E-14
67 2.000 1 2.000 27.7199 7.605E-02 1.238E+12 6.141E-14 8.760E-15
112 6.000 1 2.000 27.5823 2.473E-02 5.042E+09 4.906E-12 8.465E-15
198 2.000 1 2.000 27.3645 3.966E-02 1.478E+12 2.683E-14 4.453E-15
122 2.000 1 2.000 27.4850 3.815E-02 2.533E+12 1.506E-14 4.321E-15
48 2.000 1 2.000 27.9773 3.349E-02 6.970E+10 4.806E-13 3.931E-15
299 2.000 1 2.000 27.2952 2.936E-02 1.157E+12 2.538E-14 3.280E-15
333 2.000 1 2.000 27.2733 2.608E-02 1.283E+10 2.033E-12 2.908E-15
95 6.000 1 2.000 27.5890 8.187E-03 1.443E+09 5.675E-12 2.803E-15
42 2.000 1 2.000 27.9967 2.278E-02 6.977E+10 3.264E-13 2.677E-15
94 2.000 1 2.000 27.5967 2.290E-02 3.938E+10 5.817E-13 2.615E-15
188 4.000 1 2.000 27.4147 9.430E-03 3.408E+08 2.767E-11 2.125E-15
151 2.000 1 2.000 27.4226 1.669E-02 2.123E+10 7.862E-13 1.882E-15
88 2.000 1 2.000 27.6032 1.646E-02 3.766E+10 4.370E-13 1.879E-15
97 6.000 1 2.000 27.5888 5.363E-03 1.272E+09 4.217E-12 1.836E-15
236 2.000 1 2.000 27.3292 1.476E-02 1.348E+10 1.095E-12 1.652E-15
145 2.000 1 2.000 27.4263 1.281E-02 2.152E+10 5.949E-13 1.444E-15
209 2.000 1 2.000 27.3518 1.050E-02 1.606E+11 6.533E-14 1.177E-15
230 2.000 1 2.000 27.3320 1.043E-02 1.463E+10 7.126E-13 1.168E-15
54 2.000 1 2.000 27.9526 9.910E-03 1.657E+11 5.981E-14 1.161E-15
318 2.000 1 2.000 27.2757 9.605E-03 1.322E+10 7.268E-13 1.071E-15
414 2.000 1 2.000 27.1823 4.298E-03 5.477E+10 7.848E-14 4.761E-16
174 2.000 1 2.000 27.4160 3.639E-03 6.320E+10 5.758E-14 4.101E-16
442 2.000 1 2.000 27.0916 1.904E-03 6.408E+12 2.971E-16 2.095E-16
294 2.000 1 2.000 27.3241 1.870E-03 3.684E+10 5.075E-14 2.092E-16
18 6.000 1 2.000 28.4214 4.923E-04 8.594E+12 5.729E-17 1.789E-16
214 6.000 1 2.000 27.3470 2.757E-04 1.321E+09 2.087E-13 9.275E-17
107 2.000 1 2.000 27.5838 6.330E-04 9.043E+10 7.000E-15 7.220E-17
473 2.000 1 2.000 27.0372 3.626E-04 4.335E+12 8.365E-17 3.974E-17
401 2.000 1 2.000 27.2700 3.555E-04 4.938E+10 7.199E-15 3.964E-17
392 6.000 1 2.000 27.2705 5.388E-05 8.416E+07 6.402E-13 1.802E-17
416 6.000 1 2.000 27.1800 5.205E-06 7.256E+08 7.173E-15 1.729E-18
103 6.000 1 2.000 27.5852 3.825E-06 1.301E+09 2.941E-15 1.310E-18
475 6.000 1 2.000 27.0365 1.882E-06 1.468E+11 1.282E-17 6.185E-19
444 6.000 1 2.000 27.0902 1.607E-06 2.221E+11 7.237E-18 5.305E-19
286 6.000 1 2.000 27.3247 2.208E-07 1.325E+08 1.667E-15 7.415E-20
