    j      g(j)    i      g(i)       wl            A        A+A^a    A/(A+A^a)     f
    4     4.000    1     2.000    3.01843      9.988E+13  9.988E+13  1.000E+00  2.729E-01
    2     2.000    1     2.000    3.02385      9.825E+13  9.825E+13  1.000E+00  1.346E-01
    8     4.000    1     2.000    2.54892      2.693E+13  3.049E+13  8.831E-01  5.245E-02
    5     2.000    1     2.000    2.55007      2.614E+13  2.975E+13  8.784E-01  2.549E-02
   13     4.000    1     2.000    2.41720      1.101E+13  1.309E+13  8.406E-01  1.928E-02
   10     2.000    1     2.000    2.41764      1.064E+13  1.275E+13  8.344E-01  9.320E-03
   20     4.000    1     2.000    2.36073      5.555E+12  6.780E+12  8.194E-01  9.280E-03
   29     4.000    1     2.000    2.33116      3.190E+12  3.953E+12  8.069E-01  5.195E-03
   17     2.000    1     2.000    2.36095      5.355E+12  6.591E+12  8.125E-01  4.476E-03
   40     4.000    1     2.000    2.31368      1.999E+12  2.502E+12  7.988E-01  3.208E-03
   26     2.000    1     2.000    2.33127      3.070E+12  3.840E+12  7.996E-01  2.502E-03
   37     2.000    1     2.000    2.31375      1.923E+12  2.430E+12  7.914E-01  1.543E-03
    9     6.000    1     2.000    2.54855      3.742E+10  1.039E+13  3.603E-03  1.093E-04
    7     4.000    1     2.000    2.54893      3.663E+10  1.043E+13  3.511E-03  7.135E-05
   15     6.000    1     2.000    2.41706      2.067E+10  4.461E+12  4.633E-03  5.430E-05
   12     4.000    1     2.000    2.41720      2.018E+10  4.480E+12  4.503E-03  3.535E-05
   22     6.000    1     2.000    2.36067      1.168E+10  2.318E+12  5.040E-03  2.929E-05
   19     4.000    1     2.000    2.36074      1.139E+10  2.329E+12  4.891E-03  1.904E-05
   31     6.000    1     2.000    2.33112      7.100E+09  1.357E+12  5.232E-03  1.735E-05
   28     4.000    1     2.000    2.33116      6.918E+09  1.364E+12  5.073E-03  1.127E-05
   42     6.000    1     2.000    2.31365      4.598E+09  8.620E+11  5.334E-03  1.107E-05
   39     4.000    1     2.000    2.31368      4.478E+09  8.661E+11  5.170E-03  7.185E-06
    3     2.000    1     2.000    3.02368      2.612E+07  2.612E+07  1.000E+00  3.581E-08
    6     2.000    1     2.000    2.55003      1.158E+07  1.045E+12  1.108E-05  1.129E-08
   11     2.000    1     2.000    2.41762      5.530E+06  7.294E+11  7.581E-06  4.846E-09
   18     2.000    1     2.000    2.36094      2.990E+06  4.685E+11  6.383E-06  2.499E-09
   27     2.000    1     2.000    2.33127      1.780E+06  3.080E+11  5.780E-06  1.451E-09
   38     2.000    1     2.000    2.31375      1.140E+06  2.103E+11  5.422E-06  9.155E-10
   14     6.000    1     2.000    2.41706      6.630E+00  2.214E+12  2.994E-12  1.742E-14
   21     6.000    1     2.000    2.36067      5.797E+00  1.146E+12  5.056E-12  1.453E-14
   30     6.000    1     2.000    2.33112      4.250E+00  6.711E+11  6.333E-12  1.039E-14
   41     6.000    1     2.000    2.31365      3.048E+00  4.269E+11  7.141E-12  7.340E-15
