j g(j) i g(i) wl A A+A^a A/(A+A^a) f
4 4.000 1 2.000 18.9665 2.565E+12 2.565E+12 1.000E+00 2.766E-01
2 2.000 1 2.000 18.9719 2.557E+12 2.557E+12 1.000E+00 1.380E-01
8 4.000 1 2.000 16.0050 6.855E+11 7.773E+11 8.819E-01 5.265E-02
5 2.000 1 2.000 16.0061 6.825E+11 7.746E+11 8.811E-01 2.621E-02
13 4.000 1 2.000 15.1755 2.795E+11 3.331E+11 8.392E-01 1.931E-02
10 2.000 1 2.000 15.1759 2.781E+11 3.317E+11 8.383E-01 9.605E-03
20 4.000 1 2.000 14.8200 1.410E+11 1.724E+11 8.180E-01 9.285E-03
29 4.000 1 2.000 14.6338 8.093E+10 1.005E+11 8.055E-01 5.195E-03
17 2.000 1 2.000 14.8202 1.402E+11 1.716E+11 8.169E-01 4.616E-03
40 4.000 1 2.000 14.5237 5.070E+10 6.358E+10 7.975E-01 3.207E-03
26 2.000 1 2.000 14.6339 8.045E+10 1.000E+11 8.044E-01 2.583E-03
37 2.000 1 2.000 14.5238 5.040E+10 6.329E+10 7.963E-01 1.594E-03
9 6.000 1 2.000 16.0046 1.553E+08 2.650E+11 5.860E-04 1.789E-05
7 4.000 1 2.000 16.0050 1.548E+08 2.651E+11 5.837E-04 1.189E-05
15 6.000 1 2.000 15.1754 8.552E+07 1.134E+11 7.539E-04 8.860E-06
12 4.000 1 2.000 15.1755 8.520E+07 1.135E+11 7.506E-04 5.885E-06
22 6.000 1 2.000 14.8199 4.830E+07 5.887E+10 8.205E-04 4.771E-06
19 4.000 1 2.000 14.8200 4.810E+07 5.891E+10 8.165E-04 3.168E-06
31 6.000 1 2.000 14.6337 2.933E+07 3.444E+10 8.516E-04 2.825E-06
28 4.000 1 2.000 14.6338 2.923E+07 3.446E+10 8.480E-04 1.876E-06
42 6.000 1 2.000 14.5237 1.900E+07 2.187E+10 8.688E-04 1.802E-06
39 4.000 1 2.000 14.5237 1.891E+07 2.189E+10 8.641E-04 1.196E-06
3 2.000 1 2.000 18.9716 2.688E+03 2.689E+03 1.000E+00 1.451E-10
6 2.000 1 2.000 16.0060 1.194E+03 2.600E+10 4.594E-08 4.588E-11
11 2.000 1 2.000 15.1759 5.710E+02 1.817E+10 3.142E-08 1.972E-11
18 2.000 1 2.000 14.8202 3.091E+02 1.168E+10 2.646E-08 1.018E-11
27 2.000 1 2.000 14.6339 1.842E+02 7.690E+09 2.396E-08 5.915E-12
38 2.000 1 2.000 14.5238 1.181E+02 5.254E+09 2.248E-08 3.735E-12
14 6.000 1 2.000 15.1754 1.120E-04 5.650E+10 1.983E-15 1.160E-17
21 6.000 1 2.000 14.8199 9.812E-05 2.922E+10 3.358E-15 9.690E-18
30 6.000 1 2.000 14.6337 7.188E-05 1.708E+10 4.208E-15 6.925E-18
41 6.000 1 2.000 14.5237 5.153E-05 1.086E+10 4.744E-15 4.888E-18
