j g(j) i g(i) wl A A+A^a A/(A+A^a) f
4 4.000 1 2.000 4.72727 4.095E+13 4.095E+13 1.000E+00 2.745E-01
2 2.000 1 2.000 4.73268 4.052E+13 4.052E+13 1.000E+00 1.361E-01
8 4.000 1 2.000 3.99073 1.100E+13 1.247E+13 8.826E-01 5.255E-02
5 2.000 1 2.000 3.99187 1.080E+13 1.227E+13 8.795E-01 2.579E-02
13 4.000 1 2.000 3.78424 4.493E+12 5.348E+12 8.400E-01 1.930E-02
10 2.000 1 2.000 3.78468 4.396E+12 5.258E+12 8.361E-01 9.440E-03
20 4.000 1 2.000 3.69573 2.267E+12 2.768E+12 8.188E-01 9.285E-03
29 4.000 1 2.000 3.64937 1.301E+12 1.614E+12 8.063E-01 5.195E-03
17 2.000 1 2.000 3.69594 2.214E+12 2.719E+12 8.144E-01 4.535E-03
40 4.000 1 2.000 3.62197 8.155E+11 1.022E+12 7.983E-01 3.208E-03
26 2.000 1 2.000 3.64949 1.270E+12 1.584E+12 8.017E-01 2.537E-03
37 2.000 1 2.000 3.62205 7.955E+11 1.003E+12 7.935E-01 1.565E-03
9 6.000 1 2.000 3.99035 9.863E+09 4.247E+12 2.322E-03 7.065E-05
7 4.000 1 2.000 3.99073 9.733E+09 4.261E+12 2.284E-03 4.648E-05
15 6.000 1 2.000 3.78410 5.440E+09 1.822E+12 2.986E-03 3.504E-05
12 4.000 1 2.000 3.78424 5.358E+09 1.828E+12 2.932E-03 2.301E-05
22 6.000 1 2.000 3.69566 3.075E+09 9.462E+11 3.250E-03 1.888E-05
19 4.000 1 2.000 3.69573 3.025E+09 9.492E+11 3.187E-03 1.239E-05
31 6.000 1 2.000 3.64933 1.868E+09 5.538E+11 3.374E-03 1.119E-05
28 4.000 1 2.000 3.64937 1.837E+09 5.556E+11 3.307E-03 7.335E-06
42 6.000 1 2.000 3.62195 1.210E+09 3.518E+11 3.438E-03 7.135E-06
39 4.000 1 2.000 3.62197 1.189E+09 3.528E+11 3.371E-03 4.679E-06
3 2.000 1 2.000 4.73249 2.782E+06 2.782E+06 1.000E+00 9.340E-09
6 2.000 1 2.000 3.99183 1.235E+06 4.229E+11 2.921E-06 2.950E-09
11 2.000 1 2.000 3.78466 5.900E+05 2.953E+11 1.998E-06 1.267E-09
18 2.000 1 2.000 3.69594 3.191E+05 1.897E+11 1.682E-06 6.535E-10
27 2.000 1 2.000 3.64948 1.901E+05 1.248E+11 1.523E-06 3.796E-10
38 2.000 1 2.000 3.62204 1.218E+05 8.525E+10 1.429E-06 2.396E-10
14 6.000 1 2.000 3.78410 4.567E-01 9.057E+11 5.042E-13 2.942E-15
21 6.000 1 2.000 3.69566 3.993E-01 4.687E+11 8.520E-13 2.452E-15
30 6.000 1 2.000 3.64933 2.927E-01 2.742E+11 1.067E-12 1.753E-15
41 6.000 1 2.000 3.62195 2.100E-01 1.744E+11 1.204E-12 1.239E-15
