j g(j) i g(i) wl A A+A^a A/(A+A^a) f
12 2.000 1 4.000 7.11860 2.258E+13 5.371E+14 4.204E-02 8.578E-02
28 6.000 1 4.000 6.56088 2.930E+12 2.155E+13 1.360E-01 2.835E-02
29 4.000 1 4.000 6.55996 2.648E+12 2.344E+13 1.129E-01 1.708E-02
34 6.000 1 4.000 6.54125 9.757E+11 2.298E+13 4.246E-02 9.388E-03
36 4.000 1 4.000 6.53806 9.510E+11 1.923E+13 4.945E-02 6.095E-03
30 2.000 1 4.000 6.55886 1.746E+12 2.429E+13 7.189E-02 5.630E-03
32 2.000 1 4.000 6.55405 1.650E+12 6.997E+12 2.358E-01 5.313E-03
70 6.000 1 4.000 6.44265 4.720E+11 5.792E+12 8.149E-02 4.405E-03
72 4.000 1 4.000 6.44135 6.525E+11 6.352E+12 1.027E-01 4.060E-03
73 6.000 1 4.000 6.44126 4.047E+11 5.723E+12 7.071E-02 3.775E-03
109 6.000 1 4.000 6.42035 2.673E+11 6.279E+12 4.258E-02 2.478E-03
141 6.000 1 4.000 6.39481 2.533E+11 2.589E+12 9.786E-02 2.330E-03
25 6.000 1 4.000 6.56260 2.118E+11 1.822E+13 1.163E-02 2.051E-03
142 4.000 1 4.000 6.39480 2.486E+11 2.726E+12 9.120E-02 1.524E-03
69 4.000 1 4.000 6.44291 2.346E+11 6.022E+12 3.896E-02 1.460E-03
33 4.000 1 4.000 6.54160 2.217E+11 2.212E+13 1.002E-02 1.423E-03
111 4.000 1 4.000 6.41952 2.270E+11 5.751E+12 3.947E-02 1.403E-03
219 6.000 1 4.000 6.37057 1.392E+11 1.339E+12 1.040E-01 1.270E-03
76 2.000 1 4.000 6.44037 4.040E+11 6.753E+12 5.982E-02 1.256E-03
31 4.000 1 4.000 6.55865 1.879E+11 2.376E+13 7.910E-03 1.212E-03
35 2.000 1 4.000 6.53812 3.674E+11 1.842E+13 1.994E-02 1.177E-03
78 2.000 1 4.000 6.43465 3.473E+11 4.163E+12 8.343E-02 1.078E-03
145 6.000 1 4.000 6.39316 1.147E+11 2.401E+12 4.778E-02 1.055E-03
220 4.000 1 4.000 6.37054 1.680E+11 1.425E+12 1.179E-01 1.022E-03
144 4.000 1 4.000 6.39331 1.656E+11 2.388E+12 6.934E-02 1.015E-03
209 6.000 1 4.000 6.37237 1.092E+11 2.654E+12 4.114E-02 9.970E-04
325 6.000 1 4.000 6.35656 7.545E+10 7.971E+11 9.465E-02 6.855E-04
120 2.000 1 4.000 6.41712 2.112E+11 4.132E+12 5.112E-02 6.520E-04
68 6.000 1 4.000 6.44359 6.498E+10 5.771E+12 1.126E-02 6.068E-04
326 4.000 1 4.000 6.35655 8.853E+10 9.044E+11 9.788E-02 5.363E-04
428 6.000 1 4.000 6.34813 5.655E+10 1.377E+12 4.105E-02 5.125E-04
26 4.000 1 4.000 6.56172 7.278E+10 1.807E+13 4.027E-03 4.698E-04
213 4.000 1 4.000 6.37204 7.523E+10 2.679E+12 2.808E-02 4.580E-04
223 6.000 1 4.000 6.36879 4.907E+10 1.227E+12 4.000E-02 4.475E-04
210 2.000 1 4.000 6.37219 1.417E+11 9.649E+11 1.468E-01 4.313E-04
22 6.000 1 4.000 6.56655 4.018E+10 2.207E+13 1.821E-03 3.898E-04
222 4.000 1 4.000 6.36888 6.405E+10 1.192E+12 5.375E-02 3.895E-04
108 4.000 1 4.000 6.42047 6.270E+10 6.088E+12 1.030E-02 3.875E-04
140 6.000 1 4.000 6.39517 3.985E+10 2.439E+12 1.634E-02 3.665E-04
37 2.000 1 4.000 6.51657 9.545E+10 9.694E+12 9.847E-03 3.038E-04
430 4.000 1 4.000 6.34796 4.938E+10 1.372E+12 3.599E-02 2.983E-04
212 2.000 1 4.000 6.37204 9.435E+10 2.364E+12 3.991E-02 2.873E-04
74 4.000 1 4.000 6.44110 4.463E+10 5.227E+12 8.537E-03 2.775E-04
459 6.000 1 4.000 6.33414 2.980E+10 8.239E+11 3.617E-02 2.690E-04
143 2.000 1 4.000 6.39395 8.210E+10 2.991E+12 2.745E-02 2.515E-04
110 2.000 1 4.000 6.41955 7.425E+10 5.490E+12 1.352E-02 2.294E-04
147 2.000 1 4.000 6.39288 7.230E+10 2.445E+12 2.957E-02 2.215E-04
330 6.000 1 4.000 6.35472 2.407E+10 7.392E+11 3.256E-02 2.186E-04
327 2.000 1 4.000 6.35602 7.175E+10 1.044E+12 6.870E-02 2.173E-04
150 2.000 1 4.000 6.38955 7.065E+10 3.389E+12 2.085E-02 2.163E-04
148 2.000 1 4.000 6.39250 6.755E+10 2.744E+12 2.462E-02 2.070E-04
218 6.000 1 4.000 6.37074 2.255E+10 1.232E+12 1.831E-02 2.058E-04
329 4.000 1 4.000 6.35477 2.713E+10 6.932E+11 3.913E-02 1.642E-04
23 4.000 1 4.000 6.56575 2.479E+10 2.193E+13 1.130E-03 1.602E-04
71 2.000 1 4.000 6.44207 5.120E+10 5.894E+12 8.687E-03 1.594E-04
208 4.000 1 4.000 6.37243 2.613E+10 2.612E+12 1.000E-02 1.591E-04
461 4.000 1 4.000 6.33405 2.558E+10 8.602E+11 2.973E-02 1.538E-04
324 6.000 1 4.000 6.35665 1.312E+10 6.831E+11 1.921E-02 1.193E-04
225 2.000 1 4.000 6.36865 3.558E+10 1.418E+12 2.509E-02 1.082E-04
431 2.000 1 4.000 6.34737 3.361E+10 1.429E+12 2.352E-02 1.015E-04
462 2.000 1 4.000 6.33385 2.933E+10 7.319E+11 4.008E-02 8.820E-05
427 4.000 1 4.000 6.34816 1.414E+10 1.362E+12 1.039E-02 8.545E-05
221 2.000 1 4.000 6.36964 2.372E+10 1.780E+12 1.332E-02 7.215E-05
332 2.000 1 4.000 6.35465 2.120E+10 8.352E+11 2.538E-02 6.418E-05
333 2.000 1 4.000 6.35430 1.810E+10 1.065E+12 1.699E-02 5.478E-05
429 2.000 1 4.000 6.34797 1.708E+10 1.416E+12 1.206E-02 5.158E-05
458 4.000 1 4.000 6.33416 7.703E+09 8.202E+11 9.391E-03 4.635E-05
226 2.000 1 4.000 6.36809 1.265E+10 1.611E+12 7.847E-03 3.845E-05
460 2.000 1 4.000 6.33406 8.750E+09 8.416E+11 1.040E-02 2.630E-05
77 4.000 1 4.000 6.43977 4.190E+09 6.362E+12 6.586E-04 2.605E-05
138 4.000 1 4.000 6.39566 4.103E+09 1.021E+12 4.019E-03 2.515E-05
66 4.000 1 4.000 6.44502 3.740E+09 1.961E+12 1.907E-03 2.329E-05
344 2.000 1 4.000 6.35331 6.930E+09 1.133E+12 6.114E-03 2.097E-05
215 4.000 1 4.000 6.37096 2.530E+09 5.809E+11 4.355E-03 1.540E-05
231 2.000 1 4.000 6.36630 4.779E+09 2.809E+12 1.701E-03 1.452E-05
24 2.000 1 4.000 6.56511 3.064E+09 2.210E+13 1.386E-04 9.900E-06
104 6.000 1 4.000 6.42090 9.908E+08 3.893E+10 2.545E-02 9.188E-06
321 4.000 1 4.000 6.35676 1.384E+09 3.336E+11 4.147E-03 8.380E-06
75 2.000 1 4.000 6.44090 2.210E+09 5.235E+12 4.222E-04 6.873E-06
27 2.000 1 4.000 6.56146 2.010E+09 1.742E+13 1.154E-04 6.487E-06
113 6.000 1 4.000 6.41926 5.040E+08 8.912E+09 5.655E-02 4.670E-06
44 8.000 1 4.000 6.51084 2.056E+08 2.738E+11 7.509E-04 2.615E-06
20 4.000 1 4.000 6.57285 4.020E+08 6.334E+12 6.346E-05 2.603E-06
149 4.000 1 4.000 6.39192 2.394E+08 2.540E+12 9.428E-05 1.467E-06
102 4.000 1 4.000 6.42114 2.258E+08 4.092E+10 5.519E-03 1.396E-06
46 6.000 1 4.000 6.50949 1.452E+08 2.735E+11 5.307E-04 1.384E-06
48 4.000 1 4.000 6.50804 1.805E+08 2.683E+11 6.725E-04 1.146E-06
119 6.000 1 4.000 6.41789 9.517E+07 1.454E+09 6.547E-02 8.815E-07
53 2.000 1 4.000 6.50628 2.663E+08 1.691E+11 1.575E-03 8.450E-07
100 6.000 1 4.000 6.42119 8.878E+07 3.707E+09 2.395E-02 8.233E-07
87 8.000 1 4.000 6.42521 6.568E+07 1.811E+11 3.626E-04 8.130E-07
300 6.000 1 4.000 6.36201 8.132E+07 3.049E+09 2.667E-02 7.403E-07
56 8.000 1 4.000 6.48859 5.791E+07 5.820E+11 9.950E-05 7.312E-07
146 4.000 1 4.000 6.39302 9.786E+07 2.466E+12 3.968E-05 5.995E-07
89 6.000 1 4.000 6.42394 5.562E+07 1.655E+11 3.360E-04 5.160E-07
438 6.000 1 4.000 6.34243 5.408E+07 2.221E+09 2.435E-02 4.893E-07
58 6.000 1 4.000 6.48546 5.135E+07 6.024E+11 8.525E-05 4.858E-07
86 6.000 1 4.000 6.42528 4.920E+07 2.175E+11 2.262E-04 4.568E-07
49 6.000 1 4.000 6.50799 4.405E+07 3.479E+11 1.266E-04 4.198E-07
117 6.000 1 4.000 6.41884 4.317E+07 1.158E+09 3.729E-02 4.000E-07
122 8.000 1 4.000 6.40283 3.210E+07 2.796E+11 1.148E-04 3.945E-07
85 8.000 1 4.000 6.42573 3.075E+07 2.534E+11 1.213E-04 3.808E-07
227 4.000 1 4.000 6.36762 6.205E+07 1.204E+12 5.155E-05 3.773E-07
92 4.000 1 4.000 6.42334 6.080E+07 1.790E+11 3.396E-04 3.763E-07
156 6.000 1 4.000 6.38668 3.738E+07 1.021E+11 3.661E-04 3.430E-07
54 4.000 1 4.000 6.50431 5.268E+07 1.661E+11 3.171E-04 3.340E-07
96 2.000 1 4.000 6.42217 1.033E+08 1.267E+11 8.152E-04 3.195E-07
157 8.000 1 4.000 6.38666 2.566E+07 1.020E+11 2.516E-04 3.138E-07
469 6.000 1 4.000 6.33068 3.477E+07 1.572E+09 2.212E-02 3.133E-07
155 8.000 1 4.000 6.38690 2.164E+07 1.227E+11 1.764E-04 2.645E-07
42 8.000 1 4.000 6.51227 1.978E+07 5.745E+11 3.442E-05 2.515E-07
60 4.000 1 4.000 6.48529 3.898E+07 6.566E+11 5.936E-05 2.458E-07
125 6.000 1 4.000 6.40180 2.665E+07 3.153E+11 8.452E-05 2.457E-07
88 4.000 1 4.000 6.42464 3.910E+07 2.163E+11 1.808E-04 2.420E-07
91 8.000 1 4.000 6.42343 1.858E+07 2.263E+11 8.210E-05 2.299E-07
270 8.000 1 4.000 6.36431 1.808E+07 8.245E+10 2.192E-04 2.195E-07
234 6.000 1 4.000 6.36612 2.407E+07 5.500E+10 4.376E-04 2.194E-07
158 4.000 1 4.000 6.38623 3.488E+07 1.057E+11 3.300E-04 2.132E-07
282 6.000 1 4.000 6.36303 2.202E+07 7.347E+08 2.997E-02 2.005E-07
232 8.000 1 4.000 6.36624 1.620E+07 6.235E+10 2.598E-04 1.968E-07
236 4.000 1 4.000 6.36595 3.233E+07 4.701E+10 6.877E-04 1.964E-07
175 6.000 1 4.000 6.38448 2.040E+07 8.772E+08 2.325E-02 1.870E-07
251 6.000 1 4.000 6.36486 2.052E+07 6.663E+08 3.079E-02 1.869E-07
98 4.000 1 4.000 6.42137 2.993E+07 6.721E+09 4.452E-03 1.850E-07
189 6.000 1 4.000 6.38271 1.983E+07 1.049E+09 1.891E-02 1.817E-07
52 6.000 1 4.000 6.50720 1.818E+07 3.541E+11 5.135E-05 1.732E-07
160 6.000 1 4.000 6.38512 1.805E+07 8.575E+10 2.105E-04 1.655E-07
235 8.000 1 4.000 6.36611 1.306E+07 5.879E+10 2.222E-04 1.587E-07
47 8.000 1 4.000 6.50811 1.140E+07 4.297E+11 2.654E-05 1.448E-07
43 6.000 1 4.000 6.51151 1.502E+07 5.647E+11 2.660E-05 1.432E-07
126 4.000 1 4.000 6.40178 2.256E+07 3.185E+11 7.084E-05 1.386E-07
161 8.000 1 4.000 6.38487 1.130E+07 1.243E+11 9.094E-05 1.382E-07
277 6.000 1 4.000 6.36379 1.494E+07 1.748E+11 8.546E-05 1.360E-07
339 6.000 1 4.000 6.35385 1.443E+07 3.461E+10 4.168E-04 1.310E-07
237 2.000 1 4.000 6.36582 4.191E+07 3.810E+10 1.100E-03 1.273E-07
107 4.000 1 4.000 6.42068 1.908E+07 1.322E+11 1.443E-04 1.179E-07
162 4.000 1 4.000 6.38482 1.910E+07 9.764E+10 1.956E-04 1.168E-07
55 6.000 1 4.000 6.48875 1.202E+07 5.496E+11 2.187E-05 1.138E-07
433 8.000 1 4.000 6.34369 8.819E+06 8.714E+10 1.012E-04 1.064E-07
337 8.000 1 4.000 6.35392 8.572E+06 4.000E+10 2.143E-04 1.038E-07
341 4.000 1 4.000 6.35366 1.706E+07 3.662E+10 4.659E-04 1.033E-07
116 4.000 1 4.000 6.41884 1.659E+07 1.415E+09 1.172E-02 1.025E-07
185 2.000 1 4.000 6.38431 3.298E+07 9.378E+10 3.516E-04 1.008E-07
201 6.000 1 4.000 6.38148 1.073E+07 1.160E+09 9.247E-03 9.823E-08
340 8.000 1 4.000 6.35385 6.945E+06 3.803E+10 1.826E-04 8.408E-08
159 2.000 1 4.000 6.38557 2.745E+07 1.129E+11 2.432E-04 8.390E-08
269 6.000 1 4.000 6.36442 8.822E+06 4.263E+10 2.069E-04 8.035E-08
124 2.000 1 4.000 6.40207 2.517E+07 4.529E+11 5.557E-05 7.733E-08
358 6.000 1 4.000 6.35308 8.170E+06 4.651E+08 1.757E-02 7.415E-08
435 6.000 1 4.000 6.34346 8.120E+06 1.057E+11 7.683E-05 7.348E-08
242 6.000 1 4.000 6.36494 8.025E+06 2.943E+08 2.727E-02 7.310E-08
224 4.000 1 4.000 6.36871 1.156E+07 1.448E+12 7.987E-06 7.030E-08
168 6.000 1 4.000 6.38463 7.427E+06 3.614E+08 2.055E-02 6.808E-08
301 4.000 1 4.000 6.36201 1.091E+07 3.194E+09 3.414E-03 6.618E-08
90 2.000 1 4.000 6.42352 2.102E+07 2.020E+11 1.040E-04 6.503E-08
394 6.000 1 4.000 6.35122 7.142E+06 5.083E+08 1.405E-02 6.480E-08
121 6.000 1 4.000 6.40289 6.783E+06 2.667E+11 2.543E-05 6.255E-08
464 8.000 1 4.000 6.33144 5.202E+06 5.363E+10 9.701E-05 6.255E-08
343 2.000 1 4.000 6.35344 1.901E+07 4.243E+10 4.479E-04 5.750E-08
276 4.000 1 4.000 6.36379 9.420E+06 1.745E+11 5.398E-05 5.720E-08
21 8.000 1 4.000 6.56725 4.380E+06 2.239E+13 1.957E-07 5.665E-08
51 4.000 1 4.000 6.50744 8.105E+06 4.207E+11 1.927E-05 5.145E-08
59 2.000 1 4.000 6.48538 1.533E+07 8.701E+11 1.761E-05 4.833E-08
439 4.000 1 4.000 6.34242 7.918E+06 2.249E+09 3.520E-03 4.775E-08
386 8.000 1 4.000 6.35198 3.788E+06 4.579E+10 8.272E-05 4.583E-08
243 4.000 1 4.000 6.36492 7.438E+06 3.862E+08 1.926E-02 4.518E-08
349 6.000 1 4.000 6.35313 4.937E+06 2.162E+08 2.283E-02 4.480E-08
436 4.000 1 4.000 6.34344 7.415E+06 1.186E+11 6.251E-05 4.475E-08
93 6.000 1 4.000 6.42332 4.802E+06 1.953E+11 2.459E-05 4.455E-08
305 6.000 1 4.000 6.36185 4.870E+06 9.054E+08 5.379E-03 4.433E-08
169 4.000 1 4.000 6.38459 7.245E+06 4.854E+08 1.493E-02 4.428E-08
84 6.000 1 4.000 6.42594 4.677E+06 7.873E+10 5.940E-05 4.343E-08
467 6.000 1 4.000 6.33132 4.813E+06 6.575E+10 7.321E-05 4.338E-08
131 6.000 1 4.000 6.39840 4.648E+06 3.560E+09 1.306E-03 4.280E-08
123 4.000 1 4.000 6.40228 6.723E+06 4.297E+11 1.564E-05 4.133E-08
45 4.000 1 4.000 6.51078 6.190E+06 5.824E+11 1.063E-05 3.935E-08
385 6.000 1 4.000 6.35205 4.298E+06 3.011E+10 1.428E-04 3.900E-08
268 4.000 1 4.000 6.36451 6.148E+06 9.595E+10 6.407E-05 3.733E-08
154 6.000 1 4.000 6.38692 3.995E+06 6.232E+10 6.411E-05 3.665E-08
342 4.000 1 4.000 6.35358 5.968E+06 6.453E+11 9.249E-06 3.610E-08
290 6.000 1 4.000 6.36292 3.888E+06 6.165E+08 6.307E-03 3.540E-08
345 2.000 1 4.000 6.35318 1.110E+07 3.515E+09 3.158E-03 3.358E-08
470 4.000 1 4.000 6.33068 5.050E+06 1.593E+09 3.169E-03 3.035E-08
274 8.000 1 4.000 6.36419 2.336E+06 1.403E+11 1.665E-05 2.838E-08
387 4.000 1 4.000 6.35197 4.670E+06 3.289E+10 1.420E-04 2.825E-08
272 2.000 1 4.000 6.36429 9.165E+06 8.697E+10 1.054E-04 2.783E-08
468 4.000 1 4.000 6.33131 4.488E+06 6.896E+10 6.508E-05 2.698E-08
195 6.000 1 4.000 6.38252 2.922E+06 8.854E+08 3.300E-03 2.675E-08
420 6.000 1 4.000 6.35006 2.893E+06 6.025E+08 4.802E-03 2.625E-08
187 4.000 1 4.000 6.38307 4.078E+06 1.023E+11 3.985E-05 2.490E-08
233 6.000 1 4.000 6.36623 2.720E+06 4.230E+10 6.431E-05 2.479E-08
331 4.000 1 4.000 6.35467 3.750E+06 8.748E+11 4.286E-06 2.270E-08
50 2.000 1 4.000 6.50758 6.720E+06 4.182E+11 1.607E-05 2.134E-08
273 4.000 1 4.000 6.36421 3.440E+06 5.615E+10 6.126E-05 2.089E-08
389 2.000 1 4.000 6.35184 6.690E+06 3.455E+10 1.936E-04 2.024E-08
239 4.000 1 4.000 6.36500 2.998E+06 8.957E+07 3.347E-02 1.820E-08
400 6.000 1 4.000 6.35115 1.975E+06 4.284E+08 4.611E-03 1.791E-08
350 4.000 1 4.000 6.35311 2.828E+06 2.580E+08 1.096E-02 1.711E-08
165 4.000 1 4.000 6.38473 2.780E+06 1.113E+08 2.498E-02 1.700E-08
432 6.000 1 4.000 6.34370 1.857E+06 8.605E+10 2.158E-05 1.680E-08
275 6.000 1 4.000 6.36417 1.712E+06 1.209E+11 1.416E-05 1.559E-08
67 8.000 1 4.000 6.44399 1.220E+06 5.998E+12 2.035E-07 1.520E-08
289 4.000 1 4.000 6.36292 2.485E+06 7.192E+08 3.454E-03 1.508E-08
184 4.000 1 4.000 6.38442 2.385E+06 1.335E+11 1.787E-05 1.458E-08
437 2.000 1 4.000 6.34343 4.684E+06 1.549E+11 3.023E-05 1.413E-08
346 4.000 1 4.000 6.35317 2.290E+06 2.561E+08 8.941E-03 1.386E-08
338 6.000 1 4.000 6.35391 1.521E+06 2.809E+10 5.413E-05 1.381E-08
194 4.000 1 4.000 6.38252 2.001E+06 1.023E+09 1.957E-03 1.222E-08
40 6.000 1 4.000 6.51381 1.238E+06 6.651E+10 1.861E-05 1.181E-08
163 6.000 1 4.000 6.38481 1.257E+06 1.059E+11 1.188E-05 1.153E-08
466 2.000 1 4.000 6.33132 3.708E+06 9.054E+10 4.095E-05 1.114E-08
463 6.000 1 4.000 6.33145 1.099E+06 5.207E+10 2.110E-05 9.908E-09
95 6.000 1 4.000 6.42233 7.538E+05 1.767E+11 4.267E-06 6.993E-09
139 8.000 1 4.000 6.39536 5.134E+05 2.483E+12 2.068E-07 6.295E-09
390 4.000 1 4.000 6.35176 1.036E+06 6.025E+10 1.719E-05 6.265E-09
229 4.000 1 4.000 6.36636 9.060E+05 2.157E+10 4.200E-05 5.505E-09
399 4.000 1 4.000 6.35115 7.053E+05 4.894E+08 1.441E-03 4.265E-09
217 8.000 1 4.000 6.37084 2.542E+05 1.220E+12 2.085E-07 3.095E-09
82 4.000 1 4.000 6.42642 4.970E+05 4.516E+10 1.101E-05 3.078E-09
152 4.000 1 4.000 6.38716 4.418E+05 3.157E+10 1.399E-05 2.703E-09
132 4.000 1 4.000 6.39839 4.258E+05 3.626E+09 1.174E-04 2.615E-09
465 4.000 1 4.000 6.33136 4.160E+05 8.142E+10 5.110E-06 2.500E-09
136 6.000 1 4.000 6.39764 2.613E+05 2.289E+09 1.142E-04 2.406E-09
94 4.000 1 4.000 6.42291 3.593E+05 2.382E+11 1.508E-06 2.222E-09
388 6.000 1 4.000 6.35196 2.422E+05 3.842E+10 6.303E-06 2.198E-09
418 4.000 1 4.000 6.35074 3.200E+05 4.009E+10 7.983E-06 1.935E-09
322 8.000 1 4.000 6.35670 1.339E+05 6.538E+11 2.048E-07 1.622E-09
335 4.000 1 4.000 6.35398 2.207E+05 1.414E+10 1.560E-05 1.336E-09
17 2.000 1 4.000 6.59239 3.096E+05 2.683E+13 1.154E-08 1.009E-09
16 4.000 1 4.000 6.59426 1.540E+05 2.835E+13 5.432E-09 1.004E-09
128 4.000 1 4.000 6.40076 1.481E+05 2.703E+12 5.482E-08 9.100E-10
279 2.000 1 4.000 6.36324 2.789E+05 2.421E+11 1.152E-06 8.465E-10
39 4.000 1 4.000 6.51458 1.271E+05 6.008E+10 2.116E-06 8.087E-10
316 6.000 1 4.000 6.36164 8.768E+04 1.935E+09 4.530E-05 7.980E-10
57 4.000 1 4.000 6.48602 1.133E+05 7.897E+11 1.435E-07 7.148E-10
228 2.000 1 4.000 6.36645 2.016E+05 1.021E+10 1.974E-05 6.123E-10
452 6.000 1 4.000 6.34222 6.377E+04 1.395E+09 4.571E-05 5.768E-10
186 6.000 1 4.000 6.38376 5.488E+04 9.164E+10 5.989E-07 5.030E-10
489 6.000 1 4.000 6.33055 4.688E+04 9.901E+08 4.735E-05 4.225E-10
13 6.000 1 4.000 6.60347 4.077E+04 1.212E+13 3.364E-09 3.998E-10
280 6.000 1 4.000 6.36315 4.338E+04 5.380E+10 8.064E-07 3.950E-10
127 6.000 1 4.000 6.40146 3.170E+04 1.347E+12 2.353E-08 2.921E-10
299 4.000 1 4.000 6.36259 4.218E+04 1.380E+11 3.056E-07 2.560E-10
19 2.000 1 4.000 6.57608 6.186E+04 1.682E+13 3.678E-09 2.005E-10
391 4.000 1 4.000 6.35141 3.031E+04 9.107E+11 3.328E-08 1.834E-10
97 2.000 1 4.000 6.42143 4.952E+04 2.549E+07 1.943E-03 1.531E-10
14 4.000 1 4.000 6.60183 2.326E+04 1.207E+13 1.927E-09 1.520E-10
65 2.000 1 4.000 6.45222 4.807E+04 7.706E+12 6.239E-09 1.500E-10
278 4.000 1 4.000 6.36360 2.395E+04 1.454E+11 1.648E-07 1.454E-10
18 4.000 1 4.000 6.57628 2.174E+04 1.548E+13 1.405E-09 1.410E-10
135 2.000 1 4.000 6.39788 4.313E+04 2.952E+12 1.461E-08 1.323E-10
81 2.000 1 4.000 6.42670 4.224E+04 2.876E+10 1.469E-06 1.308E-10
151 2.000 1 4.000 6.38733 4.257E+04 1.684E+10 2.528E-06 1.302E-10
130 2.000 1 4.000 6.39908 3.674E+04 1.936E+12 1.898E-08 1.128E-10
61 6.000 1 4.000 6.45696 1.178E+04 3.282E+12 3.588E-09 1.104E-10
271 6.000 1 4.000 6.36431 1.198E+04 8.349E+10 1.435E-07 1.091E-10
177 8.000 1 4.000 6.38448 8.660E+03 4.602E+07 1.882E-04 1.059E-10
334 2.000 1 4.000 6.35404 3.481E+04 6.384E+09 5.452E-06 1.054E-10
79 4.000 1 4.000 6.43302 1.593E+04 4.176E+12 3.814E-09 9.885E-11
434 4.000 1 4.000 6.34350 1.457E+04 1.321E+11 1.103E-07 8.788E-11
64 4.000 1 4.000 6.45393 1.301E+04 7.146E+12 1.820E-09 8.122E-11
62 4.000 1 4.000 6.45572 1.114E+04 4.381E+12 2.543E-09 6.963E-11
392 2.000 1 4.000 6.35140 2.066E+04 9.660E+11 2.138E-08 6.247E-11
204 4.000 1 4.000 6.37834 8.792E+03 1.735E+12 5.067E-09 5.363E-11
129 4.000 1 4.000 6.39925 8.289E+03 2.262E+12 3.665E-09 5.088E-11
238 2.000 1 4.000 6.36502 1.384E+04 1.608E+07 8.606E-04 4.201E-11
207 4.000 1 4.000 6.37383 6.729E+03 1.565E+12 4.300E-09 4.098E-11
171 6.000 1 4.000 6.38454 4.222E+03 8.055E+07 5.241E-05 3.870E-11
80 2.000 1 4.000 6.43296 1.109E+04 4.461E+12 2.486E-09 3.440E-11
264 8.000 1 4.000 6.36482 2.696E+03 4.997E+06 5.396E-04 3.275E-11
319 4.000 1 4.000 6.35855 5.151E+03 9.824E+11 5.244E-09 3.121E-11
180 8.000 1 4.000 6.38442 2.494E+03 4.517E+06 5.520E-04 3.047E-11
417 6.000 1 4.000 6.35086 3.242E+03 3.106E+10 1.044E-07 2.940E-11
164 2.000 1 4.000 6.38476 9.232E+03 2.172E+07 4.249E-04 2.820E-11
15 2.000 1 4.000 6.60066 7.495E+03 1.210E+13 6.196E-10 2.448E-11
206 6.000 1 4.000 6.37420 2.559E+03 6.617E+11 3.868E-09 2.339E-11
205 2.000 1 4.000 6.37831 6.941E+03 1.849E+12 3.754E-09 2.117E-11
249 6.000 1 4.000 6.36487 2.183E+03 2.278E+03 9.584E-01 1.990E-11
63 2.000 1 4.000 6.45436 6.034E+03 3.572E+12 1.689E-09 1.884E-11
356 6.000 1 4.000 6.35308 1.960E+03 6.092E+04 3.217E-02 1.779E-11
38 2.000 1 4.000 6.51500 4.604E+03 5.535E+10 8.317E-08 1.465E-11
328 2.000 1 4.000 6.35561 4.534E+03 6.814E+11 6.653E-09 1.373E-11
318 6.000 1 4.000 6.35875 1.362E+03 3.550E+11 3.838E-09 1.239E-11
256 6.000 1 4.000 6.36485 1.352E+03 2.428E+06 5.569E-04 1.232E-11
244 4.000 1 4.000 6.36489 1.601E+03 3.776E+04 4.240E-02 9.725E-12
381 8.000 1 4.000 6.35306 7.191E+02 4.315E+06 1.667E-04 8.703E-12
192 8.000 1 4.000 6.38257 5.865E+02 4.003E+06 1.465E-04 7.165E-12
214 2.000 1 4.000 6.37201 2.228E+03 1.247E+12 1.787E-09 6.783E-12
257 8.000 1 4.000 6.36485 5.480E+02 2.191E+06 2.501E-04 6.657E-12
365 6.000 1 4.000 6.35308 5.975E+02 2.274E+06 2.627E-04 5.425E-12
170 4.000 1 4.000 6.38455 8.100E+02 5.400E+08 1.500E-06 4.950E-12
397 8.000 1 4.000 6.35116 2.972E+02 3.755E+06 7.915E-05 3.595E-12
456 4.000 1 4.000 6.33615 5.300E+02 5.537E+11 9.572E-10 3.190E-12
211 4.000 1 4.000 6.37216 5.039E+02 1.020E+12 4.941E-10 3.069E-12
474 8.000 1 4.000 6.33061 2.508E+02 1.369E+07 1.831E-05 3.012E-12
199 8.000 1 4.000 6.38248 2.461E+02 3.863E+06 6.371E-05 3.005E-12
416 8.000 1 4.000 6.35113 2.358E+02 3.488E+06 6.759E-05 2.850E-12
457 2.000 1 4.000 6.33614 9.305E+02 5.965E+11 1.560E-09 2.801E-12
443 8.000 1 4.000 6.34231 2.228E+02 1.596E+07 1.395E-05 2.688E-12
323 2.000 1 4.000 6.35667 6.254E+02 8.209E+11 7.618E-10 1.894E-12
351 4.000 1 4.000 6.35310 3.130E+02 2.962E+04 1.057E-02 1.894E-12
202 8.000 1 4.000 6.38139 1.522E+02 5.116E+06 2.976E-05 1.860E-12
320 4.000 1 4.000 6.35677 2.675E+02 5.800E+11 4.612E-10 1.620E-12
366 8.000 1 4.000 6.35307 1.232E+02 2.050E+06 6.009E-05 1.491E-12
103 8.000 1 4.000 6.42094 1.114E+02 8.937E+08 1.246E-07 1.377E-12
307 8.000 1 4.000 6.36183 9.608E+01 1.444E+07 6.655E-06 1.166E-12
112 8.000 1 4.000 6.41928 9.435E+01 1.015E+09 9.294E-08 1.166E-12
188 8.000 1 4.000 6.38273 8.091E+01 7.877E+08 1.027E-07 9.882E-13
421 8.000 1 4.000 6.35002 7.631E+01 4.802E+06 1.589E-05 9.228E-13
172 8.000 1 4.000 6.38451 7.209E+01 8.580E+08 8.402E-08 8.810E-13
281 8.000 1 4.000 6.36305 5.812E+01 5.413E+08 1.074E-07 7.055E-13
246 8.000 1 4.000 6.36488 4.769E+01 6.388E+08 7.465E-08 5.792E-13
393 8.000 1 4.000 6.35123 4.636E+01 3.881E+08 1.194E-07 5.608E-13
352 6.000 1 4.000 6.35310 6.160E+01 1.075E+05 5.733E-04 5.593E-13
118 8.000 1 4.000 6.41790 4.433E+01 1.272E+09 3.484E-08 5.475E-13
473 6.000 1 4.000 6.33061 5.947E+01 1.378E+07 4.314E-06 5.360E-13
216 2.000 1 4.000 6.37094 1.745E+02 1.290E+12 1.353E-10 5.311E-13
442 6.000 1 4.000 6.34232 5.128E+01 1.608E+07 3.190E-06 4.640E-13
200 8.000 1 4.000 6.38149 3.646E+01 1.046E+09 3.485E-08 4.452E-13
353 8.000 1 4.000 6.35309 3.508E+01 4.793E+08 7.318E-08 4.245E-13
304 8.000 1 4.000 6.36185 2.540E+01 7.750E+08 3.277E-08 3.083E-13
298 8.000 1 4.000 6.36289 2.257E+01 4.151E+06 5.438E-06 2.740E-13
419 8.000 1 4.000 6.35007 2.160E+01 5.245E+08 4.118E-08 2.610E-13
285 8.000 1 4.000 6.36294 2.131E+01 4.377E+06 4.869E-06 2.587E-13
306 6.000 1 4.000 6.36183 2.235E+01 1.454E+07 1.537E-06 2.034E-13
198 6.000 1 4.000 6.38248 2.158E+01 4.183E+06 5.160E-06 1.977E-13
176 6.000 1 4.000 6.38448 1.644E+01 1.104E+08 1.490E-07 1.507E-13
310 8.000 1 4.000 6.36179 1.062E+01 5.632E+06 1.886E-06 1.289E-13
297 6.000 1 4.000 6.36289 6.885E+00 4.496E+06 1.531E-06 6.270E-14
415 6.000 1 4.000 6.35113 4.998E+00 3.779E+06 1.323E-06 4.535E-14
245 6.000 1 4.000 6.36489 4.283E+00 9.858E+06 4.345E-07 3.903E-14
179 8.000 1 4.000 6.38447 7.340E-01 1.224E+09 5.997E-10 8.972E-15
106 8.000 1 4.000 6.42087 6.490E-01 1.503E+09 4.318E-10 8.022E-15
253 8.000 1 4.000 6.36486 6.064E-01 8.661E+08 7.001E-10 7.365E-15
360 8.000 1 4.000 6.35308 5.201E-01 6.115E+08 8.506E-10 6.295E-15
491 8.000 1 4.000 6.33054 2.846E-01 8.288E+06 3.434E-08 3.420E-15
191 8.000 1 4.000 6.38258 2.505E-01 1.311E+09 1.911E-10 3.060E-15
284 8.000 1 4.000 6.36296 2.426E-01 9.550E+08 2.541E-10 2.945E-15
317 8.000 1 4.000 6.36164 2.384E-01 1.919E+09 1.242E-10 2.892E-15
396 8.000 1 4.000 6.35118 2.279E-01 6.793E+08 3.354E-10 2.757E-15
453 8.000 1 4.000 6.34222 2.274E-01 1.400E+09 1.624E-10 2.742E-15
302 8.000 1 4.000 6.36194 1.690E-01 1.580E+09 1.070E-10 2.051E-15
115 8.000 1 4.000 6.41896 1.373E-01 1.514E+09 9.066E-11 1.696E-15
490 8.000 1 4.000 6.33055 1.401E-01 9.931E+08 1.411E-10 1.684E-15
454 8.000 1 4.000 6.34221 9.884E-02 9.664E+06 1.023E-08 1.192E-15
314 8.000 1 4.000 6.36165 4.409E-02 8.739E+06 5.045E-09 5.350E-16
357 8.000 1 4.000 6.35308 4.046E-03 9.119E+05 4.437E-09 4.897E-17
250 8.000 1 4.000 6.36486 3.974E-03 4.291E+05 9.260E-09 4.827E-17
137 8.000 1 4.000 6.39763 4.876E-04 2.295E+09 2.124E-13 5.985E-18
369 8.000 1 4.000 6.35307 3.969E-04 1.457E+05 2.723E-09 4.802E-18
258 8.000 1 4.000 6.36484 3.004E-04 1.298E+05 2.315E-09 3.650E-18
413 8.000 1 4.000 6.35114 4.606E-05 1.605E+04 2.871E-09 5.570E-19
133 8.000 1 4.000 6.39823 4.487E-05 1.900E+09 2.361E-14 5.508E-19
295 8.000 1 4.000 6.36290 3.688E-05 1.188E+04 3.104E-09 4.477E-19
440 8.000 1 4.000 6.34239 3.416E-05 1.158E+09 2.949E-14 4.120E-19
471 8.000 1 4.000 6.33065 2.331E-05 8.218E+08 2.837E-14 2.803E-19
363 8.000 1 4.000 6.35308 1.846E-07 2.191E-01 8.426E-07 2.234E-21
477 8.000 1 4.000 6.33059 8.740E-09 6.148E+04 1.422E-13 1.050E-22
446 8.000 1 4.000 6.34229 6.279E-09 4.484E+04 1.400E-13 7.572E-23
