j g(j) i g(i) wl A A+A^a A/(A+A^a) f
7 3.000 1 1.000 1.85036 4.477E+14 4.477E+14 1.000E+00 6.896E-01
15 3.000 1 1.000 1.57330 1.295E+14 1.382E+14 9.372E-01 1.442E-01
25 3.000 1 1.000 1.49477 5.513E+13 6.043E+13 9.123E-01 5.540E-02
5 3.000 1 1.000 1.85970 3.260E+13 3.260E+13 1.000E+00 5.072E-02
39 3.000 1 1.000 1.46100 2.880E+13 3.209E+13 8.976E-01 2.765E-02
57 3.000 1 1.000 1.44328 1.718E+13 1.944E+13 8.841E-01 1.610E-02
11 3.000 1 1.000 1.57523 1.000E+13 1.896E+13 5.276E-01 1.116E-02
82 3.000 1 1.000 1.43281 1.145E+13 1.338E+13 8.561E-01 1.057E-02
21 3.000 1 1.000 1.49550 4.257E+12 9.607E+12 4.431E-01 4.281E-03
35 3.000 1 1.000 1.46135 2.186E+12 5.417E+12 4.036E-01 2.100E-03
53 3.000 1 1.000 1.44349 1.267E+12 3.382E+12 3.747E-01 1.188E-03
74 3.000 1 1.000 1.43294 7.987E+11 2.391E+12 3.340E-01 7.375E-04
17 5.000 1 1.000 1.57315 1.738E+11 2.558E+13 6.794E-03 3.224E-04
29 5.000 1 1.000 1.49471 1.016E+11 1.116E+13 9.108E-03 1.702E-04
14 5.000 1 1.000 1.57352 8.030E+10 2.581E+13 3.111E-03 1.490E-04
43 5.000 1 1.000 1.46097 5.926E+10 5.944E+12 9.969E-03 9.482E-05
24 5.000 1 1.000 1.49485 4.254E+10 1.127E+13 3.776E-03 7.126E-05
61 5.000 1 1.000 1.44327 3.690E+10 3.652E+12 1.011E-02 5.761E-05
38 5.000 1 1.000 1.46104 2.372E+10 5.990E+12 3.960E-03 3.796E-05
83 5.000 1 1.000 1.43281 2.460E+10 2.681E+12 9.175E-03 3.786E-05
56 5.000 1 1.000 1.44331 1.438E+10 3.656E+12 3.933E-03 2.245E-05
6 5.000 1 1.000 1.85561 6.184E+09 7.598E+09 8.139E-01 1.596E-05
78 5.000 1 1.000 1.43283 9.376E+09 2.623E+12 3.575E-03 1.443E-05
12 5.000 1 1.000 1.57435 2.392E+09 8.749E+12 2.734E-04 4.443E-06
22 5.000 1 1.000 1.49516 1.104E+09 5.255E+12 2.101E-04 1.850E-06
36 5.000 1 1.000 1.46119 5.930E+08 3.175E+12 1.868E-04 9.492E-07
54 5.000 1 1.000 1.44340 3.554E+08 2.075E+12 1.713E-04 5.552E-07
76 5.000 1 1.000 1.43288 2.330E+08 1.552E+12 1.501E-04 3.585E-07
2 3.000 1 1.000 1.86840 2.031E+08 2.031E+08 1.000E+00 3.188E-07
8 3.000 1 1.000 1.57696 9.063E+07 3.061E+12 2.961E-05 1.014E-07
18 3.000 1 1.000 1.49614 4.357E+07 2.203E+12 1.977E-05 4.386E-08
32 3.000 1 1.000 1.46167 2.375E+07 1.505E+12 1.578E-05 2.282E-08
50 3.000 1 1.000 1.44367 1.431E+07 1.116E+12 1.282E-05 1.341E-08
72 3.000 1 1.000 1.43305 9.350E+06 1.047E+12 8.932E-06 8.636E-09
13 3.000 1 1.000 1.57354 9.817E+05 2.588E+13 3.793E-08 1.093E-09
23 3.000 1 1.000 1.49486 6.213E+05 1.129E+13 5.504E-08 6.244E-10
37 3.000 1 1.000 1.46105 3.753E+05 5.987E+12 6.269E-08 3.603E-10
55 3.000 1 1.000 1.44332 2.377E+05 3.632E+12 6.545E-08 2.228E-10
77 3.000 1 1.000 1.43284 1.597E+05 2.556E+12 6.248E-08 1.475E-10
27 5.000 1 1.000 1.49472 1.152E+02 5.422E+12 2.125E-11 1.930E-13
41 5.000 1 1.000 1.46098 1.014E+02 2.819E+12 3.597E-11 1.622E-13
59 5.000 1 1.000 1.44328 7.476E+01 1.662E+12 4.499E-11 1.167E-13
80 5.000 1 1.000 1.43281 5.396E+01 1.080E+12 4.995E-11 8.304E-14
