!@# 6 5.00 10.0 30.0 100. 300. 0.100E+04
i j E(eV) a0 a1 a2
1 98 2084.753512 3.684E-09 5.248E+02 -3.040E+00
6 98 496.569715 3.072E-12 1.670E+02 -2.556E+00
12 98 219.568763 2.493E-13 6.254E+01 -2.403E+00
22 98 123.173592 5.874E-14 2.967E+01 -2.331E+00
36 98 78.694868 2.258E-14 1.669E+01 -2.294E+00
54 98 54.577247 1.105E-14 1.041E+01 -2.272E+00
76 98 40.042123 6.242E-15 7.109E+00 -2.257E+00
2 98 510.776538 1.732E-12 1.764E+02 -2.620E+00
8 98 223.564184 8.975E-14 5.939E+01 -2.413E+00
13 98 217.859146 5.401E-09 6.802E+01 -4.270E+00
18 98 124.871500 2.014E-14 2.777E+01 -2.335E+00
23 98 122.526886 7.613E-10 7.202E+01 -4.086E+00
32 98 79.587107 7.647E-15 1.556E+01 -2.296E+00
37 98 78.402407 1.187E-10 6.040E+01 -3.913E+00
50 98 55.115618 3.722E-15 9.673E+00 -2.274E+00
55 98 54.435748 2.620E-11 4.950E+01 -3.775E+00
72 98 40.410024 2.098E-15 6.549E+00 -2.259E+00
77 98 39.984950 7.760E-12 4.098E+01 -3.668E+00
3 98 497.829813 1.421E-09 1.196E+02 -3.535E+00
9 98 219.972766 6.580E-11 1.023E+02 -3.293E+00
19 98 123.382206 5.580E-12 6.517E+01 -3.084E+00
33 98 78.827134 1.038E-12 4.377E+01 -2.949E+00
51 98 54.673963 3.069E-13 3.127E+01 -2.858E+00
73 98 40.127562 1.202E-13 2.354E+01 -2.792E+00
4 98 497.522303 6.428E-10 1.206E+02 -3.542E+00
7 98 486.458116 5.301E-10 1.151E+02 -3.485E+00
10 98 219.882902 2.885E-11 1.022E+02 -3.296E+00
17 98 216.674532 3.554E-11 1.042E+02 -3.288E+00
20 98 123.344515 2.439E-12 6.508E+01 -3.087E+00
31 98 121.962591 3.167E-12 6.653E+01 -3.085E+00
34 98 78.807903 4.541E-13 4.374E+01 -2.951E+00
49 98 78.075048 5.959E-13 4.468E+01 -2.952E+00
52 98 54.662862 1.345E-13 3.127E+01 -2.860E+00
71 98 54.216884 1.766E-13 3.193E+01 -2.861E+00
74 98 40.120593 5.288E-14 2.358E+01 -2.794E+00
97 98 39.811916 6.941E-14 2.413E+01 -2.795E+00
5 98 496.851523 5.864E-10 1.193E+02 -3.541E+00
11 98 219.686266 2.707E-11 1.020E+02 -3.299E+00
21 98 123.262199 2.292E-12 6.503E+01 -3.090E+00
26 98 122.473898 3.250E-08 5.006E+01 -5.056E+00
35 98 78.766047 4.263E-13 4.374E+01 -2.954E+00
40 98 78.378856 9.823E-09 5.586E+01 -4.918E+00
53 98 54.638816 1.259E-13 3.128E+01 -2.863E+00
57 98 54.425231 2.639E-09 5.296E+01 -4.785E+00
75 98 40.105625 4.943E-14 2.362E+01 -2.797E+00
79 98 39.981939 7.911E-10 4.812E+01 -4.668E+00
14 98 217.834868 3.524E-09 6.810E+01 -4.271E+00
16 98 217.660100 4.686E-09 6.827E+01 -4.273E+00
24 98 122.515641 5.051E-10 7.204E+01 -4.087E+00
30 98 122.426508 6.499E-10 7.216E+01 -4.089E+00
38 98 78.396462 7.931E-11 6.041E+01 -3.914E+00
48 98 78.346706 1.006E-10 6.050E+01 -3.916E+00
56 98 54.432242 1.758E-11 4.951E+01 -3.776E+00
70 98 54.401779 2.209E-11 4.958E+01 -3.778E+00
78 98 39.982703 5.228E-12 4.100E+01 -3.669E+00
96 98 39.962408 6.522E-12 4.106E+01 -3.671E+00
15 98 217.766738 3.546E-09 6.814E+01 -4.274E+00
25 98 122.488055 4.985E-10 7.208E+01 -4.090E+00
39 98 78.382574 7.762E-11 6.045E+01 -3.917E+00
42 98 78.369807 2.588E-07 4.211E+01 -5.904E+00
59 98 54.424282 1.710E-11 4.955E+01 -3.778E+00
60 98 54.420281 1.374E-07 4.710E+01 -5.804E+00
85 98 39.977730 5.065E-12 4.104E+01 -3.671E+00
81 98 39.979072 5.055E-08 4.652E+01 -5.686E+00
27 98 122.473521 2.322E-08 5.006E+01 -5.056E+00
29 98 122.453760 3.146E-08 5.015E+01 -5.059E+00
41 98 78.378553 7.020E-09 5.586E+01 -4.918E+00
45 98 78.368375 9.419E-09 5.587E+01 -4.920E+00
58 98 54.425018 1.886E-09 5.296E+01 -4.785E+00
63 98 54.419086 2.536E-09 5.299E+01 -4.787E+00
80 98 39.981789 5.655E-10 4.812E+01 -4.668E+00
84 98 39.978014 7.475E-10 4.802E+01 -4.667E+00
28 98 122.454288 2.448E-08 5.015E+01 -5.059E+00
44 98 78.368811 7.328E-09 5.587E+01 -4.920E+00
62 98 54.419399 1.974E-09 5.299E+01 -4.787E+00
64 98 54.416818 2.307E-06 3.718E+01 -6.800E+00
83 98 39.978236 5.817E-10 4.802E+01 -4.667E+00
86 98 39.976873 1.610E-06 4.055E+01 -6.706E+00
43 98 78.369805 2.013E-07 4.211E+01 -5.904E+00
47 98 78.363793 2.513E-07 4.208E+01 -5.904E+00
61 98 54.420279 1.068E-07 4.710E+01 -5.804E+00
67 98 54.416789 1.229E-07 4.664E+01 -5.792E+00
82 98 39.979070 3.932E-08 4.652E+01 -5.686E+00
89 98 39.976847 4.838E-08 4.640E+01 -5.685E+00
46 98 78.363795 2.056E-07 4.208E+01 -5.904E+00
66 98 54.416791 1.006E-07 4.664E+01 -5.792E+00
88 98 39.976849 3.958E-08 4.640E+01 -5.685E+00
92 98 39.975400 2.578E-05 3.397E+01 -7.772E+00
65 98 54.416818 1.888E-06 3.718E+01 -6.800E+00
68 98 54.414498 2.271E-06 3.716E+01 -6.801E+00
87 98 39.976873 1.317E-06 4.055E+01 -6.706E+00
91 98 39.975401 1.668E-06 4.076E+01 -6.715E+00
69 98 54.414498 1.922E-06 3.716E+01 -6.801E+00
90 98 39.975401 1.412E-06 4.076E+01 -6.715E+00
93 98 39.975400 2.182E-05 3.397E+01 -7.772E+00
95 98 39.974356 2.958E-05 3.452E+01 -7.794E+00
94 98 39.974356 2.563E-05 3.452E+01 -7.794E+00
