j g(j) i g(i) wl A A+A^a A/(A+A^a) f
7 3.000 1 1.000 7.75734 2.568E+13 2.568E+13 1.000E+00 6.950E-01
17 3.000 1 1.000 6.63704 8.003E+12 8.466E+12 9.454E-01 1.586E-01
31 3.000 1 1.000 6.31678 3.560E+12 3.853E+12 9.241E-01 6.386E-02
49 3.000 1 1.000 6.17863 1.932E+12 2.124E+12 9.096E-01 3.317E-02
71 3.000 1 1.000 6.10603 1.204E+12 1.349E+12 8.923E-01 2.019E-02
97 3.000 1 1.000 6.06302 8.667E+11 1.026E+12 8.450E-01 1.433E-02
4 3.000 1 1.000 7.81141 4.013E+10 4.028E+10 9.964E-01 1.102E-03
10 3.000 1 1.000 6.64846 1.252E+10 4.885E+11 2.564E-02 2.490E-04
20 3.000 1 1.000 6.32123 5.213E+09 2.963E+11 1.759E-02 9.372E-05
16 5.000 1 1.000 6.64054 2.716E+09 1.345E+12 2.020E-03 8.979E-05
30 5.000 1 1.000 6.31827 1.621E+09 5.912E+11 2.742E-03 4.852E-05
34 3.000 1 1.000 6.18088 2.588E+09 1.836E+11 1.410E-02 4.447E-05
48 5.000 1 1.000 6.17946 9.588E+08 3.239E+11 2.960E-03 2.745E-05
52 3.000 1 1.000 6.10737 1.430E+09 1.258E+11 1.137E-02 2.399E-05
70 5.000 1 1.000 6.10659 6.062E+08 2.117E+11 2.864E-03 1.695E-05
74 3.000 1 1.000 6.06393 8.250E+08 1.066E+11 7.736E-03 1.365E-05
96 5.000 1 1.000 6.06346 4.146E+08 1.870E+11 2.217E-03 1.143E-05
14 5.000 1 1.000 6.64117 2.092E+08 1.387E+12 1.509E-04 6.915E-06
24 5.000 1 1.000 6.31856 8.016E+07 6.122E+11 1.309E-04 2.399E-06
38 5.000 1 1.000 6.17962 3.894E+07 3.314E+11 1.175E-04 1.115E-06
5 5.000 1 1.000 7.80811 1.879E+07 1.895E+08 9.916E-02 8.588E-07
56 5.000 1 1.000 6.10668 2.172E+07 2.092E+11 1.038E-04 6.071E-07
78 5.000 1 1.000 6.06352 1.315E+07 1.649E+11 7.974E-05 3.623E-07
11 5.000 1 1.000 6.64776 7.540E+06 4.739E+11 1.591E-05 2.498E-07
21 5.000 1 1.000 6.32096 3.562E+06 2.901E+11 1.228E-05 1.067E-07
35 5.000 1 1.000 6.18076 1.954E+06 1.804E+11 1.083E-05 5.595E-08
53 5.000 1 1.000 6.10730 1.199E+06 1.240E+11 9.673E-06 3.354E-08
75 5.000 1 1.000 6.06389 8.178E+05 1.056E+11 7.741E-06 2.254E-08
2 3.000 1 1.000 7.87719 1.604E+05 1.604E+05 1.000E+00 4.477E-09
8 3.000 1 1.000 6.66161 7.243E+04 1.833E+11 3.951E-07 1.446E-09
18 3.000 1 1.000 6.32615 3.523E+04 1.366E+11 2.579E-07 6.340E-10
32 3.000 1 1.000 6.18329 1.944E+04 9.960E+10 1.952E-07 3.343E-10
50 3.000 1 1.000 6.10873 1.189E+04 8.292E+10 1.434E-07 1.996E-10
72 3.000 1 1.000 6.06479 7.977E+03 1.007E+11 7.923E-08 1.320E-10
13 3.000 1 1.000 6.64125 7.087E+02 1.391E+12 5.096E-10 1.406E-11
23 3.000 1 1.000 6.31860 4.560E+02 6.135E+11 7.432E-10 8.186E-12
37 3.000 1 1.000 6.17963 2.792E+02 3.319E+11 8.414E-10 4.796E-12
55 3.000 1 1.000 6.10669 1.797E+02 2.092E+11 8.588E-10 3.013E-12
77 3.000 1 1.000 6.06353 1.237E+02 1.643E+11 7.529E-10 2.045E-12
26 5.000 1 1.000 6.31843 1.751E-02 2.868E+11 6.105E-14 5.240E-16
40 5.000 1 1.000 6.17956 1.551E-02 1.493E+11 1.039E-13 4.440E-16
57 5.000 1 1.000 6.10666 1.150E-02 8.861E+10 1.298E-13 3.214E-16
79 5.000 1 1.000 6.06352 8.358E-03 5.928E+10 1.410E-13 2.304E-16
