!@# 6 5.00 10.0 30.0 100. 300. 0.100E+04
i j E(eV) a0 a1 a2
1 98 3222.561793 7.952E-09 7.287E+02 -3.032E+00
5 98 775.255637 3.821E-12 2.192E+02 -2.501E+00
11 98 343.079582 3.461E-13 8.273E+01 -2.366E+00
21 98 192.521616 8.266E-14 3.808E+01 -2.297E+00
35 98 123.024700 3.213E-14 2.068E+01 -2.262E+00
54 98 85.336629 1.603E-14 1.258E+01 -2.243E+00
76 98 62.627758 8.984E-15 7.966E+00 -2.227E+00
2 98 793.164803 2.685E-12 2.486E+02 -2.589E+00
8 98 348.064067 1.255E-13 7.934E+01 -2.376E+00
13 98 340.533519 1.361E-08 9.357E+01 -4.202E+00
18 98 194.624126 2.826E-14 3.574E+01 -2.300E+00
23 98 191.523796 1.433E-09 9.889E+01 -3.987E+00
32 98 124.121680 1.085E-14 1.928E+01 -2.264E+00
37 98 122.553431 1.708E-10 8.029E+01 -3.784E+00
50 98 85.992880 5.387E-15 1.168E+01 -2.244E+00
55 98 85.092098 3.145E-11 6.369E+01 -3.626E+00
72 98 63.069335 3.012E-15 7.303E+00 -2.228E+00
77 98 62.505494 8.317E-12 5.125E+01 -3.505E+00
3 98 776.996706 2.947E-09 1.626E+02 -3.491E+00
9 98 343.570635 1.072E-10 1.413E+02 -3.227E+00
19 98 192.760397 7.100E-12 8.524E+01 -2.993E+00
33 98 123.170983 1.191E-12 5.478E+01 -2.848E+00
51 98 85.440843 3.406E-13 3.787E+01 -2.754E+00
73 98 62.716977 1.295E-13 2.741E+01 -2.685E+00
4 98 776.287340 1.401E-09 1.671E+02 -3.507E+00
7 98 761.824876 9.918E-10 1.488E+02 -3.429E+00
10 98 343.363502 4.602E-11 1.410E+02 -3.231E+00
17 98 339.217796 5.931E-11 1.428E+02 -3.224E+00
20 98 192.673367 3.035E-12 8.504E+01 -2.996E+00
31 98 190.904529 4.167E-12 8.670E+01 -2.996E+00
34 98 123.126463 5.099E-13 5.470E+01 -2.851E+00
49 98 122.197371 7.062E-13 5.579E+01 -2.852E+00
52 98 85.415058 1.462E-13 3.786E+01 -2.757E+00
71 98 84.856227 2.026E-13 3.865E+01 -2.759E+00
74 98 62.700692 5.577E-14 2.744E+01 -2.688E+00
97 98 62.321932 7.685E-14 2.808E+01 -2.690E+00
6 98 774.612051 1.237E-09 1.619E+02 -3.500E+00
12 98 342.870412 4.472E-11 1.405E+02 -3.235E+00
22 98 192.466590 2.955E-12 8.488E+01 -3.000E+00
26 98 191.407262 9.558E-08 6.863E+01 -4.956E+00
36 98 123.021207 4.949E-13 5.465E+01 -2.855E+00
40 98 122.498018 2.286E-08 7.701E+01 -4.792E+00
53 98 85.354537 1.417E-13 3.789E+01 -2.761E+00
58 98 85.063821 4.707E-09 7.139E+01 -4.627E+00
75 98 62.662965 5.375E-14 2.750E+01 -2.692E+00
79 98 62.492134 1.229E-09 6.396E+01 -4.495E+00
14 98 340.489958 8.525E-09 9.364E+01 -4.203E+00
16 98 340.180628 1.226E-08 9.392E+01 -4.207E+00
24 98 191.502517 9.116E-10 9.891E+01 -3.988E+00
30 98 191.355720 1.271E-09 9.905E+01 -3.992E+00
38 98 122.541944 1.094E-10 8.032E+01 -3.785E+00
46 98 122.462377 1.505E-10 8.044E+01 -3.788E+00
56 98 85.085244 2.025E-11 6.372E+01 -3.627E+00
68 98 85.037424 2.769E-11 6.387E+01 -3.630E+00
78 98 62.501056 5.374E-12 5.127E+01 -3.506E+00
96 98 62.469787 7.258E-12 5.139E+01 -3.509E+00
15 98 340.307326 9.011E-09 9.376E+01 -4.208E+00
25 98 191.428642 9.445E-10 9.894E+01 -3.992E+00
39 98 122.504805 1.124E-10 8.037E+01 -3.788E+00
42 98 122.474952 9.283E-07 5.779E+01 -5.774E+00
57 98 85.063986 2.075E-11 6.383E+01 -3.630E+00
60 98 85.050893 3.819E-07 6.460E+01 -5.642E+00
81 98 62.487803 5.456E-12 5.136E+01 -3.509E+00
82 98 62.484358 1.269E-07 6.393E+01 -5.515E+00
27 98 191.406750 6.827E-08 6.863E+01 -4.956E+00
29 98 191.358662 9.302E-08 6.878E+01 -4.960E+00
41 98 122.497604 1.633E-08 7.701E+01 -4.792E+00
45 98 122.472910 2.222E-08 7.714E+01 -4.795E+00
59 98 85.063528 3.363E-09 7.139E+01 -4.627E+00
63 98 85.049184 4.545E-09 7.144E+01 -4.629E+00
80 98 62.491928 8.781E-10 6.396E+01 -4.495E+00
85 98 62.482833 1.179E-09 6.394E+01 -4.497E+00
28 98 191.359366 7.235E-08 6.878E+01 -4.960E+00
44 98 122.473489 1.729E-08 7.714E+01 -4.795E+00
62 98 85.049596 3.536E-09 7.144E+01 -4.629E+00
64 98 85.042426 1.076E-05 5.130E+01 -6.648E+00
84 98 62.483125 9.174E-10 6.394E+01 -4.497E+00
86 98 62.479003 5.040E-06 5.533E+01 -6.496E+00
43 98 122.474950 7.220E-07 5.779E+01 -5.774E+00
48 98 122.460269 9.168E-07 5.787E+01 -5.777E+00
61 98 85.050891 2.970E-07 6.460E+01 -5.642E+00
67 98 85.042377 3.639E-07 6.441E+01 -5.640E+00
83 98 62.484356 9.866E-08 6.393E+01 -5.515E+00
89 98 62.478956 1.253E-07 6.395E+01 -5.518E+00
47 98 122.460272 7.501E-07 5.787E+01 -5.777E+00
66 98 85.042381 2.977E-07 6.441E+01 -5.640E+00
88 98 62.478959 1.025E-07 6.395E+01 -5.518E+00
92 98 62.475416 1.047E-04 4.540E+01 -7.528E+00
65 98 85.042426 8.800E-06 5.130E+01 -6.648E+00
69 98 85.036763 1.035E-05 5.116E+01 -6.645E+00
87 98 62.479003 4.124E-06 5.533E+01 -6.496E+00
91 98 62.475418 5.264E-06 5.562E+01 -6.505E+00
70 98 85.036763 8.755E-06 5.116E+01 -6.645E+00
90 98 62.475418 4.454E-06 5.562E+01 -6.505E+00
93 98 62.475416 8.860E-05 4.540E+01 -7.528E+00
95 98 62.472869 9.713E-05 4.523E+01 -7.518E+00
94 98 62.472869 8.418E-05 4.523E+01 -7.518E+00
