j g(j) i g(i) wl A A^a A/A^a f
21 6.000 1 4.000 9.71800 6.197E+12 3.251E+14 1.906E-02 1.316E-01
22 4.000 1 4.000 9.71616 6.210E+12 3.239E+14 1.917E-02 8.788E-02
23 2.000 1 4.000 9.71505 6.215E+12 3.276E+14 1.897E-02 4.398E-02
34 6.000 1 4.000 8.87784 1.431E+12 3.233E+13 4.425E-02 2.535E-02
35 4.000 1 4.000 8.87777 1.431E+12 3.222E+13 4.440E-02 1.690E-02
75 6.000 1 4.000 8.80615 6.902E+11 8.108E+12 8.512E-02 1.204E-02
171 6.000 1 4.000 8.68107 6.555E+11 1.706E+13 3.841E-02 1.111E-02
233 6.000 1 4.000 8.60105 6.603E+11 2.224E+12 2.969E-01 1.099E-02
36 2.000 1 4.000 8.87772 1.431E+12 3.243E+13 4.413E-02 8.455E-03
73 4.000 1 4.000 8.80636 6.913E+11 7.898E+12 8.753E-02 8.038E-03
172 4.000 1 4.000 8.68105 6.560E+11 1.714E+13 3.828E-02 7.410E-03
232 4.000 1 4.000 8.60105 6.615E+11 1.926E+12 3.435E-01 7.335E-03
74 2.000 1 4.000 8.80631 7.005E+11 7.605E+12 9.211E-02 4.073E-03
78 6.000 1 4.000 8.79783 2.263E+11 1.543E+13 1.467E-02 3.940E-03
372 6.000 1 4.000 8.56035 2.338E+11 5.475E+12 4.271E-02 3.855E-03
173 2.000 1 4.000 8.68103 6.565E+11 1.642E+13 3.999E-02 3.708E-03
234 2.000 1 4.000 8.60101 6.605E+11 1.704E+12 3.876E-01 3.663E-03
77 4.000 1 4.000 8.79854 2.237E+11 1.428E+13 1.567E-02 2.595E-03
373 4.000 1 4.000 8.56033 2.335E+11 5.194E+12 4.496E-02 2.565E-03
634 6.000 1 4.000 8.51848 1.350E+11 1.683E+12 8.025E-02 2.204E-03
543 6.000 1 4.000 8.53175 1.156E+11 5.961E+12 1.940E-02 1.893E-03
477 6.000 1 4.000 8.53742 1.027E+11 1.754E+12 5.857E-02 1.684E-03
633 4.000 1 4.000 8.51858 1.388E+11 1.646E+12 8.433E-02 1.510E-03
916 6.000 1 4.000 8.47677 8.200E+10 9.343E+11 8.777E-02 1.325E-03
374 2.000 1 4.000 8.56032 2.335E+11 4.880E+12 4.784E-02 1.282E-03
76 2.000 1 4.000 8.79900 2.186E+11 1.360E+13 1.608E-02 1.269E-03
542 4.000 1 4.000 8.53187 1.137E+11 5.362E+12 2.120E-02 1.241E-03
478 4.000 1 4.000 8.53740 1.025E+11 1.830E+12 5.598E-02 1.120E-03
915 4.000 1 4.000 8.47682 8.315E+10 8.781E+11 9.469E-02 8.960E-04
1213 6.000 1 4.000 8.45255 5.170E+10 2.588E+12 1.998E-02 8.308E-04
632 2.000 1 4.000 8.51865 1.429E+11 1.586E+12 9.005E-02 7.770E-04
541 2.000 1 4.000 8.53192 1.106E+11 5.074E+12 2.179E-02 6.033E-04
479 2.000 1 4.000 8.53738 1.029E+11 2.008E+12 5.122E-02 5.618E-04
1212 4.000 1 4.000 8.45258 5.225E+10 1.772E+12 2.949E-02 5.598E-04
904 2.000 1 4.000 8.47686 8.440E+10 8.791E+11 9.601E-02 4.545E-04
1211 2.000 1 4.000 8.45260 5.305E+10 2.756E+12 1.925E-02 2.840E-04
720 6.000 1 4.000 8.49214 1.079E+10 1.895E+12 5.692E-03 1.750E-04
334 6.000 1 4.000 8.58284 9.392E+09 6.751E+12 1.391E-03 1.556E-04
719 4.000 1 4.000 8.49223 1.048E+10 1.705E+12 6.143E-03 1.133E-04
672 6.000 1 4.000 8.50278 6.720E+09 3.163E+12 2.124E-03 1.093E-04
948 6.000 1 4.000 8.46840 3.603E+09 1.536E+13 2.347E-04 5.813E-05
335 4.000 1 4.000 8.58262 5.043E+09 7.055E+12 7.147E-04 5.568E-05
718 2.000 1 4.000 8.49225 9.890E+09 1.590E+12 6.221E-03 5.348E-05
1125 6.000 1 4.000 8.46175 3.173E+09 1.044E+13 3.040E-04 5.110E-05
679 4.000 1 4.000 8.50273 4.065E+09 3.313E+12 1.227E-03 4.405E-05
86 6.000 1 4.000 8.78766 2.237E+09 2.061E+13 1.085E-04 3.885E-05
947 4.000 1 4.000 8.46849 3.438E+09 9.280E+12 3.704E-04 3.698E-05
92 6.000 1 4.000 8.77731 1.895E+09 1.831E+13 1.035E-04 3.285E-05
235 2.000 1 4.000 8.60016 5.900E+09 8.926E+12 6.610E-04 3.273E-05
25 6.000 1 4.000 9.65067 1.231E+09 4.003E+14 3.074E-06 2.578E-05
336 2.000 1 4.000 8.58247 4.302E+09 7.329E+12 5.870E-04 2.376E-05
1320 6.000 1 4.000 8.43787 1.395E+09 5.815E+12 2.400E-04 2.234E-05
83 4.000 1 4.000 8.78999 1.902E+09 9.418E+12 2.019E-04 2.203E-05
82 4.000 1 4.000 8.79308 1.708E+09 2.806E+13 6.087E-05 1.979E-05
1126 4.000 1 4.000 8.46172 1.790E+09 8.982E+12 1.993E-04 1.921E-05
236 4.000 1 4.000 8.59992 1.669E+09 9.425E+12 1.771E-04 1.851E-05
946 2.000 1 4.000 8.46853 3.401E+09 1.116E+12 3.048E-03 1.829E-05
681 2.000 1 4.000 8.50258 3.213E+09 3.385E+12 9.492E-04 1.741E-05
85 4.000 1 4.000 8.78770 1.314E+09 2.091E+13 6.286E-05 1.522E-05
222 6.000 1 4.000 8.61416 8.300E+08 3.699E+12 2.244E-04 1.385E-05
302 6.000 1 4.000 8.58641 7.550E+08 7.023E+12 1.075E-04 1.252E-05
333 4.000 1 4.000 8.58298 1.043E+09 6.794E+12 1.534E-04 1.152E-05
298 4.000 1 4.000 8.58706 9.430E+08 2.882E+12 3.272E-04 1.043E-05
80 4.000 1 4.000 8.79596 7.735E+08 1.517E+13 5.098E-05 8.973E-06
1321 4.000 1 4.000 8.43787 7.125E+08 5.262E+12 1.354E-04 7.605E-06
32 6.000 1 4.000 8.89871 4.157E+08 7.554E+12 5.503E-05 7.404E-06
301 4.000 1 4.000 8.58643 6.633E+08 7.118E+12 9.318E-05 7.330E-06
220 4.000 1 4.000 8.61419 6.510E+08 3.518E+12 1.851E-04 7.243E-06
240 4.000 1 4.000 8.59532 6.375E+08 1.684E+13 3.786E-05 7.060E-06
1127 2.000 1 4.000 8.46161 1.246E+09 9.824E+12 1.268E-04 6.688E-06
81 2.000 1 4.000 8.79327 1.001E+09 2.953E+13 3.389E-05 5.803E-06
663 6.000 1 4.000 8.50440 3.395E+08 3.320E+12 1.023E-04 5.520E-06
239 6.000 1 4.000 8.59960 3.310E+08 1.001E+13 3.306E-05 5.505E-06
680 4.000 1 4.000 8.50261 4.328E+08 3.334E+12 1.298E-04 4.690E-06
662 4.000 1 4.000 8.50442 4.138E+08 3.352E+12 1.234E-04 4.488E-06
221 2.000 1 4.000 8.61417 7.765E+08 3.651E+12 2.127E-04 4.320E-06
79 6.000 1 4.000 8.79608 2.335E+08 1.492E+13 1.565E-05 4.063E-06
658 4.000 1 4.000 8.50471 3.395E+08 1.380E+12 2.461E-04 3.680E-06
322 6.000 1 4.000 8.58511 2.063E+08 7.376E+10 2.798E-03 3.420E-06
24 4.000 1 4.000 9.65095 2.411E+08 3.996E+14 6.034E-07 3.368E-06
482 6.000 1 4.000 8.53631 2.013E+08 2.019E+12 9.970E-05 3.300E-06
476 2.000 1 4.000 8.53811 5.825E+08 8.057E+12 7.230E-05 3.183E-06
91 4.000 1 4.000 8.77868 2.665E+08 2.191E+13 1.216E-05 3.080E-06
31 4.000 1 4.000 8.89889 2.568E+08 7.580E+12 3.388E-05 3.051E-06
641 4.000 1 4.000 8.51543 2.759E+08 1.033E+13 2.671E-05 2.999E-06
1121 4.000 1 4.000 8.46261 2.620E+08 4.053E+12 6.464E-05 2.813E-06
130 6.000 1 4.000 8.73602 1.563E+08 2.703E+13 5.782E-06 2.683E-06
72 8.000 1 4.000 8.81202 1.151E+08 3.864E+11 2.978E-04 2.680E-06
590 6.000 1 4.000 8.52004 1.595E+08 1.585E+09 1.007E-01 2.605E-06
93 4.000 1 4.000 8.77680 2.162E+08 1.792E+13 1.207E-05 2.497E-06
84 2.000 1 4.000 8.78774 4.004E+08 2.104E+13 1.902E-05 2.318E-06
1122 6.000 1 4.000 8.46259 1.432E+08 3.781E+12 3.786E-05 2.306E-06
169 6.000 1 4.000 8.69047 1.329E+08 2.811E+12 4.727E-05 2.257E-06
101 6.000 1 4.000 8.75621 1.280E+08 3.824E+13 3.349E-06 2.208E-06
99 2.000 1 4.000 8.75840 3.824E+08 1.030E+13 3.714E-05 2.199E-06
241 2.000 1 4.000 8.59525 3.931E+08 1.672E+13 2.351E-05 2.177E-06
1317 4.000 1 4.000 8.43841 1.997E+08 2.276E+12 8.776E-05 2.132E-06
71 6.000 1 4.000 8.81206 1.151E+08 3.837E+11 3.000E-04 2.010E-06
26 4.000 1 4.000 9.63739 1.349E+08 2.790E+14 4.834E-07 1.878E-06
28 2.000 1 4.000 9.59291 2.505E+08 3.352E+14 7.474E-07 1.728E-06
55 6.000 1 4.000 8.82414 9.780E+07 9.999E+12 9.781E-06 1.713E-06
1118 4.000 1 4.000 8.46280 1.548E+08 1.463E+12 1.058E-04 1.662E-06
1214 4.000 1 4.000 8.45200 1.550E+08 2.733E+12 5.673E-05 1.660E-06
134 8.000 1 4.000 8.73260 7.124E+07 1.387E+12 5.136E-05 1.629E-06
683 6.000 1 4.000 8.50167 9.525E+07 4.674E+12 2.038E-05 1.548E-06
481 4.000 1 4.000 8.53638 1.414E+08 1.990E+12 7.104E-05 1.545E-06
1322 2.000 1 4.000 8.43775 2.770E+08 5.067E+12 5.466E-05 1.478E-06
917 4.000 1 4.000 8.47490 1.367E+08 5.468E+12 2.501E-05 1.472E-06
188 8.000 1 4.000 8.65913 6.265E+07 3.550E+11 1.765E-04 1.408E-06
70 4.000 1 4.000 8.81209 1.151E+08 3.880E+11 2.967E-04 1.340E-06
54 4.000 1 4.000 8.82436 1.141E+08 9.808E+12 1.164E-05 1.332E-06
1318 6.000 1 4.000 8.43840 8.277E+07 2.204E+12 3.755E-05 1.326E-06
1325 6.000 1 4.000 8.43723 8.208E+07 3.804E+12 2.158E-05 1.314E-06
669 2.000 1 4.000 8.50301 2.321E+08 2.565E+12 9.049E-05 1.258E-06
299 2.000 1 4.000 8.58647 2.228E+08 7.244E+12 3.076E-05 1.231E-06
133 6.000 1 4.000 8.73274 7.083E+07 1.308E+12 5.415E-05 1.215E-06
135 4.000 1 4.000 8.72969 1.048E+08 2.069E+13 5.067E-06 1.198E-06
1130 6.000 1 4.000 8.46125 7.052E+07 2.913E+12 2.421E-05 1.135E-06
338 6.000 1 4.000 8.58094 6.668E+07 9.225E+12 7.228E-06 1.104E-06
187 6.000 1 4.000 8.65914 6.263E+07 3.494E+11 1.793E-04 1.056E-06
469 6.000 1 4.000 8.54109 6.417E+07 5.704E+12 1.125E-05 1.053E-06
471 4.000 1 4.000 8.53971 8.823E+07 5.303E+12 1.664E-05 9.645E-07
945 4.000 1 4.000 8.46876 8.688E+07 3.579E+12 2.428E-05 9.341E-07
168 4.000 1 4.000 8.69054 8.230E+07 2.820E+12 2.918E-05 9.317E-07
94 4.000 1 4.000 8.77620 7.944E+07 1.815E+13 4.376E-06 9.175E-07
332 2.000 1 4.000 8.58356 1.635E+08 6.117E+12 2.673E-05 9.030E-07
474 6.000 1 4.000 8.53828 5.462E+07 4.626E+11 1.181E-04 8.956E-07
692 2.000 1 4.000 8.49634 1.628E+08 9.544E+12 1.705E-05 8.805E-07
1134 4.000 1 4.000 8.45949 8.023E+07 2.734E+12 2.934E-05 8.608E-07
1319 2.000 1 4.000 8.43788 1.573E+08 2.304E+12 6.828E-05 8.395E-07
345 2.000 1 4.000 8.57208 1.518E+08 1.227E+13 1.237E-05 8.358E-07
1124 4.000 1 4.000 8.46200 7.680E+07 4.229E+12 1.816E-05 8.243E-07
132 4.000 1 4.000 8.73286 7.070E+07 1.246E+12 5.676E-05 8.085E-07
90 2.000 1 4.000 8.77943 1.384E+08 2.118E+13 6.533E-06 7.998E-07
325 4.000 1 4.000 8.58507 6.965E+07 9.615E+10 7.244E-04 7.695E-07
272 8.000 1 4.000 8.58964 3.372E+07 1.611E+11 2.093E-04 7.460E-07
642 2.000 1 4.000 8.51531 1.358E+08 1.026E+13 1.324E-05 7.379E-07
342 8.000 1 4.000 8.57701 3.326E+07 7.663E+11 4.340E-05 7.337E-07
593 4.000 1 4.000 8.52002 6.473E+07 6.353E+08 1.019E-01 7.043E-07
185 4.000 1 4.000 8.65914 6.263E+07 3.453E+11 1.814E-04 7.040E-07
660 2.000 1 4.000 8.50445 1.284E+08 3.439E+12 3.733E-05 6.960E-07
69 2.000 1 4.000 8.81211 1.152E+08 3.774E+11 3.051E-04 6.703E-07
361 6.000 1 4.000 8.56314 3.805E+07 7.535E+11 5.050E-05 6.276E-07
1314 4.000 1 4.000 8.43854 5.568E+07 9.144E+11 6.088E-05 5.945E-07
27 2.000 1 4.000 9.63537 8.132E+07 2.768E+14 2.938E-07 5.661E-07
328 2.000 1 4.000 8.58503 1.008E+08 7.310E+10 1.379E-03 5.570E-07
341 6.000 1 4.000 8.57708 3.350E+07 7.283E+11 4.600E-05 5.543E-07
271 6.000 1 4.000 8.58970 3.323E+07 1.541E+11 2.156E-04 5.515E-07
390 8.000 1 4.000 8.55452 2.348E+07 2.114E+11 1.110E-04 5.150E-07
227 6.000 1 4.000 8.60606 3.025E+07 1.353E+12 2.236E-05 5.039E-07
1128 2.000 1 4.000 8.46149 9.345E+07 6.951E+11 1.344E-04 5.018E-07
106 4.000 1 4.000 8.75143 4.367E+07 2.411E+13 1.811E-06 5.014E-07
599 2.000 1 4.000 8.51994 9.015E+07 4.801E+08 1.878E-01 4.905E-07
327 4.000 1 4.000 8.58504 4.250E+07 1.006E+11 4.226E-04 4.698E-07
496 4.000 1 4.000 8.53395 4.098E+07 2.937E+12 1.395E-05 4.475E-07
1119 2.000 1 4.000 8.46266 8.110E+07 3.259E+12 2.489E-05 4.353E-07
657 8.000 1 4.000 8.50762 1.886E+07 4.216E+11 4.475E-05 4.092E-07
497 8.000 1 4.000 8.53327 1.862E+07 6.888E+10 2.704E-04 4.068E-07
131 2.000 1 4.000 8.73295 7.070E+07 1.241E+12 5.698E-05 4.043E-07
729 4.000 1 4.000 8.48954 3.691E+07 1.935E+12 1.908E-05 3.988E-07
544 6.000 1 4.000 8.52953 2.422E+07 9.237E+12 2.622E-06 3.963E-07
458 6.000 1 4.000 8.54164 2.350E+07 2.094E+12 1.122E-05 3.855E-07
391 6.000 1 4.000 8.55448 2.290E+07 2.184E+11 1.048E-04 3.770E-07
340 4.000 1 4.000 8.57715 3.380E+07 6.944E+11 4.868E-05 3.728E-07
270 4.000 1 4.000 8.58975 3.310E+07 1.523E+11 2.173E-04 3.663E-07
473 4.000 1 4.000 8.53829 3.348E+07 4.639E+11 7.217E-05 3.660E-07
918 2.000 1 4.000 8.47484 6.709E+07 5.636E+12 1.190E-05 3.613E-07
186 2.000 1 4.000 8.65914 6.260E+07 3.419E+11 1.831E-04 3.518E-07
1476 6.000 1 4.000 8.41982 2.165E+07 2.239E+12 9.669E-06 3.453E-07
596 4.000 1 4.000 8.51997 3.160E+07 2.874E+08 1.100E-01 3.440E-07
594 6.000 1 4.000 8.51999 2.062E+07 2.755E+08 7.483E-02 3.365E-07
600 4.000 1 4.000 8.51994 3.038E+07 4.214E+08 7.209E-02 3.305E-07
324 4.000 1 4.000 8.58507 2.805E+07 8.510E+10 3.296E-04 3.100E-07
656 6.000 1 4.000 8.50766 1.898E+07 4.083E+11 4.649E-05 3.090E-07
68 6.000 1 4.000 8.81381 1.755E+07 2.793E+13 6.284E-07 3.068E-07
498 6.000 1 4.000 8.53327 1.862E+07 6.550E+10 2.842E-04 3.048E-07
1334 2.000 1 4.000 8.43440 5.555E+07 6.849E+12 8.111E-06 2.963E-07
97 6.000 1 4.000 8.77253 1.641E+07 2.316E+13 7.087E-07 2.840E-07
1315 2.000 1 4.000 8.43846 5.295E+07 1.934E+12 2.738E-05 2.828E-07
53 2.000 1 4.000 8.82448 4.638E+07 9.601E+12 4.830E-06 2.708E-07
100 4.000 1 4.000 8.75626 2.278E+07 3.825E+13 5.954E-07 2.618E-07
1123 2.000 1 4.000 8.46207 4.855E+07 2.913E+12 1.667E-05 2.605E-07
306 6.000 1 4.000 8.58530 1.568E+07 7.538E+10 2.080E-04 2.600E-07
360 4.000 1 4.000 8.56316 2.360E+07 7.558E+11 3.122E-05 2.593E-07
900 6.000 1 4.000 8.47701 1.580E+07 3.223E+09 4.902E-03 2.553E-07
929 8.000 1 4.000 8.47080 1.186E+07 4.543E+12 2.611E-06 2.553E-07
472 2.000 1 4.000 8.53959 4.568E+07 5.614E+12 8.138E-06 2.497E-07
1510 6.000 1 4.000 8.39606 1.552E+07 3.604E+12 4.308E-06 2.461E-07
392 4.000 1 4.000 8.55444 2.243E+07 2.310E+11 9.707E-05 2.461E-07
545 4.000 1 4.000 8.52951 2.237E+07 9.514E+12 2.351E-06 2.440E-07
1146 2.000 1 4.000 8.45576 4.493E+07 9.689E+12 4.637E-06 2.408E-07
480 2.000 1 4.000 8.53641 4.394E+07 1.949E+12 2.254E-05 2.400E-07
695 6.000 1 4.000 8.49411 1.447E+07 1.185E+12 1.221E-05 2.348E-07
701 4.000 1 4.000 8.49351 2.120E+07 2.115E+12 1.002E-05 2.293E-07
246 8.000 1 4.000 8.59464 9.940E+06 1.039E+11 9.563E-05 2.202E-07
136 2.000 1 4.000 8.72896 3.833E+07 2.209E+13 1.735E-06 2.190E-07
226 4.000 1 4.000 8.60610 1.908E+07 1.357E+12 1.407E-05 2.119E-07
655 4.000 1 4.000 8.50769 1.913E+07 3.852E+11 4.966E-05 2.076E-07
1477 4.000 1 4.000 8.41931 1.933E+07 1.901E+12 1.017E-05 2.054E-07
499 4.000 1 4.000 8.53326 1.862E+07 6.749E+10 2.759E-04 2.033E-07
714 6.000 1 4.000 8.49262 1.233E+07 1.065E+12 1.157E-05 1.999E-07
928 6.000 1 4.000 8.47082 1.190E+07 3.183E+12 3.739E-06 1.921E-07
247 6.000 1 4.000 8.59464 1.152E+07 7.797E+10 1.477E-04 1.913E-07
129 4.000 1 4.000 8.73620 1.641E+07 2.711E+13 6.052E-07 1.878E-07
339 2.000 1 4.000 8.57719 3.401E+07 6.580E+11 5.168E-05 1.875E-07
269 2.000 1 4.000 8.58978 3.309E+07 1.455E+11 2.274E-04 1.830E-07
1227 8.000 1 4.000 8.44892 7.518E+06 2.950E+12 2.549E-06 1.609E-07
348 6.000 1 4.000 8.57049 9.370E+06 1.036E+13 9.045E-07 1.548E-07
1420 6.000 1 4.000 8.42640 9.648E+06 1.498E+12 6.440E-06 1.541E-07
1133 2.000 1 4.000 8.45954 2.698E+07 2.605E+12 1.036E-05 1.447E-07
1511 4.000 1 4.000 8.39575 1.364E+07 3.204E+12 4.257E-06 1.442E-07
1010 6.000 1 4.000 8.46417 8.602E+06 1.436E+10 5.991E-04 1.386E-07
736 6.000 1 4.000 8.48863 8.457E+06 2.518E+12 3.358E-06 1.371E-07
739 6.000 1 4.000 8.48860 8.403E+06 2.440E+12 3.444E-06 1.362E-07
248 4.000 1 4.000 8.59464 1.213E+07 6.752E+10 1.796E-04 1.343E-07
927 4.000 1 4.000 8.47084 1.195E+07 3.934E+12 3.037E-06 1.286E-07
1323 4.000 1 4.000 8.43771 1.199E+07 2.277E+12 5.264E-06 1.279E-07
702 2.000 1 4.000 8.49337 2.362E+07 2.302E+12 1.026E-05 1.277E-07
393 2.000 1 4.000 8.55441 2.213E+07 2.558E+11 8.648E-05 1.214E-07
1226 6.000 1 4.000 8.44893 7.522E+06 2.044E+12 3.681E-06 1.208E-07
583 4.000 1 4.000 8.52010 9.748E+06 5.477E+08 1.780E-02 1.061E-07
118 8.000 1 4.000 8.74664 4.618E+06 1.332E+11 3.466E-05 1.059E-07
225 4.000 1 4.000 8.60705 9.503E+06 1.239E+13 7.668E-07 1.056E-07
654 2.000 1 4.000 8.50771 1.924E+07 3.759E+11 5.119E-05 1.044E-07
500 2.000 1 4.000 8.53326 1.863E+07 7.627E+10 2.442E-04 1.017E-07
730 2.000 1 4.000 8.48939 1.879E+07 2.397E+12 7.838E-06 1.015E-07
694 4.000 1 4.000 8.49417 9.023E+06 1.194E+12 7.559E-06 9.760E-08
1013 6.000 1 4.000 8.46416 6.045E+06 1.701E+10 3.554E-04 9.738E-08
96 2.000 1 4.000 8.77599 1.682E+07 1.963E+13 8.566E-07 9.709E-08
224 6.000 1 4.000 8.60712 5.823E+06 1.218E+13 4.782E-07 9.703E-08
310 4.000 1 4.000 8.58526 8.255E+06 2.401E+10 3.438E-04 9.123E-08
313 4.000 1 4.000 8.58520 8.078E+06 7.605E+10 1.062E-04 8.928E-08
65 4.000 1 4.000 8.81754 7.647E+06 8.432E+12 9.069E-07 8.914E-08
1215 2.000 1 4.000 8.45196 1.638E+07 2.644E+12 6.196E-06 8.771E-08
901 4.000 1 4.000 8.47701 8.140E+06 3.117E+09 2.611E-03 8.770E-08
467 4.000 1 4.000 8.54119 7.645E+06 4.966E+12 1.539E-06 8.360E-08
1132 6.000 1 4.000 8.46019 5.120E+06 6.680E+12 7.665E-07 8.243E-08
138 2.000 1 4.000 8.72020 1.429E+07 3.569E+13 4.003E-07 8.143E-08
1225 4.000 1 4.000 8.44894 7.465E+06 2.413E+12 3.094E-06 7.990E-08
117 6.000 1 4.000 8.74664 4.607E+06 1.232E+11 3.738E-05 7.925E-08
323 6.000 1 4.000 8.58509 4.450E+06 1.342E+11 3.316E-05 7.378E-08
206 4.000 1 4.000 8.61939 6.200E+06 3.980E+12 1.558E-06 6.905E-08
249 2.000 1 4.000 8.59464 1.240E+07 6.364E+10 1.948E-04 6.865E-08
350 4.000 1 4.000 8.56816 6.163E+06 8.027E+12 7.678E-07 6.784E-08
1014 4.000 1 4.000 8.46415 6.120E+06 2.312E+10 2.647E-04 6.575E-08
926 2.000 1 4.000 8.47085 1.199E+07 5.352E+12 2.239E-06 6.445E-08
244 8.000 1 4.000 8.59486 2.861E+06 1.901E+11 1.505E-05 6.340E-08
587 2.000 1 4.000 8.52005 1.128E+07 6.295E+08 1.792E-02 6.140E-08
331 6.000 1 4.000 8.58499 3.422E+06 1.482E+10 2.309E-04 5.670E-08
457 4.000 1 4.000 8.54166 4.800E+06 2.768E+12 1.734E-06 5.250E-08
319 2.000 1 4.000 8.58515 9.475E+06 1.413E+11 6.707E-05 5.235E-08
115 4.000 1 4.000 8.74665 4.423E+06 1.233E+11 3.588E-05 5.073E-08
752 6.000 1 4.000 8.48838 3.098E+06 7.713E+11 4.017E-06 5.020E-08
1230 4.000 1 4.000 8.44852 4.596E+06 5.593E+12 8.217E-07 4.917E-08
216 4.000 1 4.000 8.61575 4.398E+06 3.997E+12 1.100E-06 4.893E-08
95 6.000 1 4.000 8.77600 2.804E+06 1.854E+13 1.513E-07 4.856E-08
606 6.000 1 4.000 8.51992 2.902E+06 7.286E+08 3.983E-03 4.738E-08
1478 2.000 1 4.000 8.41925 8.127E+06 1.965E+12 4.135E-06 4.319E-08
316 6.000 1 4.000 8.58519 2.523E+06 2.615E+10 9.649E-05 4.183E-08
488 6.000 1 4.000 8.53470 2.528E+06 4.588E+12 5.511E-07 4.143E-08
1224 2.000 1 4.000 8.44895 7.420E+06 3.186E+12 2.329E-06 3.970E-08
562 8.000 1 4.000 8.52365 1.638E+06 6.997E+10 2.340E-05 3.568E-08
1513 2.000 1 4.000 8.39545 6.565E+06 2.824E+12 2.324E-06 3.468E-08
1072 2.000 1 4.000 8.46405 6.335E+06 1.107E+10 5.723E-04 3.403E-08
1512 2.000 1 4.000 8.39571 6.083E+06 4.666E+12 1.304E-06 3.217E-08
1071 4.000 1 4.000 8.46405 2.913E+06 1.882E+10 1.548E-04 3.128E-08
971 6.000 1 4.000 8.46696 1.910E+06 1.960E+13 9.743E-08 3.080E-08
671 6.000 1 4.000 8.50286 1.887E+06 8.806E+09 2.143E-04 3.068E-08
60 6.000 1 4.000 8.82146 1.743E+06 2.299E+13 7.583E-08 3.050E-08
1475 4.000 1 4.000 8.41984 2.793E+06 2.285E+12 1.222E-06 2.968E-08
210 6.000 1 4.000 8.61859 1.735E+06 8.436E+12 2.057E-07 2.900E-08
33 8.000 1 4.000 8.89846 1.208E+06 7.515E+12 1.607E-07 2.868E-08
1479 2.000 1 4.000 8.41866 5.145E+06 3.740E+12 1.376E-06 2.733E-08
207 6.000 1 4.000 8.61929 1.607E+06 4.069E+12 3.951E-07 2.685E-08
561 6.000 1 4.000 8.52371 1.582E+06 6.182E+10 2.559E-05 2.585E-08
1231 2.000 1 4.000 8.44831 4.719E+06 5.332E+12 8.849E-07 2.525E-08
116 2.000 1 4.000 8.74664 4.267E+06 1.194E+11 3.573E-05 2.447E-08
595 2.000 1 4.000 8.51998 4.472E+06 2.464E+08 1.815E-02 2.434E-08
1421 4.000 1 4.000 8.42635 2.243E+06 1.426E+12 1.573E-06 2.388E-08
805 6.000 1 4.000 8.48509 1.402E+06 6.187E+07 2.265E-02 2.269E-08
1422 4.000 1 4.000 8.42592 2.127E+06 1.148E+12 1.852E-06 2.264E-08
349 4.000 1 4.000 8.57030 2.027E+06 9.497E+12 2.134E-07 2.232E-08
1509 4.000 1 4.000 8.39607 2.073E+06 4.550E+12 4.555E-07 2.191E-08
1009 4.000 1 4.000 8.46419 1.966E+06 2.886E+10 6.814E-05 2.112E-08
205 2.000 1 4.000 8.61944 3.674E+06 3.891E+12 9.442E-07 2.046E-08
107 2.000 1 4.000 8.75136 3.459E+06 2.178E+13 1.588E-07 1.986E-08
732 6.000 1 4.000 8.48868 1.219E+06 2.431E+11 5.015E-06 1.976E-08
376 6.000 1 4.000 8.56017 1.166E+06 3.058E+11 3.811E-06 1.921E-08
377 4.000 1 4.000 8.56010 1.730E+06 3.489E+11 4.958E-06 1.900E-08
214 6.000 1 4.000 8.61584 1.085E+06 9.598E+12 1.130E-07 1.811E-08
742 6.000 1 4.000 8.48854 1.025E+06 2.163E+11 4.738E-06 1.661E-08
243 6.000 1 4.000 8.59494 9.680E+05 2.084E+11 4.644E-06 1.608E-08
560 4.000 1 4.000 8.52376 1.443E+06 6.120E+10 2.358E-05 1.572E-08
970 4.000 1 4.000 8.46699 1.291E+06 5.902E+12 2.187E-07 1.387E-08
944 2.000 1 4.000 8.46887 2.518E+06 1.867E+12 1.349E-06 1.354E-08
343 6.000 1 4.000 8.57362 8.052E+05 8.982E+12 8.965E-08 1.331E-08
152 4.000 1 4.000 8.71082 1.145E+06 8.044E+11 1.424E-06 1.303E-08
693 2.000 1 4.000 8.49419 2.399E+06 1.165E+12 2.059E-06 1.297E-08
1011 2.000 1 4.000 8.46417 2.395E+06 2.140E+10 1.119E-04 1.286E-08
466 4.000 1 4.000 8.54144 1.175E+06 1.047E+11 1.122E-05 1.285E-08
151 6.000 1 4.000 8.71084 7.192E+05 7.194E+11 9.996E-07 1.227E-08
375 8.000 1 4.000 8.56019 5.370E+05 2.730E+11 1.967E-06 1.180E-08
1069 6.000 1 4.000 8.46407 7.282E+05 3.949E+10 1.844E-05 1.173E-08
66 2.000 1 4.000 8.81713 1.998E+06 9.145E+12 2.185E-07 1.164E-08
934 6.000 1 4.000 8.46963 7.070E+05 1.405E+12 5.032E-07 1.141E-08
378 2.000 1 4.000 8.56005 2.051E+06 3.698E+11 5.544E-06 1.127E-08
1131 4.000 1 4.000 8.46031 1.019E+06 6.041E+12 1.687E-07 1.094E-08
1129 4.000 1 4.000 8.46132 1.012E+06 1.991E+12 5.081E-07 1.086E-08
170 8.000 1 4.000 8.69038 4.612E+05 2.798E+12 1.649E-07 1.045E-08
698 6.000 1 4.000 8.49401 6.208E+05 2.246E+12 2.764E-07 1.007E-08
1423 2.000 1 4.000 8.42580 1.812E+06 1.597E+12 1.135E-06 9.643E-09
495 2.000 1 4.000 8.53397 1.765E+06 2.878E+12 6.135E-07 9.638E-09
703 6.000 1 4.000 8.49333 5.027E+05 3.518E+12 1.429E-07 8.155E-09
266 6.000 1 4.000 8.59032 4.837E+05 3.492E+11 1.385E-06 8.025E-09
153 2.000 1 4.000 8.71072 1.390E+06 8.422E+11 1.650E-06 7.905E-09
1070 4.000 1 4.000 8.46406 7.220E+05 2.735E+10 2.640E-05 7.755E-09
559 2.000 1 4.000 8.52378 1.410E+06 6.348E+10 2.220E-05 7.678E-09
154 8.000 1 4.000 8.71060 3.361E+05 6.324E+11 5.315E-07 7.647E-09
1005 6.000 1 4.000 8.46421 4.633E+05 2.393E+10 1.936E-05 7.465E-09
938 6.000 1 4.000 8.46914 4.160E+05 1.658E+12 2.509E-07 6.710E-09
932 6.000 1 4.000 8.46970 4.103E+05 6.477E+12 6.335E-08 6.620E-09
738 4.000 1 4.000 8.48862 5.975E+05 2.568E+12 2.327E-07 6.455E-09
751 4.000 1 4.000 8.48842 5.905E+05 2.891E+12 2.043E-07 6.380E-09
899 6.000 1 4.000 8.47704 3.715E+05 6.313E+09 5.885E-05 6.005E-09
811 4.000 1 4.000 8.48505 5.448E+05 3.160E+08 1.724E-03 5.880E-09
931 4.000 1 4.000 8.46974 5.263E+05 5.238E+12 1.005E-07 5.660E-09
59 4.000 1 4.000 8.82159 4.760E+05 2.307E+13 2.063E-08 5.553E-09
209 4.000 1 4.000 8.61865 4.748E+05 8.470E+12 5.605E-08 5.285E-09
721 8.000 1 4.000 8.49189 2.414E+05 1.912E+11 1.263E-06 5.220E-09
586 6.000 1 4.000 8.52006 3.158E+05 6.420E+08 4.919E-04 5.158E-09
228 8.000 1 4.000 8.60602 2.266E+05 1.346E+12 1.683E-07 5.032E-09
682 4.000 1 4.000 8.50178 4.490E+05 4.285E+12 1.048E-07 4.866E-09
358 2.000 1 4.000 8.56757 8.646E+05 8.220E+12 1.052E-07 4.758E-09
1219 4.000 1 4.000 8.44999 4.410E+05 2.636E+12 1.673E-07 4.720E-09
903 4.000 1 4.000 8.47700 4.372E+05 5.539E+09 7.892E-05 4.709E-09
712 4.000 1 4.000 8.49265 3.888E+05 1.045E+12 3.720E-07 4.203E-09
1004 4.000 1 4.000 8.46421 3.675E+05 2.844E+10 1.292E-05 3.948E-09
902 2.000 1 4.000 8.47701 6.624E+05 6.154E+09 1.076E-04 3.567E-09
485 6.000 1 4.000 8.53605 1.977E+05 4.034E+12 4.900E-08 3.238E-09
1073 6.000 1 4.000 8.46404 1.905E+05 3.270E+10 5.826E-06 3.070E-09
40 8.000 1 4.000 8.87057 1.288E+05 1.276E+13 1.009E-08 3.037E-09
242 4.000 1 4.000 8.59499 2.605E+05 2.222E+11 1.172E-06 2.885E-09
783 8.000 1 4.000 8.48723 1.335E+05 4.059E+10 3.289E-06 2.882E-09
362 8.000 1 4.000 8.56311 1.280E+05 7.503E+11 1.706E-07 2.815E-09
267 4.000 1 4.000 8.59028 2.409E+05 1.773E+11 1.358E-06 2.665E-09
1145 8.000 1 4.000 8.45577 1.228E+05 9.887E+12 1.242E-08 2.633E-09
465 2.000 1 4.000 8.54145 4.769E+05 9.669E+10 4.932E-06 2.608E-09
380 8.000 1 4.000 8.55909 1.178E+05 3.225E+11 3.652E-07 2.588E-09
141 8.000 1 4.000 8.71640 1.079E+05 1.030E+12 1.048E-07 2.457E-09
39 6.000 1 4.000 8.87067 1.262E+05 1.277E+13 9.880E-09 2.233E-09
337 4.000 1 4.000 8.58128 2.014E+05 8.114E+12 2.482E-08 2.223E-09
782 6.000 1 4.000 8.48727 1.320E+05 3.520E+10 3.749E-06 2.138E-09
933 4.000 1 4.000 8.46965 1.922E+05 1.407E+12 1.366E-07 2.067E-09
744 4.000 1 4.000 8.48850 1.650E+05 5.640E+11 2.925E-07 1.783E-09
364 8.000 1 4.000 8.56221 8.008E+04 4.977E+11 1.609E-07 1.760E-09
475 8.000 1 4.000 8.53826 7.951E+04 4.604E+11 1.727E-07 1.738E-09
1218 6.000 1 4.000 8.45008 1.044E+05 2.958E+12 3.530E-08 1.677E-09
722 6.000 1 4.000 8.49188 9.438E+04 2.136E+11 4.418E-07 1.531E-09
696 4.000 1 4.000 8.49403 1.380E+05 2.252E+12 6.130E-08 1.493E-09
930 2.000 1 4.000 8.46977 2.758E+05 2.173E+12 1.270E-07 1.483E-09
38 4.000 1 4.000 8.87070 1.247E+05 1.275E+13 9.782E-09 1.472E-09
1440 6.000 1 4.000 8.42167 9.217E+04 9.179E+09 1.004E-05 1.470E-09
142 6.000 1 4.000 8.71620 8.237E+04 1.048E+12 7.860E-08 1.407E-09
803 4.000 1 4.000 8.48512 1.285E+05 4.968E+08 2.587E-04 1.387E-09
781 4.000 1 4.000 8.48731 1.235E+05 3.560E+10 3.470E-06 1.334E-09
653 6.000 1 4.000 8.50988 8.070E+04 7.368E+09 1.095E-05 1.314E-09
263 2.000 1 4.000 8.59108 2.332E+05 8.518E+11 2.738E-07 1.290E-09
146 6.000 1 4.000 8.71439 7.183E+04 1.568E+11 4.582E-07 1.227E-09
265 4.000 1 4.000 8.59070 1.070E+05 3.709E+12 2.884E-08 1.183E-09
1441 6.000 1 4.000 8.42167 7.303E+04 8.937E+09 8.172E-06 1.165E-09
326 2.000 1 4.000 8.58505 2.046E+05 1.809E+11 1.131E-06 1.131E-09
149 8.000 1 4.000 8.71142 4.948E+04 6.646E+11 7.445E-08 1.126E-09
746 6.000 1 4.000 8.48850 6.825E+04 9.980E+09 6.839E-06 1.106E-09
303 6.000 1 4.000 8.58544 6.353E+04 1.980E+09 3.209E-05 1.053E-09
1324 4.000 1 4.000 8.43728 9.542E+04 2.530E+12 3.772E-08 1.019E-09
1216 6.000 1 4.000 8.45095 6.250E+04 2.469E+12 2.532E-08 1.004E-09
150 6.000 1 4.000 8.71138 5.837E+04 6.466E+11 9.026E-08 9.963E-10
369 6.000 1 4.000 8.56140 5.767E+04 6.757E+10 8.535E-07 9.505E-10
379 6.000 1 4.000 8.55934 5.765E+04 3.113E+11 1.852E-07 9.500E-10
252 6.000 1 4.000 8.59449 5.564E+04 2.885E+10 1.928E-06 9.240E-10
202 8.000 1 4.000 8.63616 4.052E+04 4.559E+12 8.888E-09 9.063E-10
839 2.000 1 4.000 8.48499 1.678E+05 2.058E+08 8.154E-04 9.058E-10
706 8.000 1 4.000 8.49317 4.160E+04 2.435E+11 1.709E-07 8.998E-10
365 6.000 1 4.000 8.56215 5.390E+04 5.077E+11 1.062E-07 8.885E-10
1337 8.000 1 4.000 8.43423 4.156E+04 5.769E+12 7.204E-09 8.865E-10
262 4.000 1 4.000 8.59148 7.895E+04 1.496E+12 5.278E-08 8.738E-10
1229 4.000 1 4.000 8.44876 7.623E+04 5.360E+11 1.422E-07 8.158E-10
563 4.000 1 4.000 8.52346 7.425E+04 1.054E+11 7.042E-07 8.088E-10
1228 2.000 1 4.000 8.44883 1.487E+05 4.708E+11 3.157E-07 7.955E-10
711 6.000 1 4.000 8.49274 4.723E+04 3.821E+10 1.236E-06 7.660E-10
578 6.000 1 4.000 8.52015 4.672E+04 4.682E+08 9.978E-05 7.628E-10
923 8.000 1 4.000 8.47232 3.475E+04 1.069E+12 3.252E-08 7.478E-10
37 2.000 1 4.000 8.87071 1.240E+05 1.280E+13 9.689E-09 7.315E-10
454 8.000 1 4.000 8.54424 3.225E+04 2.127E+12 1.517E-08 7.060E-10
850 4.000 1 4.000 8.48496 6.375E+04 7.448E+07 8.560E-04 6.880E-10
201 6.000 1 4.000 8.63625 3.857E+04 4.557E+12 8.463E-09 6.468E-10
780 2.000 1 4.000 8.48733 1.149E+05 3.490E+10 3.291E-06 6.203E-10
849 2.000 1 4.000 8.48497 1.117E+05 6.348E+07 1.760E-03 6.028E-10
807 2.000 1 4.000 8.48508 1.110E+05 6.195E+08 1.791E-04 5.990E-10
127 8.000 1 4.000 8.73842 2.580E+04 3.710E+11 6.954E-08 5.907E-10
1143 6.000 1 4.000 8.45583 3.550E+04 2.665E+12 1.332E-08 5.708E-10
734 4.000 1 4.000 8.48867 5.225E+04 1.872E+11 2.790E-07 5.645E-10
708 6.000 1 4.000 8.49316 3.410E+04 2.438E+11 1.399E-07 5.530E-10
251 4.000 1 4.000 8.59449 4.935E+04 2.876E+10 1.716E-06 5.468E-10
174 8.000 1 4.000 8.66882 2.376E+04 1.588E+12 1.496E-08 5.355E-10
484 4.000 1 4.000 8.53608 4.840E+04 4.053E+12 1.194E-08 5.285E-10
430 6.000 1 4.000 8.55318 3.212E+04 1.044E+09 3.075E-05 5.285E-10
1141 6.000 1 4.000 8.45621 3.217E+04 2.748E+12 1.171E-08 5.173E-10
145 4.000 1 4.000 8.71477 4.523E+04 1.162E+11 3.893E-07 5.150E-10
1444 4.000 1 4.000 8.42166 4.841E+04 1.011E+10 4.786E-06 5.148E-10
453 6.000 1 4.000 8.54433 3.072E+04 2.126E+12 1.444E-08 5.043E-10
104 8.000 1 4.000 8.75242 2.118E+04 3.236E+11 6.544E-08 4.865E-10
1442 4.000 1 4.000 8.42167 4.295E+04 1.196E+10 3.590E-06 4.568E-10
441 6.000 1 4.000 8.55287 2.765E+04 9.644E+08 2.867E-05 4.548E-10
1138 8.000 1 4.000 8.45640 2.066E+04 1.135E+12 1.821E-08 4.432E-10
253 8.000 1 4.000 8.59449 1.926E+04 2.972E+10 6.481E-07 4.267E-10
103 6.000 1 4.000 8.75263 2.437E+04 3.058E+11 7.969E-08 4.198E-10
389 4.000 1 4.000 8.55539 3.808E+04 3.159E+11 1.205E-07 4.178E-10
200 4.000 1 4.000 8.63629 3.708E+04 4.550E+12 8.148E-09 4.148E-10
726 8.000 1 4.000 8.49143 1.914E+04 2.059E+11 9.295E-08 4.137E-10
143 4.000 1 4.000 8.71608 3.620E+04 1.048E+12 3.454E-08 4.123E-10
808 6.000 1 4.000 8.48506 2.500E+04 5.944E+08 4.206E-05 4.048E-10
297 8.000 1 4.000 8.58845 1.794E+04 2.839E+11 6.319E-08 3.965E-10
846 6.000 1 4.000 8.48498 2.428E+04 1.979E+08 1.227E-04 3.933E-10
388 2.000 1 4.000 8.55607 7.120E+04 2.022E+11 3.522E-07 3.908E-10
1198 6.000 1 4.000 8.45367 2.408E+04 2.424E+11 9.937E-08 3.870E-10
464 6.000 1 4.000 8.54149 2.273E+04 7.604E+09 2.989E-06 3.730E-10
715 6.000 1 4.000 8.49230 2.277E+04 3.451E+12 6.598E-09 3.693E-10
119 4.000 1 4.000 8.74460 3.213E+04 5.138E+11 6.252E-08 3.685E-10
922 6.000 1 4.000 8.47241 2.192E+04 1.402E+12 1.563E-08 3.540E-10
427 4.000 1 4.000 8.55326 3.203E+04 1.741E+08 1.839E-04 3.513E-10
1150 8.000 1 4.000 8.45553 1.625E+04 1.477E+12 1.100E-08 3.483E-10
723 4.000 1 4.000 8.49178 3.205E+04 2.336E+11 1.372E-07 3.465E-10
1332 6.000 1 4.000 8.43450 2.115E+04 1.794E+12 1.179E-08 3.385E-10
176 6.000 1 4.000 8.66646 1.928E+04 1.076E+12 1.791E-08 3.258E-10
452 4.000 1 4.000 8.54437 2.930E+04 2.124E+12 1.379E-08 3.205E-10
710 4.000 1 4.000 8.49277 2.905E+04 3.421E+10 8.492E-07 3.143E-10
368 4.000 1 4.000 8.56149 2.845E+04 8.515E+10 3.341E-07 3.128E-10
1341 8.000 1 4.000 8.43399 1.392E+04 1.217E+12 1.144E-08 2.970E-10
716 6.000 1 4.000 8.49228 1.817E+04 1.492E+11 1.217E-07 2.948E-10
1335 6.000 1 4.000 8.43427 1.722E+04 2.010E+12 8.563E-09 2.753E-10
1222 6.000 1 4.000 8.44971 1.702E+04 2.716E+11 6.266E-08 2.733E-10
564 2.000 1 4.000 8.52340 4.880E+04 1.068E+11 4.569E-07 2.658E-10
158 2.000 1 4.000 8.70315 4.609E+04 2.942E+11 1.567E-07 2.618E-10
120 2.000 1 4.000 8.74408 4.489E+04 5.109E+11 8.786E-08 2.573E-10
126 6.000 1 4.000 8.73859 1.496E+04 3.692E+11 4.052E-08 2.568E-10
139 6.000 1 4.000 8.72019 1.497E+04 1.686E+12 8.879E-09 2.561E-10
366 4.000 1 4.000 8.56212 2.328E+04 5.179E+11 4.494E-08 2.558E-10
1329 8.000 1 4.000 8.43463 1.182E+04 6.743E+11 1.753E-08 2.522E-10
159 4.000 1 4.000 8.70191 2.179E+04 3.425E+11 6.363E-08 2.474E-10
268 2.000 1 4.000 8.59028 4.382E+04 1.379E+11 3.177E-07 2.424E-10
184 2.000 1 4.000 8.66340 4.253E+04 1.472E+12 2.890E-08 2.393E-10
1137 6.000 1 4.000 8.45640 1.482E+04 1.254E+12 1.183E-08 2.384E-10
1144 6.000 1 4.000 8.45578 1.446E+04 6.997E+12 2.066E-09 2.325E-10
565 6.000 1 4.000 8.52296 1.401E+04 6.733E+10 2.081E-07 2.289E-10
666 6.000 1 4.000 8.50305 1.392E+04 7.164E+09 1.943E-06 2.263E-10
707 4.000 1 4.000 8.49316 2.055E+04 2.453E+11 8.378E-08 2.223E-10
294 6.000 1 4.000 8.58903 1.335E+04 1.241E+12 1.076E-08 2.214E-10
183 4.000 1 4.000 8.66351 1.956E+04 1.424E+12 1.373E-08 2.201E-10
637 6.000 1 4.000 8.51688 1.315E+04 5.254E+11 2.503E-08 2.146E-10
652 4.000 1 4.000 8.50989 1.923E+04 7.383E+09 2.604E-06 2.087E-10
346 6.000 1 4.000 8.57134 1.260E+04 1.274E+12 9.887E-09 2.081E-10
199 2.000 1 4.000 8.63630 3.619E+04 4.567E+12 7.924E-09 2.024E-10
1140 4.000 1 4.000 8.45623 1.887E+04 1.114E+12 1.694E-08 2.023E-10
988 8.000 1 4.000 8.46546 9.401E+03 8.530E+12 1.102E-09 2.020E-10
296 6.000 1 4.000 8.58847 1.190E+04 3.133E+11 3.797E-08 1.973E-10
635 8.000 1 4.000 8.51754 8.964E+03 8.484E+11 1.057E-08 1.950E-10
550 8.000 1 4.000 8.52487 8.634E+03 1.505E+11 5.736E-08 1.881E-10
29 6.000 1 4.000 8.94970 1.039E+04 1.065E+13 9.747E-10 1.871E-10
1418 6.000 1 4.000 8.42691 1.139E+04 1.520E+12 7.488E-09 1.818E-10
1286 4.000 1 4.000 8.44239 1.567E+04 6.809E+09 2.301E-06 1.674E-10
921 4.000 1 4.000 8.47244 1.554E+04 1.161E+12 1.338E-08 1.672E-10
987 6.000 1 4.000 8.46551 1.028E+04 2.757E+12 3.728E-09 1.656E-10
147 4.000 1 4.000 8.71388 1.421E+04 5.588E+11 2.543E-08 1.618E-10
295 4.000 1 4.000 8.58881 1.454E+04 1.082E+12 1.343E-08 1.608E-10
102 4.000 1 4.000 8.75278 1.356E+04 2.916E+11 4.651E-08 1.558E-10
451 2.000 1 4.000 8.54438 2.821E+04 2.136E+12 1.321E-08 1.544E-10
446 6.000 1 4.000 8.54750 9.378E+03 6.297E+11 1.489E-08 1.541E-10
1223 4.000 1 4.000 8.44968 1.417E+04 2.545E+11 5.566E-08 1.517E-10
137 4.000 1 4.000 8.72072 1.287E+04 1.581E+12 8.138E-09 1.467E-10
177 4.000 1 4.000 8.66601 1.279E+04 1.107E+12 1.156E-08 1.440E-10
1261 6.000 1 4.000 8.44600 8.892E+03 5.319E+09 1.672E-06 1.426E-10
1287 6.000 1 4.000 8.44234 8.733E+03 3.791E+09 2.304E-06 1.400E-10
713 4.000 1 4.000 8.49264 1.269E+04 1.530E+11 8.290E-08 1.372E-10
1163 6.000 1 4.000 8.45384 8.307E+03 3.891E+10 2.135E-07 1.335E-10
549 6.000 1 4.000 8.52493 7.978E+03 1.439E+11 5.546E-08 1.304E-10
1443 2.000 1 4.000 8.42166 2.437E+04 9.995E+09 2.438E-06 1.296E-10
51 8.000 1 4.000 8.82539 5.444E+03 9.328E+10 5.836E-08 1.271E-10
1156 4.000 1 4.000 8.45461 1.147E+04 1.588E+12 7.221E-09 1.229E-10
434 6.000 1 4.000 8.55308 7.463E+03 3.758E+09 1.986E-06 1.228E-10
1136 4.000 1 4.000 8.45642 1.100E+04 8.770E+11 1.254E-08 1.179E-10
121 6.000 1 4.000 8.74190 6.826E+03 6.110E+11 1.117E-08 1.173E-10
1331 4.000 1 4.000 8.43452 1.091E+04 6.747E+11 1.616E-08 1.163E-10
727 2.000 1 4.000 8.49007 2.112E+04 1.064E+11 1.984E-07 1.141E-10
1155 2.000 1 4.000 8.45474 2.118E+04 3.765E+11 5.625E-08 1.135E-10
728 4.000 1 4.000 8.48973 1.033E+04 1.259E+11 8.207E-08 1.116E-10
659 6.000 1 4.000 8.50447 6.637E+03 7.914E+11 8.387E-09 1.080E-10
347 4.000 1 4.000 8.57133 9.626E+03 1.210E+12 7.953E-09 1.060E-10
638 4.000 1 4.000 8.51671 9.675E+03 5.449E+11 1.775E-08 1.052E-10
1397 6.000 1 4.000 8.43290 6.533E+03 1.559E+11 4.190E-08 1.045E-10
148 6.000 1 4.000 8.71264 5.795E+03 3.918E+11 1.479E-08 9.893E-11
986 4.000 1 4.000 8.46554 9.058E+03 3.263E+12 2.776E-09 9.733E-11
250 2.000 1 4.000 8.59450 1.740E+04 2.875E+10 6.050E-07 9.634E-11
1142 4.000 1 4.000 8.45606 8.830E+03 9.925E+11 8.896E-09 9.465E-11
50 6.000 1 4.000 8.82540 5.352E+03 9.333E+10 5.734E-08 9.374E-11
724 2.000 1 4.000 8.49171 1.721E+04 2.454E+11 7.013E-08 9.303E-11
1328 6.000 1 4.000 8.43464 5.603E+03 5.928E+11 9.453E-09 8.965E-11
432 6.000 1 4.000 8.55312 5.320E+03 2.904E+09 1.832E-06 8.750E-11
771 8.000 1 4.000 8.48777 3.888E+03 1.121E+11 3.467E-08 8.397E-11
853 4.000 1 4.000 8.48494 7.595E+03 8.030E+08 9.459E-06 8.198E-11
942 6.000 1 4.000 8.46893 4.840E+03 1.402E+12 3.451E-09 7.805E-11
1161 4.000 1 4.000 8.45386 7.161E+03 3.558E+11 2.013E-08 7.671E-11
567 4.000 1 4.000 8.52294 6.925E+03 6.528E+10 1.061E-07 7.543E-11
43 4.000 1 4.000 8.85055 6.392E+03 1.055E+13 6.060E-10 7.506E-11
144 2.000 1 4.000 8.71500 1.301E+04 1.081E+11 1.203E-07 7.405E-11
447 4.000 1 4.000 8.54727 6.535E+03 6.485E+11 1.008E-08 7.158E-11
293 4.000 1 4.000 8.58906 6.361E+03 1.044E+11 6.092E-08 7.035E-11
1480 8.000 1 4.000 8.41387 3.244E+03 2.938E+11 1.104E-08 6.885E-11
370 4.000 1 4.000 8.56119 6.243E+03 2.370E+11 2.634E-08 6.860E-11
281 6.000 1 4.000 8.58935 4.052E+03 5.386E+08 7.523E-06 6.723E-11
181 8.000 1 4.000 8.66564 2.904E+03 5.217E+10 5.566E-08 6.537E-11
155 6.000 1 4.000 8.70872 3.823E+03 3.816E+12 1.002E-09 6.520E-11
920 2.000 1 4.000 8.47245 1.209E+04 8.865E+11 1.364E-08 6.505E-11
175 6.000 1 4.000 8.66878 3.817E+03 1.607E+12 2.374E-09 6.450E-11
1342 2.000 1 4.000 8.43326 1.141E+04 4.263E+11 2.677E-08 6.083E-11
1343 4.000 1 4.000 8.43312 5.693E+03 1.353E+12 4.206E-09 6.070E-11
770 6.000 1 4.000 8.48782 3.697E+03 1.130E+11 3.272E-08 5.988E-11
445 6.000 1 4.000 8.54841 3.623E+03 8.891E+11 4.075E-09 5.955E-11
1327 4.000 1 4.000 8.43466 5.570E+03 4.579E+11 1.216E-08 5.940E-11
44 2.000 1 4.000 8.84046 9.701E+03 1.871E+13 5.186E-10 5.682E-11
580 4.000 1 4.000 8.52015 5.176E+03 4.416E+08 1.172E-05 5.634E-11
1157 6.000 1 4.000 8.45391 3.175E+03 4.950E+11 6.414E-09 5.103E-11
664 4.000 1 4.000 8.50439 4.673E+03 7.657E+11 6.103E-09 5.068E-11
424 2.000 1 4.000 8.55330 9.045E+03 8.076E+07 1.120E-04 4.963E-11
887 8.000 1 4.000 8.48028 2.299E+03 5.364E+11 4.286E-09 4.958E-11
640 2.000 1 4.000 8.51608 8.955E+03 7.332E+11 1.221E-08 4.870E-11
180 6.000 1 4.000 8.66565 2.880E+03 5.220E+10 5.518E-08 4.864E-11
925 6.000 1 4.000 8.47156 2.983E+03 2.248E+12 1.327E-09 4.815E-11
1514 8.000 1 4.000 8.39243 2.275E+03 3.278E+12 6.940E-10 4.802E-11
1068 2.000 1 4.000 8.46407 8.816E+03 1.110E+10 7.941E-07 4.733E-11
1285 2.000 1 4.000 8.44239 8.681E+03 6.071E+09 1.430E-06 4.636E-11
509 6.000 1 4.000 8.53256 2.777E+03 2.777E+08 9.998E-06 4.548E-11
382 2.000 1 4.000 8.55903 8.236E+03 4.953E+12 1.663E-09 4.523E-11
30 4.000 1 4.000 8.92804 3.773E+03 3.172E+13 1.189E-10 4.510E-11
1482 6.000 1 4.000 8.41359 2.812E+03 1.705E+11 1.649E-08 4.475E-11
709 2.000 1 4.000 8.49281 8.075E+03 3.282E+10 2.461E-07 4.365E-11
1333 4.000 1 4.000 8.43443 3.930E+03 6.798E+11 5.781E-09 4.190E-11
548 4.000 1 4.000 8.52498 3.830E+03 1.417E+11 2.704E-08 4.173E-11
985 2.000 1 4.000 8.46556 7.480E+03 3.463E+12 2.160E-09 4.020E-11
367 2.000 1 4.000 8.56155 6.970E+03 6.670E+10 1.045E-07 3.830E-11
386 8.000 1 4.000 8.55678 1.736E+03 1.779E+10 9.761E-08 3.812E-11
801 4.000 1 4.000 8.48515 3.515E+03 2.636E+08 1.333E-05 3.793E-11
49 4.000 1 4.000 8.82541 3.090E+03 9.337E+10 3.310E-08 3.608E-11
639 4.000 1 4.000 8.51613 3.298E+03 7.084E+11 4.655E-09 3.588E-11
890 6.000 1 4.000 8.48007 2.170E+03 3.924E+11 5.531E-09 3.510E-11
1147 4.000 1 4.000 8.45569 3.200E+03 9.297E+12 3.442E-10 3.430E-11
687 4.000 1 4.000 8.49866 3.035E+03 1.175E+12 2.582E-09 3.288E-11
450 2.000 1 4.000 8.54650 5.880E+03 3.850E+11 1.527E-08 3.220E-11
1516 6.000 1 4.000 8.39226 1.985E+03 2.340E+12 8.482E-10 3.145E-11
943 4.000 1 4.000 8.46888 2.883E+03 8.950E+11 3.221E-09 3.100E-11
1174 6.000 1 4.000 8.45375 1.928E+03 7.610E+11 2.534E-09 3.100E-11
219 6.000 1 4.000 8.61466 1.825E+03 1.794E+12 1.017E-09 3.045E-11
213 4.000 1 4.000 8.61818 2.673E+03 3.529E+12 7.574E-10 2.978E-11
385 6.000 1 4.000 8.55678 1.760E+03 1.780E+10 9.884E-08 2.897E-11
259 8.000 1 4.000 8.59366 1.291E+03 3.773E+11 3.422E-09 2.857E-11
558 2.000 1 4.000 8.52403 5.211E+03 3.144E+11 1.658E-08 2.838E-11
1344 6.000 1 4.000 8.43311 1.772E+03 3.198E+11 5.540E-09 2.835E-11
999 6.000 1 4.000 8.46425 1.757E+03 6.800E+09 2.584E-07 2.830E-11
1350 6.000 1 4.000 8.43304 1.748E+03 2.434E+10 7.183E-08 2.798E-11
449 4.000 1 4.000 8.54691 2.445E+03 4.237E+11 5.769E-09 2.678E-11
688 6.000 1 4.000 8.49862 1.600E+03 1.177E+12 1.359E-09 2.598E-11
1139 2.000 1 4.000 8.45626 4.629E+03 2.314E+11 2.000E-08 2.481E-11
1064 6.000 1 4.000 8.46408 1.497E+03 1.020E+08 1.468E-05 2.413E-11
573 6.000 1 4.000 8.52024 1.454E+03 1.749E+09 8.312E-07 2.373E-11
381 4.000 1 4.000 8.55909 2.105E+03 4.951E+12 4.252E-10 2.312E-11
1348 4.000 1 4.000 8.43305 2.168E+03 2.192E+11 9.890E-09 2.311E-11
218 2.000 1 4.000 8.61516 4.107E+03 7.013E+12 5.856E-10 2.285E-11
686 2.000 1 4.000 8.49867 4.200E+03 1.180E+12 3.558E-09 2.274E-11
636 6.000 1 4.000 8.51748 1.372E+03 8.360E+11 1.641E-09 2.238E-11
45 6.000 1 4.000 8.83668 1.241E+03 1.283E+13 9.672E-11 2.179E-11
157 8.000 1 4.000 8.70396 9.524E+02 1.560E+12 6.103E-10 2.164E-11
1288 4.000 1 4.000 8.44234 2.021E+03 4.461E+09 4.530E-07 2.159E-11
433 4.000 1 4.000 8.55312 1.908E+03 3.380E+09 5.645E-07 2.092E-11
161 8.000 1 4.000 8.69794 9.149E+02 1.698E+12 5.389E-10 2.075E-11
439 4.000 1 4.000 8.55303 1.868E+03 1.063E+09 1.757E-06 2.048E-11
217 2.000 1 4.000 8.61568 3.638E+03 4.065E+12 8.950E-10 2.024E-11
128 4.000 1 4.000 8.73762 1.721E+03 1.051E+11 1.638E-08 1.970E-11
1483 4.000 1 4.000 8.41353 1.852E+03 1.753E+11 1.056E-08 1.965E-11
113 8.000 1 4.000 8.74856 8.336E+02 6.845E+11 1.218E-09 1.913E-11
769 4.000 1 4.000 8.48785 1.744E+03 1.119E+11 1.558E-08 1.883E-11
179 4.000 1 4.000 8.66565 1.672E+03 5.221E+10 3.202E-08 1.882E-11
261 2.000 1 4.000 8.59355 3.330E+03 1.500E+11 2.221E-08 1.844E-11
282 4.000 1 4.000 8.58935 1.569E+03 5.374E+08 2.918E-06 1.735E-11
160 4.000 1 4.000 8.70163 1.522E+03 1.200E+13 1.268E-10 1.728E-11
352 6.000 1 4.000 8.56790 1.028E+03 8.523E+09 1.206E-07 1.697E-11
650 6.000 1 4.000 8.50992 1.030E+03 4.754E+09 2.167E-07 1.678E-11
493 8.000 1 4.000 8.53439 7.675E+02 1.148E+10 6.688E-08 1.676E-11
355 6.000 1 4.000 8.56787 1.006E+03 9.835E+11 1.022E-09 1.660E-11
357 6.000 1 4.000 8.56765 9.177E+02 1.176E+10 7.806E-08 1.515E-11
786 6.000 1 4.000 8.48668 9.138E+02 2.491E+10 3.669E-08 1.480E-11
1232 6.000 1 4.000 8.44745 8.913E+02 7.724E+11 1.154E-09 1.430E-11
164 2.000 1 4.000 8.69633 2.516E+03 4.344E+11 5.791E-09 1.427E-11
1517 4.000 1 4.000 8.39223 1.343E+03 3.671E+12 3.659E-10 1.418E-11
1485 2.000 1 4.000 8.41328 2.576E+03 2.573E+11 1.001E-08 1.367E-11
1330 2.000 1 4.000 8.43455 2.475E+03 1.344E+11 1.842E-08 1.320E-11
891 4.000 1 4.000 8.47993 1.206E+03 3.616E+11 3.335E-09 1.300E-11
1260 4.000 1 4.000 8.44601 1.196E+03 5.225E+09 2.289E-07 1.279E-11
546 4.000 1 4.000 8.52690 1.152E+03 1.673E+12 6.890E-10 1.256E-11
492 6.000 1 4.000 8.53439 7.636E+02 1.149E+10 6.648E-08 1.251E-11
566 2.000 1 4.000 8.52295 2.255E+03 6.344E+10 3.555E-08 1.228E-11
1220 8.000 1 4.000 8.44985 5.636E+02 5.402E+11 1.043E-09 1.207E-11
510 4.000 1 4.000 8.53256 1.098E+03 2.747E+08 3.998E-06 1.199E-11
1353 6.000 1 4.000 8.43301 7.398E+02 9.056E+10 8.170E-09 1.183E-11
1484 4.000 1 4.000 8.41329 1.110E+03 2.516E+11 4.413E-09 1.178E-11
384 4.000 1 4.000 8.55678 1.037E+03 1.780E+10 5.825E-08 1.138E-11
1519 2.000 1 4.000 8.39209 2.137E+03 3.796E+12 5.629E-10 1.128E-11
665 4.000 1 4.000 8.50305 1.006E+03 6.922E+09 1.454E-07 1.091E-11
1339 2.000 1 4.000 8.43414 2.030E+03 6.630E+12 3.062E-10 1.083E-11
47 4.000 1 4.000 8.83665 8.958E+02 1.276E+13 7.020E-11 1.049E-11
547 2.000 1 4.000 8.52570 1.895E+03 3.017E+12 6.281E-10 1.033E-11
1395 4.000 1 4.000 8.43293 9.550E+02 3.318E+11 2.879E-09 1.018E-11
1221 6.000 1 4.000 8.44984 6.304E+02 4.951E+11 1.273E-09 1.012E-11
468 6.000 1 4.000 8.54115 6.065E+02 5.969E+11 1.016E-09 9.950E-12
572 8.000 1 4.000 8.52169 4.551E+02 2.143E+11 2.124E-09 9.910E-12
1338 4.000 1 4.000 8.43418 9.220E+02 5.646E+12 1.633E-10 9.835E-12
1518 4.000 1 4.000 8.39209 9.083E+02 1.028E+12 8.831E-10 9.590E-12
844 6.000 1 4.000 8.48498 5.625E+02 6.405E+06 8.782E-05 9.108E-12
124 4.000 1 4.000 8.74087 7.803E+02 1.297E+11 6.015E-09 8.935E-12
1154 2.000 1 4.000 8.45494 1.606E+03 1.117E+12 1.438E-09 8.605E-12
1481 6.000 1 4.000 8.41386 5.110E+02 2.954E+11 1.730E-09 8.135E-12
785 4.000 1 4.000 8.48669 7.123E+02 3.268E+10 2.179E-08 7.690E-12
689 8.000 1 4.000 8.49852 3.480E+02 1.176E+12 2.959E-10 7.538E-12
1340 6.000 1 4.000 8.43400 4.668E+02 1.356E+11 3.442E-09 7.468E-12
885 4.000 1 4.000 8.48140 6.723E+02 9.095E+11 7.392E-10 7.251E-12
1233 4.000 1 4.000 8.44741 6.707E+02 7.636E+11 8.783E-10 7.175E-12
1176 4.000 1 4.000 8.45372 6.412E+02 5.137E+11 1.248E-09 6.873E-12
773 8.000 1 4.000 8.48772 3.170E+02 2.282E+11 1.389E-09 6.847E-12
351 4.000 1 4.000 8.56791 6.213E+02 8.228E+09 7.551E-08 6.838E-12
42 6.000 1 4.000 8.85661 3.785E+02 2.721E+13 1.391E-11 6.678E-12
892 2.000 1 4.000 8.47992 1.219E+03 2.172E+11 5.614E-09 6.572E-12
223 4.000 1 4.000 8.61145 5.795E+02 5.506E+12 1.052E-10 6.445E-12
613 8.000 1 4.000 8.51990 2.939E+02 8.750E+05 3.359E-04 6.395E-12
691 6.000 1 4.000 8.49733 3.907E+02 2.608E+12 1.498E-10 6.343E-12
924 4.000 1 4.000 8.47166 5.830E+02 1.731E+12 3.367E-10 6.273E-12
1515 6.000 1 4.000 8.39243 3.612E+02 3.111E+12 1.161E-10 5.720E-12
166 6.000 1 4.000 8.69496 3.264E+02 1.213E+12 2.691E-10 5.549E-12
939 4.000 1 4.000 8.46909 5.037E+02 2.293E+12 2.196E-10 5.417E-12
359 4.000 1 4.000 8.56606 4.812E+02 3.028E+12 1.589E-10 5.294E-12
886 2.000 1 4.000 8.48093 9.786E+02 1.477E+12 6.627E-10 5.276E-12
1151 6.000 1 4.000 8.45540 3.273E+02 1.301E+12 2.515E-10 5.263E-12
48 2.000 1 4.000 8.82541 8.931E+02 9.342E+10 9.560E-09 5.214E-12
556 8.000 1 4.000 8.52439 2.358E+02 2.108E+11 1.118E-09 5.137E-12
993 6.000 1 4.000 8.46505 3.182E+02 8.212E+11 3.874E-10 5.128E-12
1357 4.000 1 4.000 8.43300 4.623E+02 2.511E+11 1.841E-09 4.928E-12
165 2.000 1 4.000 8.69511 8.574E+02 1.914E+11 4.481E-09 4.860E-12
491 4.000 1 4.000 8.53439 4.447E+02 1.149E+10 3.871E-08 4.856E-12
789 6.000 1 4.000 8.48628 2.997E+02 7.100E+10 4.221E-09 4.853E-12
1160 2.000 1 4.000 8.45388 8.915E+02 5.438E+11 1.640E-09 4.776E-12
1148 2.000 1 4.000 8.45565 8.895E+02 1.088E+13 8.179E-11 4.768E-12
1347 2.000 1 4.000 8.43306 8.620E+02 3.469E+11 2.485E-09 4.595E-12
448 2.000 1 4.000 8.54692 7.990E+02 1.419E+11 5.632E-09 4.375E-12
1153 4.000 1 4.000 8.45538 3.969E+02 1.266E+12 3.135E-10 4.255E-12
553 8.000 1 4.000 8.52464 1.921E+02 3.832E+11 5.013E-10 4.188E-12
889 4.000 1 4.000 8.48008 3.876E+02 1.786E+11 2.171E-09 4.179E-12
1365 6.000 1 4.000 8.43294 2.512E+02 4.960E+11 5.064E-10 4.015E-12
470 4.000 1 4.000 8.54003 3.515E+02 1.948E+12 1.805E-10 3.845E-12
125 2.000 1 4.000 8.74072 6.580E+02 1.389E+11 4.738E-09 3.770E-12
426 6.000 1 4.000 8.55327 2.265E+02 3.046E+09 7.436E-08 3.728E-12
371 6.000 1 4.000 8.56046 2.249E+02 2.055E+11 1.094E-09 3.706E-12
1282 6.000 1 4.000 8.44240 2.218E+02 6.764E+09 3.280E-08 3.558E-12
443 8.000 1 4.000 8.55017 1.531E+02 8.451E+11 1.812E-10 3.355E-12
41 4.000 1 4.000 8.85671 2.827E+02 2.780E+13 1.017E-11 3.326E-12
46 2.000 1 4.000 8.83668 5.600E+02 1.301E+13 4.304E-11 3.278E-12
163 4.000 1 4.000 8.69680 2.845E+02 4.538E+11 6.270E-10 3.225E-12
989 4.000 1 4.000 8.46514 2.963E+02 6.359E+11 4.660E-10 3.183E-12
112 2.000 1 4.000 8.74914 5.488E+02 2.708E+11 2.026E-09 3.148E-12
162 6.000 1 4.000 8.69761 1.840E+02 1.680E+12 1.096E-10 3.130E-12
123 4.000 1 4.000 8.74098 2.718E+02 5.836E+11 4.658E-10 3.116E-12
1336 6.000 1 4.000 8.43426 1.912E+02 4.261E+12 4.487E-11 3.058E-12
690 4.000 1 4.000 8.49743 2.733E+02 2.530E+12 1.080E-10 2.958E-12
568 6.000 1 4.000 8.52213 1.763E+02 1.202E+11 1.467E-09 2.880E-12
264 6.000 1 4.000 8.59105 1.728E+02 4.005E+12 4.316E-11 2.870E-12
617 6.000 1 4.000 8.51988 1.755E+02 3.213E+05 5.462E-04 2.865E-12
940 2.000 1 4.000 8.46908 5.181E+02 2.289E+12 2.263E-10 2.786E-12
178 2.000 1 4.000 8.66565 4.822E+02 5.225E+10 9.228E-09 2.714E-12
976 8.000 1 4.000 8.46586 1.217E+02 4.297E+12 2.832E-11 2.615E-12
629 2.000 1 4.000 8.51978 4.682E+02 1.896E+05 2.470E-03 2.548E-12
109 8.000 1 4.000 8.74979 1.080E+02 1.261E+12 8.562E-11 2.480E-12
725 6.000 1 4.000 8.49152 1.488E+02 1.881E+11 7.913E-10 2.413E-12
992 4.000 1 4.000 8.46506 2.176E+02 1.196E+12 1.819E-10 2.337E-12
1152 4.000 1 4.000 8.45540 2.168E+02 1.281E+12 1.692E-10 2.323E-12
983 2.000 1 4.000 8.46562 4.055E+02 2.149E+12 1.887E-10 2.178E-12
58 2.000 1 4.000 8.82289 3.671E+02 2.719E+13 1.350E-11 2.142E-12
1428 8.000 1 4.000 8.42295 9.947E+01 2.333E+11 4.263E-10 2.116E-12
230 6.000 1 4.000 8.60418 1.264E+02 4.499E+12 2.810E-11 2.105E-12
630 6.000 1 4.000 8.51978 1.260E+02 4.941E+05 2.550E-04 2.057E-12
1525 6.000 1 4.000 8.39099 1.261E+02 1.882E+11 6.698E-10 1.997E-12
991 2.000 1 4.000 8.46507 3.705E+02 1.335E+12 2.776E-10 1.990E-12
631 4.000 1 4.000 8.51978 1.805E+02 3.803E+05 4.746E-04 1.964E-12
1430 6.000 1 4.000 8.42276 1.192E+02 1.709E+11 6.975E-10 1.902E-12
684 6.000 1 4.000 8.50034 1.126E+02 2.317E+12 4.862E-11 1.830E-12
787 4.000 1 4.000 8.48662 1.645E+02 9.109E+10 1.806E-09 1.777E-12
627 4.000 1 4.000 8.51978 1.612E+02 2.023E+05 7.969E-04 1.754E-12
795 6.000 1 4.000 8.48519 1.066E+02 1.483E+09 7.185E-08 1.726E-12
57 4.000 1 4.000 8.82328 1.452E+02 2.582E+13 5.622E-12 1.694E-12
893 2.000 1 4.000 8.47936 3.084E+02 3.424E+11 9.007E-10 1.662E-12
383 2.000 1 4.000 8.55678 3.007E+02 1.781E+10 1.688E-08 1.650E-12
685 4.000 1 4.000 8.50031 1.521E+02 2.362E+12 6.440E-11 1.648E-12
784 2.000 1 4.000 8.48670 3.024E+02 2.493E+10 1.213E-08 1.632E-12
256 8.000 1 4.000 8.59415 6.719E+01 6.888E+11 9.754E-11 1.488E-12
1431 4.000 1 4.000 8.42269 1.355E+02 1.841E+11 7.361E-10 1.441E-12
996 4.000 1 4.000 8.46468 1.266E+02 7.680E+11 1.648E-10 1.360E-12
456 6.000 1 4.000 8.54202 7.787E+01 4.809E+12 1.619E-11 1.278E-12
990 2.000 1 4.000 8.46511 2.331E+02 6.333E+11 3.680E-10 1.252E-12
979 8.000 1 4.000 8.46580 5.824E+01 2.735E+11 2.129E-10 1.252E-12
616 4.000 1 4.000 8.51988 1.132E+02 2.564E+05 4.416E-04 1.232E-12
611 8.000 1 4.000 8.51991 5.371E+01 1.608E+06 3.340E-05 1.169E-12
792 4.000 1 4.000 8.48609 1.078E+02 7.208E+10 1.495E-09 1.164E-12
612 6.000 1 4.000 8.51990 7.027E+01 9.973E+05 7.046E-05 1.147E-12
1272 8.000 1 4.000 8.44442 5.059E+01 4.063E+11 1.245E-10 1.081E-12
87 8.000 1 4.000 8.78765 4.655E+01 2.041E+13 2.281E-12 1.078E-12
255 6.000 1 4.000 8.59417 6.172E+01 6.879E+11 8.972E-11 1.025E-12
968 6.000 1 4.000 8.46725 6.326E+01 1.729E+12 3.658E-11 1.020E-12
776 2.000 1 4.000 8.48761 1.864E+02 5.345E+10 3.488E-09 1.007E-12
552 6.000 1 4.000 8.52465 5.925E+01 3.834E+11 1.545E-10 9.683E-13
1434 2.000 1 4.000 8.42256 1.820E+02 1.367E+11 1.332E-09 9.682E-13
969 4.000 1 4.000 8.46717 8.294E+01 1.891E+12 4.386E-11 8.916E-13
231 4.000 1 4.000 8.60411 7.959E+01 4.488E+12 1.774E-11 8.836E-13
628 8.000 1 4.000 8.51978 4.011E+01 1.703E+06 2.355E-05 8.730E-13
950 6.000 1 4.000 8.46818 5.365E+01 3.180E+10 1.687E-09 8.653E-13
854 6.000 1 4.000 8.48493 5.262E+01 6.168E+08 8.530E-08 8.520E-13
63 6.000 1 4.000 8.81930 4.843E+01 1.506E+13 3.215E-12 8.473E-13
237 4.000 1 4.000 8.59981 7.456E+01 9.091E+12 8.202E-12 8.268E-13
625 6.000 1 4.000 8.51978 4.965E+01 1.102E+06 4.507E-05 8.105E-13
1275 6.000 1 4.000 8.44400 4.618E+01 2.682E+11 1.721E-10 7.405E-13
802 6.000 1 4.000 8.48514 4.502E+01 4.874E+08 9.236E-08 7.290E-13
108 6.000 1 4.000 8.74982 4.168E+01 1.266E+12 3.292E-11 7.175E-13
490 2.000 1 4.000 8.53439 1.287E+02 1.149E+10 1.120E-08 7.025E-13
791 8.000 1 4.000 8.48619 3.148E+01 7.415E+10 4.245E-10 6.795E-13
1028 8.000 1 4.000 8.46410 3.146E+01 9.273E+07 3.393E-07 6.760E-13
238 2.000 1 4.000 8.59974 1.181E+02 9.252E+12 1.277E-11 6.549E-13
778 8.000 1 4.000 8.48759 2.902E+01 1.272E+11 2.283E-10 6.270E-13
995 6.000 1 4.000 8.46470 3.776E+01 2.712E+12 1.392E-11 6.084E-13
1235 6.000 1 4.000 8.44729 3.608E+01 2.253E+10 1.602E-09 5.790E-13
1239 6.000 1 4.000 8.44721 3.480E+01 1.227E+10 2.836E-09 5.583E-13
977 6.000 1 4.000 8.46582 3.378E+01 1.507E+11 2.242E-10 5.448E-13
1263 6.000 1 4.000 8.44597 3.332E+01 4.395E+09 7.581E-09 5.343E-13
981 8.000 1 4.000 8.46571 2.455E+01 9.097E+10 2.699E-10 5.275E-13
1429 6.000 1 4.000 8.42291 3.257E+01 2.215E+11 1.470E-10 5.195E-13
772 6.000 1 4.000 8.48774 3.178E+01 2.297E+11 1.384E-10 5.150E-13
647 2.000 1 4.000 8.51033 8.743E+01 4.738E+12 1.845E-11 4.748E-13
455 4.000 1 4.000 8.54212 4.324E+01 4.577E+12 9.448E-12 4.732E-13
1149 6.000 1 4.000 8.45557 2.910E+01 1.545E+11 1.884E-10 4.680E-13
1168 4.000 1 4.000 8.45379 4.114E+01 3.737E+11 1.101E-10 4.407E-13
1045 8.000 1 4.000 8.46409 2.002E+01 8.122E+08 2.466E-08 4.303E-13
1432 4.000 1 4.000 8.42265 3.666E+01 1.236E+11 2.967E-10 3.898E-13
167 4.000 1 4.000 8.69457 3.397E+01 1.224E+12 2.774E-11 3.850E-13
860 4.000 1 4.000 8.48487 3.440E+01 1.748E+06 1.968E-05 3.713E-13
300 8.000 1 4.000 8.58644 1.569E+01 6.870E+12 2.283E-12 3.468E-13
1524 4.000 1 4.000 8.39100 3.120E+01 2.015E+11 1.548E-10 3.293E-13
997 6.000 1 4.000 8.46453 1.980E+01 2.981E+12 6.642E-12 3.190E-13
859 2.000 1 4.000 8.48488 5.700E+01 2.794E+05 2.040E-04 3.075E-13
882 8.000 1 4.000 8.48487 1.271E+01 1.246E+06 1.020E-05 2.743E-13
881 6.000 1 4.000 8.48487 1.633E+01 7.459E+05 2.190E-05 2.645E-13
1067 6.000 1 4.000 8.46408 1.582E+01 5.700E+08 2.776E-08 2.550E-13
788 2.000 1 4.000 8.48657 4.425E+01 1.016E+11 4.354E-10 2.389E-13
401 6.000 1 4.000 8.55384 1.415E+01 3.147E+08 4.495E-08 2.328E-13
1166 6.000 1 4.000 8.45381 1.391E+01 1.317E+11 1.056E-10 2.235E-13
973 2.000 1 4.000 8.46611 3.893E+01 3.796E+12 1.026E-11 2.092E-13
880 6.000 1 4.000 8.48487 1.271E+01 6.290E+05 2.021E-05 2.058E-13
569 4.000 1 4.000 8.52206 1.864E+01 1.146E+11 1.626E-10 2.029E-13
793 6.000 1 4.000 8.48603 1.219E+01 7.879E+10 1.548E-10 1.975E-13
621 8.000 1 4.000 8.51979 9.043E+00 3.013E+06 3.002E-06 1.968E-13
644 6.000 1 4.000 8.51257 1.122E+01 2.121E+12 5.289E-12 1.828E-13
661 8.000 1 4.000 8.50444 8.137E+00 3.276E+12 2.484E-12 1.765E-13
570 4.000 1 4.000 8.52202 1.547E+01 5.575E+10 2.776E-10 1.685E-13
1433 2.000 1 4.000 8.42263 3.134E+01 4.821E+10 6.501E-10 1.667E-13
610 6.000 1 4.000 8.51991 1.019E+01 1.599E+06 6.374E-06 1.663E-13
89 2.000 1 4.000 8.78591 2.869E+01 1.499E+13 1.914E-12 1.660E-13
967 2.000 1 4.000 8.46727 3.011E+01 1.974E+12 1.525E-11 1.618E-13
88 4.000 1 4.000 8.78591 1.337E+01 1.496E+13 8.938E-13 1.547E-13
229 2.000 1 4.000 8.60420 2.714E+01 4.506E+12 6.024E-12 1.506E-13
1234 4.000 1 4.000 8.44729 1.403E+01 4.188E+10 3.349E-10 1.501E-13
975 6.000 1 4.000 8.46590 9.195E+00 3.891E+12 2.363E-12 1.482E-13
836 8.000 1 4.000 8.48499 6.785E+00 1.619E+06 4.191E-06 1.465E-13
197 6.000 1 4.000 8.65548 8.342E+00 6.395E+08 1.304E-08 1.405E-13
1310 6.000 1 4.000 8.44121 8.064E+00 9.592E+11 8.408E-12 1.292E-13
204 6.000 1 4.000 8.63153 7.299E+00 1.001E+13 7.290E-13 1.223E-13
848 6.000 1 4.000 8.48497 7.345E+00 2.782E+07 2.640E-07 1.189E-13
879 4.000 1 4.000 8.48487 1.063E+01 2.747E+05 3.870E-05 1.148E-13
1311 4.000 1 4.000 8.44113 9.886E+00 1.135E+12 8.711E-12 1.056E-13
1120 8.000 1 4.000 8.46264 4.891E+00 2.180E+12 2.244E-12 1.050E-13
203 4.000 1 4.000 8.63164 9.399E+00 9.827E+12 9.565E-13 1.050E-13
1023 6.000 1 4.000 8.46410 6.472E+00 1.856E+08 3.488E-08 1.043E-13
1066 4.000 1 4.000 8.46408 9.645E+00 9.922E+08 9.721E-09 1.036E-13
994 4.000 1 4.000 8.46479 9.466E+00 1.663E+12 5.694E-12 1.017E-13
64 4.000 1 4.000 8.81890 8.661E+00 1.652E+13 5.242E-13 1.010E-13
1491 6.000 1 4.000 8.41158 6.070E+00 4.401E+09 1.379E-09 9.658E-14
1523 6.000 1 4.000 8.39100 6.063E+00 2.917E+11 2.079E-11 9.603E-14
1416 6.000 1 4.000 8.42960 5.618E+00 8.083E+11 6.950E-12 8.977E-14
1312 4.000 1 4.000 8.44042 8.262E+00 1.918E+12 4.308E-12 8.823E-14
884 8.000 1 4.000 8.48143 4.026E+00 4.746E+11 8.484E-12 8.685E-14
1273 6.000 1 4.000 8.44436 5.369E+00 3.436E+11 1.563E-11 8.609E-14
502 4.000 1 4.000 8.53264 7.600E+00 3.381E+07 2.248E-07 8.298E-14
1277 4.000 1 4.000 8.44387 7.620E+00 2.657E+11 2.868E-11 8.146E-14
1427 8.000 1 4.000 8.42324 3.706E+00 1.978E+11 1.874E-11 7.885E-14
731 2.000 1 4.000 8.48869 1.438E+01 6.820E+07 2.108E-07 7.765E-14
56 8.000 1 4.000 8.82383 3.009E+00 1.017E+13 2.959E-13 7.025E-14
501 2.000 1 4.000 8.53264 1.276E+01 3.373E+07 3.783E-07 6.965E-14
1042 6.000 1 4.000 8.46409 4.295E+00 1.113E+09 3.861E-09 6.920E-14
1316 8.000 1 4.000 8.43845 3.189E+00 1.335E+12 2.389E-12 6.808E-14
645 4.000 1 4.000 8.51250 5.820E+00 2.116E+12 2.750E-12 6.321E-14
949 4.000 1 4.000 8.46818 5.120E+00 6.028E+10 8.494E-11 5.505E-14
275 6.000 1 4.000 8.58954 3.310E+00 6.571E+07 5.037E-08 5.493E-14
1278 2.000 1 4.000 8.44387 1.017E+01 1.062E+11 9.576E-11 5.435E-14
998 8.000 1 4.000 8.46449 2.505E+00 6.890E+12 3.635E-13 5.383E-14
400 4.000 1 4.000 8.55384 4.660E+00 3.108E+08 1.500E-08 5.113E-14
1313 2.000 1 4.000 8.44038 9.264E+00 2.216E+12 4.180E-12 4.947E-14
847 4.000 1 4.000 8.48498 3.745E+00 2.648E+07 1.414E-07 4.043E-14
1490 4.000 1 4.000 8.41158 3.808E+00 4.420E+09 8.614E-10 4.040E-14
1089 4.000 1 4.000 8.46397 3.428E+00 1.221E+09 2.806E-09 3.683E-14
1271 8.000 1 4.000 8.44493 1.714E+00 3.112E+11 5.506E-12 3.665E-14
1086 2.000 1 4.000 8.46397 6.785E+00 3.574E+09 1.898E-09 3.643E-14
198 4.000 1 4.000 8.65547 3.240E+00 6.344E+08 5.107E-09 3.640E-14
758 8.000 1 4.000 8.48835 1.581E+00 2.617E+07 6.042E-08 3.415E-14
483 8.000 1 4.000 8.53621 1.492E+00 2.078E+12 7.181E-13 3.260E-14
757 6.000 1 4.000 8.48835 1.982E+00 7.871E+07 2.518E-08 3.210E-14
503 6.000 1 4.000 8.53264 1.948E+00 3.393E+07 5.743E-08 3.190E-14
1309 2.000 1 4.000 8.44123 5.217E+00 1.323E+12 3.944E-12 2.786E-14
1088 6.000 1 4.000 8.46397 1.672E+00 1.004E+09 1.666E-09 2.693E-14
122 6.000 1 4.000 8.74123 1.506E+00 1.538E+11 9.793E-12 2.588E-14
954 6.000 1 4.000 8.46806 1.516E+00 1.801E+10 8.421E-11 2.445E-14
1489 6.000 1 4.000 8.41159 1.512E+00 2.857E+09 5.292E-10 2.406E-14
643 2.000 1 4.000 8.51260 4.202E+00 2.123E+12 1.979E-12 2.282E-14
767 8.000 1 4.000 8.48823 9.545E-01 1.046E+07 9.128E-08 2.062E-14
760 8.000 1 4.000 8.48833 9.467E-01 1.520E+08 6.229E-09 2.045E-14
754 6.000 1 4.000 8.48837 1.252E+00 3.939E+05 3.177E-06 2.028E-14
753 4.000 1 4.000 8.48838 1.835E+00 2.384E+07 7.699E-08 1.983E-14
1209 8.000 1 4.000 8.45358 9.040E-01 7.041E+10 1.284E-11 1.937E-14
291 8.000 1 4.000 8.58923 8.661E-01 5.872E+05 1.475E-06 1.916E-14
1110 6.000 1 4.000 8.46396 1.131E+00 4.190E+06 2.699E-07 1.822E-14
1276 2.000 1 4.000 8.44398 2.996E+00 1.100E+11 2.724E-11 1.601E-14
1084 4.000 1 4.000 8.46397 1.445E+00 1.704E+09 8.476E-10 1.552E-14
1195 8.000 1 4.000 8.45368 6.955E-01 3.694E+10 1.883E-11 1.491E-14
1412 8.000 1 4.000 8.43283 6.763E-01 4.215E+10 1.604E-11 1.442E-14
888 6.000 1 4.000 8.48020 8.253E-01 4.781E+11 1.726E-12 1.335E-14
1388 8.000 1 4.000 8.43293 5.884E-01 2.515E+10 2.339E-11 1.255E-14
1182 6.000 1 4.000 8.45370 7.032E-01 6.827E+09 1.030E-10 1.130E-14
1417 4.000 1 4.000 8.42959 9.758E-01 8.152E+11 1.197E-12 1.040E-14
646 4.000 1 4.000 8.51039 8.828E-01 4.557E+12 1.937E-13 9.585E-15
1081 6.000 1 4.000 8.46397 5.700E-01 1.318E+09 4.325E-10 9.183E-15
974 4.000 1 4.000 8.46592 8.142E-01 2.305E+12 3.532E-13 8.749E-15
835 6.000 1 4.000 8.48499 4.808E-01 1.635E+06 2.941E-07 7.785E-15
1169 8.000 1 4.000 8.45376 3.630E-01 1.331E+11 2.727E-12 7.777E-15
1355 8.000 1 4.000 8.43301 3.609E-01 8.741E+10 4.128E-12 7.695E-15
1035 8.000 1 4.000 8.46409 3.394E-01 7.292E+08 4.654E-10 7.290E-15
1308 8.000 1 4.000 8.44226 3.397E-01 4.986E+07 6.813E-09 7.260E-15
911 8.000 1 4.000 8.47683 3.236E-01 2.422E+07 1.336E-08 6.975E-15
790 4.000 1 4.000 8.48621 6.421E-01 2.858E+10 2.247E-11 6.935E-15
1274 4.000 1 4.000 8.44408 5.933E-01 1.375E+11 4.314E-12 6.343E-15
972 4.000 1 4.000 8.46614 5.697E-01 2.980E+12 1.912E-13 6.123E-15
1424 2.000 1 4.000 8.42452 1.081E+00 1.260E+12 8.583E-13 5.754E-15
763 6.000 1 4.000 8.48826 3.475E-01 3.998E+08 8.692E-10 5.630E-15
1087 8.000 1 4.000 8.46397 2.392E-01 1.092E+09 2.191E-10 5.140E-15
211 8.000 1 4.000 8.61850 2.265E-01 8.436E+12 2.685E-14 5.045E-15
1185 6.000 1 4.000 8.45369 3.120E-01 3.744E+09 8.333E-11 5.015E-15
67 8.000 1 4.000 8.81386 2.052E-01 2.746E+13 7.474E-15 4.782E-15
829 8.000 1 4.000 8.48500 2.079E-01 6.056E+06 3.432E-08 4.487E-15
1425 4.000 1 4.000 8.42451 4.047E-01 1.263E+12 3.205E-13 4.306E-15
749 8.000 1 4.000 8.48842 1.894E-01 7.418E+07 2.553E-09 4.093E-15
1371 6.000 1 4.000 8.43294 2.508E-01 3.242E+09 7.737E-11 4.013E-15
308 8.000 1 4.000 8.58528 1.795E-01 1.238E+11 1.450E-12 3.967E-15
1199 6.000 1 4.000 8.45360 2.448E-01 1.084E+11 2.258E-12 3.935E-15
61 8.000 1 4.000 8.82128 1.645E-01 2.296E+13 7.164E-15 3.837E-15
1294 6.000 1 4.000 8.44227 2.382E-01 8.602E+08 2.769E-10 3.818E-15
1508 4.000 1 4.000 8.39887 3.560E-01 1.479E+12 2.407E-13 3.765E-15
914 6.000 1 4.000 8.47683 2.225E-01 5.066E+05 4.392E-07 3.598E-15
1178 6.000 1 4.000 8.45370 2.183E-01 8.012E+10 2.725E-12 3.510E-15
1507 2.000 1 4.000 8.39887 6.529E-01 1.492E+12 4.376E-13 3.452E-15
764 8.000 1 4.000 8.48825 1.444E-01 2.178E+08 6.629E-10 3.120E-15
1266 8.000 1 4.000 8.44577 1.420E-01 3.606E+07 3.938E-09 3.038E-15
98 8.000 1 4.000 8.77247 1.309E-01 2.428E+13 5.390E-15 3.020E-15
1079 8.000 1 4.000 8.46397 1.298E-01 7.874E+08 1.648E-10 2.788E-15
1398 6.000 1 4.000 8.43284 1.468E-01 7.748E+10 1.895E-12 2.348E-15
292 6.000 1 4.000 8.58923 1.396E-01 5.853E+05 2.385E-07 2.317E-15
866 8.000 1 4.000 8.48487 1.029E-01 3.418E+06 3.010E-08 2.221E-15
814 8.000 1 4.000 8.48503 9.769E-02 8.615E+06 1.134E-08 2.109E-15
321 8.000 1 4.000 8.58514 9.235E-02 6.913E+10 1.336E-12 2.041E-15
285 8.000 1 4.000 8.58923 9.101E-02 7.180E+04 1.268E-06 2.013E-15
344 8.000 1 4.000 8.57355 8.896E-02 9.096E+12 9.780E-15 1.961E-15
603 8.000 1 4.000 8.51992 8.772E-02 4.633E+06 1.893E-08 1.909E-15
274 4.000 1 4.000 8.58954 1.679E-01 6.549E+07 2.564E-09 1.857E-15
1451 8.000 1 4.000 8.42158 8.395E-02 1.001E+08 8.385E-10 1.785E-15
1187 8.000 1 4.000 8.45369 8.296E-02 2.162E+09 3.837E-11 1.778E-15
215 8.000 1 4.000 8.61579 7.771E-02 9.916E+12 7.837E-15 1.730E-15
1293 4.000 1 4.000 8.44227 1.400E-01 8.541E+08 1.639E-10 1.496E-15
913 4.000 1 4.000 8.47683 1.272E-01 2.716E+05 4.682E-07 1.370E-15
208 8.000 1 4.000 8.61913 5.974E-02 4.153E+12 1.438E-14 1.331E-15
1307 6.000 1 4.000 8.44227 7.868E-02 5.724E+07 1.375E-09 1.261E-15
1454 6.000 1 4.000 8.42158 7.383E-02 6.240E+08 1.183E-10 1.177E-15
597 8.000 1 4.000 8.51995 5.393E-02 7.426E+06 7.261E-09 1.174E-15
908 6.000 1 4.000 8.47683 7.253E-02 2.214E+07 3.276E-09 1.172E-15
1372 8.000 1 4.000 8.43294 5.387E-02 1.707E+09 3.156E-11 1.149E-15
1095 6.000 1 4.000 8.46397 7.050E-02 2.930E+07 2.406E-09 1.136E-15
284 6.000 1 4.000 8.58923 6.680E-02 6.088E+04 1.097E-06 1.108E-15
878 6.000 1 4.000 8.48487 6.805E-02 7.550E+04 9.014E-07 1.102E-15
717 8.000 1 4.000 8.49226 5.069E-02 3.434E+12 1.476E-14 1.096E-15
1369 6.000 1 4.000 8.43294 6.563E-02 6.846E+09 9.587E-12 1.050E-15
826 8.000 1 4.000 8.48501 4.594E-02 1.080E+06 4.252E-08 9.917E-16
699 8.000 1 4.000 8.49395 4.455E-02 2.250E+12 1.980E-14 9.637E-16
1303 6.000 1 4.000 8.44227 5.645E-02 6.801E+07 8.300E-10 9.048E-16
936 8.000 1 4.000 8.46958 3.945E-02 1.341E+12 2.941E-14 8.488E-16
273 2.000 1 4.000 8.58954 1.307E-01 6.534E+07 2.000E-09 7.228E-16
307 8.000 1 4.000 8.58530 3.058E-02 2.646E+10 1.155E-12 6.757E-16
1006 8.000 1 4.000 8.46420 2.898E-02 1.249E+10 2.320E-12 6.225E-16
1453 4.000 1 4.000 8.42158 5.798E-02 6.192E+08 9.364E-11 6.165E-16
1217 8.000 1 4.000 8.45093 2.771E-02 2.475E+12 1.120E-14 5.935E-16
1448 6.000 1 4.000 8.42158 3.655E-02 4.434E+07 8.243E-10 5.830E-16
1362 4.000 1 4.000 8.43295 4.730E-02 5.769E+10 8.199E-13 5.043E-16
489 8.000 1 4.000 8.53463 2.305E-02 4.703E+12 4.901E-15 5.033E-16
1449 8.000 1 4.000 8.42158 2.246E-02 2.917E+08 7.701E-11 4.775E-16
1055 8.000 1 4.000 8.46408 1.989E-02 2.904E+10 6.849E-13 4.270E-16
283 4.000 1 4.000 8.58923 3.665E-02 5.350E+04 6.851E-07 4.055E-16
1419 8.000 1 4.000 8.42689 1.752E-02 1.539E+12 1.138E-14 3.733E-16
579 8.000 1 4.000 8.52015 1.579E-02 4.502E+08 3.507E-11 3.435E-16
1364 6.000 1 4.000 8.43294 2.143E-02 5.697E+10 3.762E-13 3.428E-16
330 8.000 1 4.000 8.58499 1.413E-02 1.121E+10 1.260E-12 3.120E-16
824 6.000 1 4.000 8.48501 1.925E-02 1.175E+06 1.638E-08 3.118E-16
486 8.000 1 4.000 8.53599 1.380E-02 4.053E+12 3.405E-15 3.015E-16
592 8.000 1 4.000 8.52002 1.270E-02 5.578E+08 2.277E-11 2.765E-16
1264 6.000 1 4.000 8.44577 1.534E-02 3.750E+07 4.092E-10 2.461E-16
941 8.000 1 4.000 8.46904 1.123E-02 1.745E+12 6.439E-15 2.416E-16
412 8.000 1 4.000 8.55375 9.834E-03 6.619E+05 1.486E-08 2.158E-16
1098 4.000 1 4.000 8.46396 1.810E-02 1.059E+07 1.709E-09 1.944E-16
571 6.000 1 4.000 8.52176 1.055E-02 2.137E+11 4.937E-14 1.723E-16
190 4.000 1 4.000 8.65573 1.437E-02 7.635E+07 1.883E-10 1.615E-16
1015 8.000 1 4.000 8.46412 7.175E-03 3.669E+08 1.956E-11 1.541E-16
960 8.000 1 4.000 8.46799 5.730E-03 8.868E+08 6.461E-12 1.232E-16
191 6.000 1 4.000 8.65573 7.109E-03 7.660E+07 9.280E-11 1.198E-16
413 6.000 1 4.000 8.55375 6.767E-03 6.527E+05 1.037E-08 1.113E-16
519 8.000 1 4.000 8.53250 4.640E-03 5.707E+05 8.130E-09 1.013E-16
1075 8.000 1 4.000 8.46403 4.625E-03 6.096E+10 7.587E-14 9.935E-17
873 6.000 1 4.000 8.48487 5.710E-03 4.884E+03 1.169E-06 9.243E-17
1460 6.000 1 4.000 8.42157 4.772E-03 6.931E+07 6.884E-11 7.613E-17
678 8.000 1 4.000 8.50275 3.214E-03 4.894E+07 6.566E-11 6.965E-17
1291 8.000 1 4.000 8.44228 2.941E-03 5.110E+08 5.756E-12 6.287E-17
828 8.000 1 4.000 8.48500 2.681E-03 4.557E+08 5.884E-12 5.788E-17
405 6.000 1 4.000 8.55376 3.345E-03 6.380E+04 5.243E-08 5.505E-17
1200 8.000 1 4.000 8.45360 2.247E-03 1.115E+11 2.015E-14 4.818E-17
304 8.000 1 4.000 8.58541 2.178E-03 2.300E+09 9.465E-13 4.812E-17
395 4.000 1 4.000 8.55396 4.362E-03 4.749E+07 9.186E-11 4.784E-17
1000 8.000 1 4.000 8.46424 2.114E-03 1.091E+10 1.938E-13 4.540E-17
189 2.000 1 4.000 8.65573 7.432E-03 7.619E+07 9.755E-11 4.173E-17
804 8.000 1 4.000 8.48512 1.870E-03 5.717E+08 3.271E-12 4.038E-17
520 6.000 1 4.000 8.53250 2.462E-03 5.616E+05 4.383E-09 4.030E-17
512 6.000 1 4.000 8.53251 2.347E-03 5.425E+04 4.326E-08 3.840E-17
406 8.000 1 4.000 8.55376 1.687E-03 6.931E+04 2.435E-08 3.703E-17
1268 8.000 1 4.000 8.44576 1.534E-03 5.107E+09 3.003E-13 3.280E-17
609 8.000 1 4.000 8.51992 1.491E-03 1.112E+09 1.341E-12 3.245E-17
705 8.000 1 4.000 8.49324 1.455E-03 3.534E+12 4.117E-16 3.148E-17
674 8.000 1 4.000 8.50276 1.441E-03 4.667E+07 3.088E-11 3.125E-17
404 4.000 1 4.000 8.55376 2.653E-03 5.979E+04 4.436E-08 2.910E-17
513 8.000 1 4.000 8.53251 1.200E-03 5.777E+04 2.078E-08 2.620E-17
1052 8.000 1 4.000 8.46408 1.153E-03 1.396E+09 8.258E-13 2.477E-17
697 8.000 1 4.000 8.49402 9.969E-04 1.243E+12 8.020E-16 2.156E-17
394 2.000 1 4.000 8.55396 3.894E-03 4.738E+07 8.220E-11 2.136E-17
1177 4.000 1 4.000 8.45371 1.909E-03 8.065E+10 2.367E-14 2.045E-17
511 4.000 1 4.000 8.53251 1.757E-03 5.160E+04 3.405E-08 1.918E-17
673 6.000 1 4.000 8.50276 1.045E-03 4.452E+07 2.347E-11 1.699E-17
935 8.000 1 4.000 8.46962 7.839E-04 8.288E+11 9.458E-16 1.686E-17
1012 8.000 1 4.000 8.46416 7.751E-04 1.290E+10 6.009E-14 1.665E-17
852 8.000 1 4.000 8.48494 7.543E-04 7.661E+08 9.845E-13 1.628E-17
874 4.000 1 4.000 8.48487 1.472E-03 5.267E+03 2.794E-07 1.588E-17
1002 8.000 1 4.000 8.46422 6.414E-04 3.441E+09 1.864E-13 1.378E-17
670 8.000 1 4.000 8.50286 5.152E-04 9.309E+09 5.535E-14 1.117E-17
956 8.000 1 4.000 8.46799 4.577E-04 6.043E+08 7.575E-13 9.842E-18
436 8.000 1 4.000 8.55308 3.690E-04 1.482E+09 2.489E-13 8.093E-18
574 8.000 1 4.000 8.52023 3.526E-04 1.622E+09 2.174E-13 7.675E-18
435 8.000 1 4.000 8.55308 2.952E-04 1.924E+09 1.535E-13 6.475E-18
955 6.000 1 4.000 8.46799 3.110E-04 1.286E+09 2.418E-13 5.018E-18
1117 8.000 1 4.000 8.46396 2.331E-04 9.560E+05 2.439E-10 5.007E-18
440 8.000 1 4.000 8.55296 1.829E-04 2.758E+09 6.630E-14 4.010E-18
1241 8.000 1 4.000 8.44716 1.719E-04 4.059E+08 4.234E-13 3.677E-18
1065 8.000 1 4.000 8.46408 1.180E-04 1.412E+08 8.354E-13 2.535E-18
797 8.000 1 4.000 8.48518 1.141E-04 1.303E+09 8.754E-14 2.463E-18
1531 8.000 1 4.000 8.39091 1.092E-04 6.032E+10 1.811E-15 2.306E-18
822 8.000 1 4.000 8.48501 1.004E-04 1.889E+07 5.314E-12 2.167E-18
396 6.000 1 4.000 8.55396 9.293E-05 4.765E+07 1.950E-12 1.529E-18
428 8.000 1 4.000 8.55325 5.715E-05 3.052E+09 1.873E-14 1.254E-18
315 8.000 1 4.000 8.58519 5.544E-05 1.812E+09 3.060E-14 1.225E-18
1240 6.000 1 4.000 8.44716 7.146E-05 9.598E+08 7.445E-14 1.147E-18
735 8.000 1 4.000 8.48867 3.905E-05 2.175E+09 1.795E-14 8.438E-19
1062 8.000 1 4.000 8.46408 3.864E-05 3.472E+05 1.113E-10 8.300E-19
740 8.000 1 4.000 8.48856 3.477E-05 2.821E+09 1.233E-14 7.513E-19
431 8.000 1 4.000 8.55312 2.404E-05 3.870E+09 6.211E-15 5.275E-19
651 8.000 1 4.000 8.50992 2.392E-05 4.651E+09 5.144E-15 5.195E-19
806 8.000 1 4.000 8.48508 2.110E-05 1.230E+09 1.716E-14 4.555E-19
576 8.000 1 4.000 8.52018 2.026E-05 5.273E+09 3.842E-15 4.412E-19
1497 8.000 1 4.000 8.41146 2.045E-05 4.037E+07 5.065E-13 4.338E-19
463 8.000 1 4.000 8.54149 1.956E-05 7.427E+09 2.634E-15 4.280E-19
196 8.000 1 4.000 8.65548 1.752E-05 6.463E+08 2.712E-14 3.938E-19
280 8.000 1 4.000 8.58936 1.559E-05 5.372E+08 2.902E-14 3.450E-19
667 8.000 1 4.000 8.50304 1.502E-05 7.484E+09 2.008E-15 3.257E-19
192 8.000 1 4.000 8.65573 1.299E-05 7.690E+07 1.689E-13 2.918E-19
356 8.000 1 4.000 8.56765 1.184E-05 1.226E+10 9.654E-16 2.605E-19
745 8.000 1 4.000 8.48850 1.161E-05 3.189E+09 3.639E-15 2.507E-19
402 8.000 1 4.000 8.55384 1.136E-05 3.253E+08 3.491E-14 2.491E-19
1345 8.000 1 4.000 8.43311 1.116E-05 3.747E+11 2.979E-17 2.381E-19
748 8.000 1 4.000 8.48844 1.057E-05 2.229E+09 4.744E-15 2.284E-19
276 8.000 1 4.000 8.58954 9.314E-06 6.596E+07 1.412E-13 2.061E-19
1396 8.000 1 4.000 8.43291 9.533E-06 1.653E+11 5.767E-17 2.033E-19
1108 8.000 1 4.000 8.46396 8.643E-06 3.113E+06 2.776E-12 1.857E-19
397 8.000 1 4.000 8.55396 8.438E-06 4.783E+07 1.764E-13 1.851E-19
1236 8.000 1 4.000 8.44729 7.744E-06 1.436E+10 5.393E-16 1.657E-19
1529 6.000 1 4.000 8.39091 9.913E-06 5.992E+10 1.654E-16 1.570E-19
837 8.000 1 4.000 8.48499 7.191E-06 8.785E+05 8.186E-12 1.553E-19
1493 8.000 1 4.000 8.41146 7.171E-06 2.476E+07 2.896E-13 1.521E-19
1164 8.000 1 4.000 8.45382 6.621E-06 2.226E+11 2.975E-17 1.419E-19
1375 8.000 1 4.000 8.43293 6.245E-06 5.003E+08 1.248E-14 1.332E-19
1352 8.000 1 4.000 8.43302 5.995E-06 1.391E+11 4.309E-17 1.278E-19
1031 8.000 1 4.000 8.46410 5.924E-06 3.063E+07 1.934E-13 1.273E-19
741 8.000 1 4.000 8.48856 5.850E-06 1.584E+09 3.693E-15 1.264E-19
1363 8.000 1 4.000 8.43295 5.652E-06 2.650E+11 2.133E-17 1.205E-19
1281 8.000 1 4.000 8.44241 5.026E-06 7.177E+09 7.003E-16 1.074E-19
1158 8.000 1 4.000 8.45391 4.555E-06 5.859E+11 7.775E-18 9.760E-20
1488 8.000 1 4.000 8.41159 4.494E-06 2.813E+09 1.598E-15 9.532E-20
1245 8.000 1 4.000 8.44716 4.231E-06 6.330E+08 6.685E-15 9.055E-20
951 8.000 1 4.000 8.46818 4.109E-06 1.980E+10 2.075E-16 8.832E-20
504 8.000 1 4.000 8.53264 3.761E-06 3.406E+07 1.104E-13 8.210E-20
1522 8.000 1 4.000 8.39100 3.320E-06 3.238E+11 1.025E-17 7.010E-20
794 8.000 1 4.000 8.48519 3.067E-06 3.768E+09 8.142E-16 6.622E-20
898 8.000 1 4.000 8.47704 2.755E-06 6.231E+09 4.421E-16 5.937E-20
1262 8.000 1 4.000 8.44598 2.612E-06 4.501E+09 5.804E-16 5.588E-20
1238 8.000 1 4.000 8.44721 2.490E-06 1.052E+10 2.367E-16 5.327E-20
1165 8.000 1 4.000 8.45381 2.265E-06 2.118E+11 1.069E-17 4.852E-20
1399 8.000 1 4.000 8.43284 2.203E-06 7.996E+10 2.754E-17 4.698E-20
953 8.000 1 4.000 8.46806 1.769E-06 1.586E+10 1.115E-16 3.802E-20
1109 6.000 1 4.000 8.46396 1.940E-06 3.076E+03 6.307E-10 3.125E-20
414 6.000 1 4.000 8.55375 1.820E-06 2.915E+01 6.244E-08 2.995E-20
1351 8.000 1 4.000 8.43303 1.296E-06 1.449E+11 8.945E-18 2.765E-20
508 8.000 1 4.000 8.53256 1.095E-06 2.811E+08 3.897E-15 2.392E-20
353 8.000 1 4.000 8.56790 8.399E-07 8.906E+09 9.430E-17 1.848E-20
1528 8.000 1 4.000 8.39091 4.179E-07 7.268E+10 5.749E-18 8.822E-21
521 6.000 1 4.000 8.53250 3.687E-07 3.941E+01 9.354E-09 6.035E-21
584 8.000 1 4.000 8.52007 2.597E-07 1.499E+09 1.733E-16 5.655E-21
1468 8.000 1 4.000 8.42157 1.992E-07 4.855E+06 4.104E-14 4.237E-21
1107 8.000 1 4.000 8.46396 1.696E-07 2.934E+07 5.781E-15 3.645E-21
1496 6.000 1 4.000 8.41146 2.209E-07 4.054E+07 5.449E-15 3.515E-21
845 8.000 1 4.000 8.48498 1.511E-07 3.139E+06 4.814E-14 3.262E-21
1173 8.000 1 4.000 8.45375 1.290E-07 4.419E+11 2.920E-19 2.762E-21
1179 8.000 1 4.000 8.45370 7.285E-08 2.312E+11 3.152E-19 1.561E-21
1284 8.000 1 4.000 8.44240 6.316E-08 8.108E+09 7.790E-18 1.350E-21
1439 8.000 1 4.000 8.42167 5.409E-08 4.627E+09 1.169E-17 1.150E-21
1486 8.000 1 4.000 8.41161 2.213E-08 5.582E+09 3.963E-18 4.695E-22
897 8.000 1 4.000 8.47706 1.909E-08 8.215E+09 2.324E-18 4.112E-22
1520 8.000 1 4.000 8.39102 1.591E-08 3.654E+11 4.354E-20 3.360E-22
867 8.000 1 4.000 8.48487 1.149E-08 5.530E+03 2.077E-12 2.479E-22
1370 8.000 1 4.000 8.43294 8.801E-09 6.841E+09 1.287E-18 1.877E-22
877 8.000 1 4.000 8.48487 6.599E-09 4.880E+03 1.352E-12 1.425E-22
648 8.000 1 4.000 8.50996 5.001E-09 9.223E+09 5.423E-19 1.086E-22
460 8.000 1 4.000 8.54154 4.500E-09 1.004E+10 4.482E-19 9.842E-23
1306 8.000 1 4.000 8.44227 3.844E-09 7.088E+07 5.423E-17 8.215E-23
1094 8.000 1 4.000 8.46397 2.162E-09 2.699E+07 8.014E-17 4.645E-23
1258 8.000 1 4.000 8.44603 7.452E-10 8.651E+09 8.615E-20 1.594E-23
1438 8.000 1 4.000 8.42168 2.234E-10 5.967E+09 3.743E-20 4.750E-24
1379 8.000 1 4.000 8.43293 1.840E-10 9.185E+06 2.003E-17 3.925E-24
1183 8.000 1 4.000 8.45369 8.216E-11 7.431E+09 1.106E-20 1.760E-24
1300 8.000 1 4.000 8.44227 8.066E-11 1.372E+06 5.881E-17 1.724E-24
1402 8.000 1 4.000 8.43283 2.315E-11 1.029E+10 2.250E-21 4.938E-25
1188 8.000 1 4.000 8.45369 2.109E-11 8.349E+06 2.526E-18 4.520E-25
1469 8.000 1 4.000 8.42157 1.503E-11 6.851E+07 2.193E-19 3.195E-25
1203 8.000 1 4.000 8.45359 3.439E-13 1.026E+10 3.352E-23 7.370E-27
535 8.000 1 4.000 8.53250 1.425E-13 1.177E-02 1.211E-11 3.110E-27
530 8.000 1 4.000 8.53250 6.441E-14 4.346E+02 1.482E-16 1.406E-27
1456 8.000 1 4.000 8.42157 5.386E-14 1.062E+06 5.074E-20 1.145E-27
423 8.000 1 4.000 8.55375 2.224E-14 3.342E+02 6.654E-17 4.880E-28
1533 8.000 1 4.000 8.39091 9.718E-15 2.599E+10 3.738E-25 2.051E-28
522 8.000 1 4.000 8.53250 7.447E-15 9.142E+01 8.147E-17 1.626E-28
415 8.000 1 4.000 8.55375 3.740E-15 6.777E+01 5.519E-17 8.205E-29
961 8.000 1 4.000 8.46798 3.561E-15 9.970E+07 3.572E-23 7.658E-29
1500 8.000 1 4.000 8.41146 9.659E-16 1.629E+05 5.930E-21 2.049E-29
1246 8.000 1 4.000 8.44716 3.175E-16 9.798E+07 3.240E-24 6.792E-30
