j g(j) i g(i) wl A A+A^a A/(A+A^a) f
7 3.000 1 1.000 13.4483 8.110E+12 8.110E+12 1.000E+00 6.599E-01
17 3.000 1 1.000 11.5538 2.641E+12 2.787E+12 9.478E-01 1.586E-01
31 3.000 1 1.000 11.0092 1.207E+12 1.301E+12 9.277E-01 6.581E-02
49 3.000 1 1.000 10.7738 6.720E+11 7.359E+11 9.132E-01 3.509E-02
71 3.000 1 1.000 10.6499 4.317E+11 4.828E+11 8.941E-01 2.203E-02
97 3.000 1 1.000 10.5764 3.297E+11 3.943E+11 8.361E-01 1.659E-02
4 3.000 1 1.000 13.5503 2.327E+09 2.434E+09 9.562E-01 1.927E-04
16 5.000 1 1.000 11.5636 4.834E+08 4.238E+11 1.141E-03 4.845E-05
10 3.000 1 1.000 11.5796 7.070E+08 1.517E+11 4.660E-03 4.265E-05
30 5.000 1 1.000 11.0135 2.878E+08 1.876E+11 1.534E-03 2.616E-05
20 3.000 1 1.000 11.0194 2.870E+08 9.402E+10 3.052E-03 1.567E-05
48 5.000 1 1.000 10.7762 1.710E+08 1.045E+11 1.637E-03 1.488E-05
70 5.000 1 1.000 10.6516 1.089E+08 7.079E+10 1.538E-03 9.261E-06
34 3.000 1 1.000 10.7791 1.387E+08 5.953E+10 2.329E-03 7.247E-06
96 5.000 1 1.000 10.5778 7.544E+07 6.918E+10 1.090E-03 6.327E-06
52 3.000 1 1.000 10.6531 7.413E+07 4.214E+10 1.759E-03 3.784E-06
74 3.000 1 1.000 10.5787 4.020E+07 3.873E+10 1.038E-03 2.024E-06
14 5.000 1 1.000 11.5647 9.692E+06 4.433E+11 2.186E-05 9.716E-07
24 5.000 1 1.000 11.0140 3.344E+06 1.974E+11 1.694E-05 3.040E-07
5 5.000 1 1.000 13.5531 1.975E+06 1.158E+08 1.706E-02 2.723E-07
38 5.000 1 1.000 10.7765 1.558E+06 1.081E+11 1.441E-05 1.356E-07
11 5.000 1 1.000 11.5789 8.086E+05 1.506E+11 5.369E-06 8.128E-08
66 5.000 1 1.000 10.6518 8.460E+05 6.979E+10 1.212E-05 7.196E-08
94 5.000 1 1.000 10.5779 4.976E+05 5.859E+10 8.493E-06 4.174E-08
21 5.000 1 1.000 11.0192 3.872E+05 9.355E+10 4.139E-06 3.525E-08
35 5.000 1 1.000 10.7789 2.150E+05 5.927E+10 3.628E-06 1.873E-08
53 5.000 1 1.000 10.6531 1.339E+05 4.199E+10 3.189E-06 1.140E-08
75 5.000 1 1.000 10.5787 9.374E+04 3.866E+10 2.425E-06 7.863E-09
2 3.000 1 1.000 13.6984 1.034E+04 1.034E+04 1.000E+00 8.746E-10
8 3.000 1 1.000 11.6092 4.690E+03 6.341E+10 7.397E-08 2.843E-10
18 3.000 1 1.000 11.0306 2.293E+03 4.805E+10 4.772E-08 1.255E-10
32 3.000 1 1.000 10.7845 1.274E+03 3.617E+10 3.522E-08 6.664E-11
50 3.000 1 1.000 10.6562 7.860E+02 3.183E+10 2.469E-08 4.014E-11
72 3.000 1 1.000 10.5807 5.357E+02 4.310E+10 1.243E-08 2.698E-11
13 3.000 1 1.000 11.5648 4.260E+01 4.439E+11 9.597E-11 2.562E-12
23 3.000 1 1.000 11.0141 2.763E+01 1.975E+11 1.399E-10 1.508E-12
37 3.000 1 1.000 10.7766 1.706E+01 1.082E+11 1.577E-10 8.910E-13
59 3.000 1 1.000 10.6518 1.107E+01 6.982E+10 1.585E-10 5.648E-13
93 3.000 1 1.000 10.5779 7.723E+00 5.859E+10 1.318E-10 3.887E-13
26 5.000 1 1.000 11.0139 5.562E-04 9.077E+10 6.128E-15 5.058E-17
39 5.000 1 1.000 10.7765 4.946E-04 4.729E+10 1.046E-14 4.306E-17
55 5.000 1 1.000 10.6518 3.676E-04 2.818E+10 1.304E-14 3.127E-17
76 5.000 1 1.000 10.5780 2.680E-04 1.915E+10 1.399E-14 2.249E-17
999 9.999 9 9.999 10.5437 9.999E+99 2.158E+11 9.999e-99 9.353E-03
999 9.999 9 9.999 10.5087 9.999E+99 1.516E+11 9.999e-99 6.504E-03
999 9.999 9 9.999 10.4838 9.999E+99 1.105E+11 9.999e-99 4.708E-03
999 9.999 9 9.999 10.4654 9.999E+99 8.302E+10 9.999e-99 3.518E-03
999 9.999 9 9.999 10.4515 9.999E+99 6.395E+10 9.999e-99 2.699E-03
999 9.999 9 9.999 10.4407 9.999E+99 5.030E+10 9.999e-99 2.116E-03
999 9.999 9 9.999 10.4322 9.999E+99 4.027E+10 9.999e-99 1.690E-03
999 9.999 9 9.999 10.4253 9.999E+99 3.274E+10 9.999e-99 1.372E-03
999 9.999 9 9.999 10.4196 9.999E+99 2.698E+10 9.999e-99 1.128E-03
999 9.999 9 9.999 10.4150 9.999E+99 2.249E+10 9.999e-99 9.395E-04
999 9.999 9 9.999 10.4111 9.999E+99 1.895E+10 9.999e-99 7.905E-04
999 9.999 9 9.999 10.4078 9.999E+99 1.611E+10 9.999e-99 6.715E-04
999 9.999 9 9.999 10.4049 9.999E+99 1.381E+10 9.999e-99 5.753E-04
999 9.999 9 9.999 10.4025 9.999E+99 1.193E+10 9.999e-99 4.966E-04
999 9.999 9 9.999 10.4004 9.999E+99 1.038E+10 9.999e-99 4.316E-04
999 9.999 9 9.999 10.3986 9.999E+99 9.082E+09 9.999e-99 3.776E-04
999 9.999 9 9.999 10.3970 9.999E+99 7.994E+09 9.999e-99 3.322E-04
999 9.999 9 9.999 10.3956 9.999E+99 7.072E+09 9.999e-99 2.937E-04
999 9.999 9 9.999 10.3943 9.999E+99 6.287E+09 9.999e-99 2.610E-04
999 9.999 9 9.999 10.3932 9.999E+99 5.614E+09 9.999e-99 2.330E-04
999 9.999 9 9.999 10.3922 9.999E+99 5.034E+09 9.999e-99 2.089E-04
999 9.999 9 9.999 10.3913 9.999E+99 4.531E+09 9.999e-99 1.880E-04
999 9.999 9 9.999 10.3905 9.999E+99 4.093E+09 9.999e-99 1.697E-04
999 9.999 9 9.999 10.3897 9.999E+99 3.709E+09 9.999e-99 1.538E-04
999 9.999 9 9.999 10.3891 9.999E+99 3.372E+09 9.999e-99 1.398E-04
999 9.999 9 9.999 10.3885 9.999E+99 3.075E+09 9.999e-99 1.275E-04
999 9.999 9 9.999 10.3879 9.999E+99 2.812E+09 9.999e-99 1.165E-04
999 9.999 9 9.999 10.3874 9.999E+99 2.577E+09 9.999e-99 1.068E-04
999 9.999 9 9.999 10.3869 9.999E+99 2.368E+09 9.999e-99 9.813E-05
999 9.999 9 9.999 10.3865 9.999E+99 2.182E+09 9.999e-99 9.038E-05
999 9.999 9 9.999 10.3861 9.999E+99 2.014E+09 9.999e-99 8.342E-05
999 9.999 9 9.999 10.3858 9.999E+99 1.863E+09 9.999e-99 7.716E-05
999 9.999 9 9.999 10.3854 9.999E+99 1.727E+09 9.999e-99 7.151E-05
999 9.999 9 9.999 10.3851 9.999E+99 1.603E+09 9.999e-99 6.639E-05
999 9.999 9 9.999 10.3848 9.999E+99 1.492E+09 9.999e-99 6.176E-05
999 9.999 9 9.999 10.3846 9.999E+99 1.390E+09 9.999e-99 5.754E-05
999 9.999 9 9.999 10.3843 9.999E+99 1.297E+09 9.999e-99 5.371E-05
999 9.999 9 9.999 10.3841 9.999E+99 1.213E+09 9.999e-99 5.020E-05
999 9.999 9 9.999 10.3838 9.999E+99 1.135E+09 9.999e-99 4.699E-05
999 9.999 9 9.999 10.3836 9.999E+99 1.064E+09 9.999e-99 4.406E-05
999 9.999 9 9.999 10.3834 9.999E+99 9.992E+08 9.999e-99 4.136E-05
999 9.999 9 9.999 10.3833 9.999E+99 9.393E+08 9.999e-99 3.887E-05
999 9.999 9 9.999 10.3831 9.999E+99 8.840E+08 9.999e-99 3.659E-05
999 9.999 9 9.999 10.3829 9.999E+99 8.330E+08 9.999e-99 3.447E-05
999 9.999 9 9.999 10.3828 9.999E+99 7.859E+08 9.999e-99 3.252E-05
999 9.999 9 9.999 10.3826 9.999E+99 7.423E+08 9.999e-99 3.071E-05
999 9.999 9 9.999 10.3825 9.999E+99 7.018E+08 9.999e-99 2.904E-05
999 9.999 9 9.999 10.3824 9.999E+99 6.642E+08 9.999e-99 2.748E-05
999 9.999 9 9.999 10.3822 9.999E+99 6.292E+08 9.999e-99 2.603E-05
999 9.999 9 9.999 10.3821 9.999E+99 5.967E+08 9.999e-99 2.469E-05
999 9.999 9 9.999 10.3820 9.999E+99 5.664E+08 9.999e-99 2.343E-05
999 9.999 9 9.999 10.3819 9.999E+99 5.380E+08 9.999e-99 2.226E-05
999 9.999 9 9.999 10.3818 9.999E+99 5.116E+08 9.999e-99 2.116E-05
999 9.999 9 9.999 10.3817 9.999E+99 4.868E+08 9.999e-99 2.014E-05
999 9.999 9 9.999 10.3816 9.999E+99 4.637E+08 9.999e-99 1.918E-05
999 9.999 9 9.999 10.3816 9.999E+99 4.419E+08 9.999e-99 1.828E-05
999 9.999 9 9.999 10.3815 9.999E+99 4.215E+08 9.999e-99 1.744E-05
999 9.999 9 9.999 10.3814 9.999E+99 4.024E+08 9.999e-99 1.664E-05
999 9.999 9 9.999 10.3813 9.999E+99 3.844E+08 9.999e-99 1.590E-05
999 9.999 9 9.999 10.3812 9.999E+99 3.674E+08 9.999e-99 1.520E-05
999 9.999 9 9.999 10.3812 9.999E+99 3.514E+08 9.999e-99 1.454E-05
999 9.999 9 9.999 10.3811 9.999E+99 3.364E+08 9.999e-99 1.391E-05
999 9.999 9 9.999 10.3811 9.999E+99 3.222E+08 9.999e-99 1.333E-05
999 9.999 9 9.999 10.3810 9.999E+99 3.087E+08 9.999e-99 1.277E-05
999 9.999 9 9.999 10.3809 9.999E+99 2.961E+08 9.999e-99 1.224E-05
999 9.999 9 9.999 10.3809 9.999E+99 2.841E+08 9.999e-99 1.175E-05
999 9.999 9 9.999 10.3808 9.999E+99 2.727E+08 9.999e-99 1.128E-05
999 9.999 9 9.999 10.3808 9.999E+99 2.619E+08 9.999e-99 1.083E-05
999 9.999 9 9.999 10.3807 9.999E+99 2.517E+08 9.999e-99 1.041E-05
999 9.999 9 9.999 10.3807 9.999E+99 2.421E+08 9.999e-99 1.001E-05
999 9.999 9 9.999 10.3806 9.999E+99 2.329E+08 9.999e-99 9.630E-06
999 9.999 9 9.999 10.3806 9.999E+99 2.241E+08 9.999e-99 9.269E-06
999 9.999 9 9.999 10.3806 9.999E+99 2.158E+08 9.999e-99 8.926E-06
999 9.999 9 9.999 10.3805 9.999E+99 2.079E+08 9.999e-99 8.599E-06
999 9.999 9 9.999 10.3805 9.999E+99 2.004E+08 9.999e-99 8.288E-06
999 9.999 9 9.999 10.3804 9.999E+99 1.933E+08 9.999e-99 7.992E-06
999 9.999 9 9.999 10.3804 9.999E+99 1.864E+08 9.999e-99 7.710E-06
999 9.999 9 9.999 10.3804 9.999E+99 1.799E+08 9.999e-99 7.441E-06
999 9.999 9 9.999 10.3803 9.999E+99 1.737E+08 9.999e-99 7.184E-06
999 9.999 9 9.999 10.3803 9.999E+99 1.678E+08 9.999e-99 6.939E-06
999 9.999 9 9.999 10.3803 9.999E+99 1.622E+08 9.999e-99 6.705E-06
999 9.999 9 9.999 10.3802 9.999E+99 1.568E+08 9.999e-99 6.482E-06
999 9.999 9 9.999 10.3802 9.999E+99 1.516E+08 9.999e-99 6.268E-06
999 9.999 9 9.999 10.3802 9.999E+99 1.466E+08 9.999e-99 6.064E-06
999 9.999 9 9.999 10.3802 9.999E+99 1.419E+08 9.999e-99 5.868E-06
999 9.999 9 9.999 10.3801 9.999E+99 1.374E+08 9.999e-99 5.681E-06
999 9.999 9 9.999 10.3801 9.999E+99 1.330E+08 9.999e-99 5.501E-06
999 9.999 9 9.999 10.3801 9.999E+99 1.289E+08 9.999e-99 5.329E-06
999 9.999 9 9.999 10.3801 9.999E+99 1.249E+08 9.999e-99 5.165E-06
999 9.999 9 9.999 10.3800 9.999E+99 1.211E+08 9.999e-99 5.006E-06
999 9.999 9 9.999 10.3800 9.999E+99 1.174E+08 9.999e-99 4.855E-06
999 9.999 9 9.999 10.3800 9.999E+99 1.139E+08 9.999e-99 4.709E-06
999 9.999 9 9.999 10.3800 9.999E+99 1.105E+08 9.999e-99 4.569E-06
