!@# 6 2.00 4.00 10.0 30.0 100. 300.
i j E(eV) a0 a1 a2
1 50 1362.247218 2.271E-10 1.698E+02 -3.001E+00
3 50 340.693005 9.483E-13 8.437E+01 -2.590E+00
6 50 151.371516 5.655E-14 2.730E+01 -2.377E+00
11 50 85.126009 1.386E-14 1.222E+01 -2.300E+00
18 50 54.471362 5.606E-15 6.596E+00 -2.264E+00
27 50 37.822657 2.854E-15 3.945E+00 -2.245E+00
38 50 27.785530 1.698E-15 2.680E+00 -2.235E+00
2 50 340.713109 2.025E-10 5.345E+01 -3.536E+00
5 50 151.377472 7.029E-12 5.121E+01 -3.224E+00
10 50 85.128521 5.251E-13 3.087E+01 -2.971E+00
17 50 54.472647 9.770E-14 1.971E+01 -2.818E+00
26 50 37.823402 2.996E-14 1.345E+01 -2.719E+00
37 50 27.785999 1.275E-14 9.890E+00 -2.657E+00
4 50 340.257740 2.055E-10 5.342E+01 -3.539E+00
8 50 151.242515 7.108E-12 5.113E+01 -3.227E+00
13 50 85.071583 5.316E-13 3.085E+01 -2.974E+00
20 50 54.443487 9.898E-14 1.972E+01 -2.821E+00
29 50 37.806514 3.038E-14 1.347E+01 -2.722E+00
40 50 27.775348 1.287E-14 9.901E+00 -2.659E+00
7 50 151.242744 6.452E-10 3.572E+01 -4.205E+00
12 50 85.071680 6.861E-11 3.877E+01 -3.959E+00
19 50 54.443536 8.328E-12 3.096E+01 -3.726E+00
28 50 37.806541 1.580E-12 2.403E+01 -3.547E+00
39 50 27.775363 4.622E-13 1.921E+01 -3.423E+00
9 50 151.197874 6.506E-10 3.575E+01 -4.207E+00
15 50 85.052743 6.906E-11 3.878E+01 -3.960E+00
22 50 54.433828 8.381E-12 3.098E+01 -3.728E+00
31 50 37.800905 1.598E-12 2.407E+01 -3.549E+00
42 50 27.771790 4.612E-13 1.920E+01 -3.423E+00
14 50 85.052777 2.526E-09 2.816E+01 -4.929E+00
21 50 54.433844 5.780E-10 3.143E+01 -4.734E+00
30 50 37.800912 1.137E-10 2.858E+01 -4.536E+00
41 50 27.771794 2.881E-11 2.508E+01 -4.378E+00
16 50 85.043316 2.535E-09 2.817E+01 -4.930E+00
24 50 54.428993 5.779E-10 3.142E+01 -4.734E+00
33 50 37.798090 1.150E-10 2.861E+01 -4.538E+00
43 50 27.769992 2.927E-11 2.511E+01 -4.381E+00
23 50 54.428998 1.057E-08 2.364E+01 -5.700E+00
32 50 37.798092 4.224E-09 2.641E+01 -5.543E+00
44 50 27.769991 1.198E-09 2.546E+01 -5.369E+00
25 50 54.426098 1.055E-08 2.363E+01 -5.700E+00
34 50 37.796407 4.232E-09 2.640E+01 -5.544E+00
45 50 27.768912 1.276E-09 2.560E+01 -5.381E+00
35 50 37.796405 4.789E-08 2.068E+01 -6.524E+00
46 50 27.768910 2.287E-08 2.235E+01 -6.351E+00
36 50 37.795287 4.642E-08 2.060E+01 -6.518E+00
47 50 27.768198 2.179E-08 2.222E+01 -6.343E+00
48 50 27.768197 2.364E-07 1.860E+01 -7.404E+00
49 50 27.767693 1.295E-07 1.749E+01 -7.292E+00
