!@# 6 2.00 4.00 10.0 30.0 100. 300.
i j E(eV) a0 a1 a2
1 50 3494.277832 1.443E-09 4.253E+02 -2.998E+00
3 50 874.405775 2.975E-12 1.966E+02 -2.547E+00
6 50 388.306855 1.351E-13 5.652E+01 -2.319E+00
11 50 218.286530 3.189E-14 2.296E+01 -2.243E+00
18 50 139.641669 1.299E-14 1.127E+01 -2.211E+00
27 50 96.942166 6.991E-15 6.588E+00 -2.201E+00
38 50 71.205604 3.998E-15 3.485E+00 -2.186E+00
2 50 874.510397 1.399E-09 1.209E+02 -3.476E+00
5 50 388.337854 2.366E-11 1.086E+02 -3.103E+00
10 50 218.299607 1.039E-12 5.645E+01 -2.801E+00
17 50 139.648361 1.592E-13 3.185E+01 -2.632E+00
26 50 96.946041 4.802E-14 2.012E+01 -2.537E+00
37 50 71.208044 1.882E-14 1.296E+01 -2.466E+00
4 50 871.510704 1.451E-09 1.204E+02 -3.484E+00
8 50 387.448696 2.424E-11 1.079E+02 -3.109E+00
13 50 217.924563 1.070E-12 5.621E+01 -2.806E+00
20 50 139.456370 1.638E-13 3.177E+01 -2.637E+00
29 50 96.834927 4.995E-14 2.025E+01 -2.545E+00
40 50 71.138042 1.943E-14 1.303E+01 -2.472E+00
7 50 387.450233 5.354E-09 7.431E+01 -4.083E+00
12 50 217.925218 2.754E-10 7.816E+01 -3.761E+00
19 50 139.456703 1.716E-11 5.619E+01 -3.454E+00
28 50 96.835116 2.331E-12 4.017E+01 -3.239E+00
39 50 71.138156 5.002E-13 2.895E+01 -3.076E+00
9 50 387.155755 5.464E-09 7.439E+01 -4.087E+00
15 50 217.800937 2.803E-10 7.820E+01 -3.764E+00
22 50 139.393039 1.743E-11 5.624E+01 -3.458E+00
31 50 96.798228 2.386E-12 4.032E+01 -3.244E+00
42 50 71.114867 5.067E-13 2.903E+01 -3.079E+00
14 50 217.801159 2.432E-08 5.564E+01 -4.725E+00
21 50 139.393149 2.922E-09 6.170E+01 -4.455E+00
30 50 96.798287 3.137E-10 5.298E+01 -4.185E+00
41 50 71.114902 4.648E-11 4.322E+01 -3.957E+00
16 50 217.739116 2.461E-08 5.569E+01 -4.727E+00
24 50 139.361361 2.959E-09 6.176E+01 -4.458E+00
33 50 96.779853 3.143E-10 5.295E+01 -4.186E+00
44 50 71.103231 4.639E-11 4.323E+01 -3.957E+00
23 50 139.361397 1.314E-07 4.581E+01 -5.418E+00
32 50 96.779870 3.023E-08 5.147E+01 -5.193E+00
43 50 71.103235 5.611E-09 4.870E+01 -4.972E+00
25 50 139.342390 1.318E-07 4.580E+01 -5.419E+00
34 50 96.768852 2.963E-08 5.132E+01 -5.190E+00
45 50 71.096252 5.607E-09 4.872E+01 -4.971E+00
35 50 96.768849 7.761E-07 3.943E+01 -6.155E+00
46 50 71.096247 3.310E-07 4.474E+01 -5.985E+00
36 50 96.761517 7.748E-07 3.939E+01 -6.155E+00
47 50 71.091609 3.489E-07 4.496E+01 -5.994E+00
48 50 71.091606 4.531E-06 3.460E+01 -6.922E+00
49 50 71.088308 5.088E-06 3.496E+01 -6.942E+00
