j gj i gi wl A A+Aa bla f
617 0 0 1 17.4116 3.134E+12 4.094E+14 0 1.108E-01
607 0 0 1 17.4336 1.360E+12 3.092E+14 0 6.194E-02
602 0 0 1 17.4527 9.427E+11 3.275E+14 0 5.262E-02
612 0 0 1 17.4250 8.570E+11 2.644E+14 0 3.901E-02
854 0 0 1 17.1107 6.811E+11 3.293E+14 0 2.990E-02
604 0 0 1 17.4436 6.277E+11 3.395E+14 0 2.863E-02
630 0 0 1 17.3690 5.129E+11 4.244E+14 0 2.320E-02
597 0 0 1 17.4904 3.943E+11 2.465E+14 0 2.210E-02
598 0 0 1 17.4752 4.824E+11 2.796E+14 0 2.209E-02
656 0 0 1 17.3177 3.026E+11 3.312E+14 0 1.360E-02
606 0 0 1 17.4348 3.481E+11 3.723E+14 0 1.234E-02
868 0 0 1 17.0976 2.752E+11 3.258E+14 0 1.207E-02
831 0 0 1 17.1323 2.037E+11 2.943E+14 0 1.096E-02
631 0 0 1 17.3690 1.889E+11 4.464E+14 0 1.045E-02
601 0 0 1 17.4553 2.737E+11 3.015E+14 0 9.726E-03
815 0 0 1 17.1475 1.971E+11 3.446E+14 0 8.687E-03
629 0 0 1 17.3704 2.410E+11 3.907E+14 0 8.479E-03
613 0 0 1 17.4231 2.349E+11 3.472E+14 0 8.314E-03
624 0 0 1 17.3876 1.427E+11 3.445E+14 0 7.907E-03
840 0 0 1 17.1235 1.780E+11 2.762E+14 0 6.086E-03
871 0 0 1 17.0965 9.931E+10 1.976E+14 0 4.352E-03
850 0 0 1 17.1143 9.877E+10 1.739E+14 0 4.338E-03
844 0 0 1 17.1203 1.203E+11 2.357E+14 0 4.111E-03
641 0 0 1 17.3471 1.121E+11 4.911E+14 0 3.932E-03
659 0 0 1 17.3135 8.713E+10 1.403E+14 0 3.916E-03
636 0 0 1 17.3565 1.038E+11 3.785E+14 0 3.648E-03
864 0 0 1 17.1027 7.883E+10 1.875E+14 0 3.458E-03
618 0 0 1 17.4079 6.208E+10 3.085E+14 0 3.448E-03
809 0 0 1 17.1565 9.366E+10 3.240E+14 0 3.214E-03
856 0 0 1 17.1092 5.517E+10 1.475E+14 0 2.421E-03
870 0 0 1 17.0973 4.301E+10 3.211E+14 0 2.303E-03
833 0 0 1 17.1303 4.038E+10 2.220E+14 0 2.171E-03
621 0 0 1 17.3907 4.584E+10 3.683E+14 0 2.079E-03
646 0 0 1 17.3386 5.760E+10 4.664E+14 0 2.019E-03
900 0 0 1 17.0597 3.535E+10 4.315E+14 0 1.886E-03
639 0 0 1 17.3490 3.721E+10 4.722E+14 0 1.679E-03
827 0 0 1 17.1343 3.520E+10 1.989E+14 0 1.549E-03
899 0 0 1 17.0607 3.206E+10 3.981E+14 0 1.399E-03
903 0 0 1 17.0476 2.951E+10 3.964E+14 0 1.286E-03
648 0 0 1 17.3335 2.663E+10 3.914E+14 0 1.200E-03
905 0 0 1 17.0441 2.703E+10 3.132E+14 0 9.157E-04
702 0 0 1 17.2539 2.623E+10 4.754E+14 0 9.107E-04
895 0 0 1 17.0668 2.581E+10 3.646E+14 0 8.766E-04
935 0 0 1 16.9934 1.399E+10 1.111E+14 0 7.404E-04
913 0 0 1 17.0352 2.020E+10 2.705E+14 0 6.833E-04
836 0 0 1 17.1262 1.863E+10 1.578E+14 0 6.372E-04
599 0 0 1 17.4654 1.789E+10 3.147E+14 0 6.362E-04
644 0 0 1 17.3410 1.059E+10 1.588E+13 0 5.834E-04
845 0 0 1 17.1192 1.032E+10 1.645E+14 0 5.540E-04
625 0 0 1 17.3844 1.541E+10 3.916E+14 0 5.431E-04
848 0 0 1 17.1162 1.201E+10 1.699E+14 0 5.277E-04
634 0 0 1 17.3595 1.136E+10 4.514E+14 0 5.130E-04
658 0 0 1 17.3145 8.045E+09 3.261E+14 0 4.420E-04
672 0 0 1 17.2958 1.196E+10 5.284E+14 0 4.173E-04
932 0 0 1 16.9977 9.307E+09 3.932E+14 0 4.031E-04
802 0 0 1 17.1631 6.821E+09 1.432E+14 0 3.012E-04
927 0 0 1 17.0142 8.706E+09 3.747E+14 0 2.939E-04
804 0 0 1 17.1612 8.460E+09 1.885E+14 0 2.906E-04
835 0 0 1 17.1296 5.365E+09 1.166E+14 0 2.884E-04
685 0 0 1 17.2749 4.977E+09 4.330E+14 0 2.227E-04
819 0 0 1 17.1446 4.976E+09 2.145E+14 0 2.192E-04
673 0 0 1 17.2954 4.530E+09 5.732E+13 0 2.032E-04
837 0 0 1 17.1258 4.061E+09 1.443E+14 0 1.786E-04
787 0 0 1 17.1783 5.163E+09 1.767E+14 0 1.777E-04
944 0 0 1 16.9701 3.626E+09 1.068E+14 0 1.566E-04
721 0 0 1 17.2329 3.302E+09 3.251E+14 0 1.470E-04
649 0 0 1 17.3296 3.168E+09 6.599E+13 0 1.427E-04
921 0 0 1 17.0218 2.682E+09 4.695E+14 0 1.423E-04
881 0 0 1 17.0819 3.223E+09 1.559E+14 0 1.410E-04
667 0 0 1 17.3013 4.011E+09 4.396E+14 0 1.400E-04
859 0 0 1 17.1070 3.178E+09 1.944E+14 0 1.394E-04
741 0 0 1 17.2176 3.083E+09 1.170E+14 0 1.370E-04
898 0 0 1 17.0637 2.880E+09 2.156E+14 0 1.257E-04
719 0 0 1 17.2341 3.190E+09 3.443E+14 0 1.105E-04
752 0 0 1 17.2105 2.422E+09 1.300E+14 0 1.076E-04
820 0 0 1 17.1430 1.905E+09 2.002E+14 0 1.025E-04
662 0 0 1 17.3107 2.409E+09 3.825E+14 0 8.417E-05
994 0 0 1 16.8951 1.588E+09 1.853E+14 0 8.304E-05
915 0 0 1 17.0294 2.396E+09 4.142E+14 0 8.099E-05
816 0 0 1 17.1473 2.223E+09 2.000E+14 0 7.622E-05
877 0 0 1 17.0880 2.239E+09 1.211E+14 0 7.621E-05
879 0 0 1 17.0859 1.372E+09 1.109E+14 0 7.340E-05
761 0 0 1 17.2047 2.060E+09 3.355E+14 0 7.111E-05
775 0 0 1 17.1895 1.259E+09 1.131E+14 0 6.817E-05
763 0 0 1 17.2038 1.513E+09 1.002E+14 0 6.717E-05
945 0 0 1 16.9663 1.999E+09 3.750E+14 0 6.708E-05
813 0 0 1 17.1520 1.927E+09 1.899E+14 0 6.613E-05
669 0 0 1 17.2985 1.187E+09 4.730E+14 0 6.510E-05
731 0 0 1 17.2277 1.454E+09 1.110E+14 0 6.472E-05
776 0 0 1 17.1895 1.417E+09 1.048E+14 0 6.277E-05
947 0 0 1 16.9636 1.861E+09 1.986E+14 0 6.243E-05
792 0 0 1 17.1731 1.116E+09 1.672E+14 0 6.030E-05
799 0 0 1 17.1650 1.749E+09 1.546E+14 0 6.007E-05
826 0 0 1 17.1364 1.256E+09 1.698E+14 0 5.529E-05
938 0 0 1 16.9856 1.539E+09 1.186E+14 0 5.179E-05
677 0 0 1 17.2875 1.470E+09 7.670E+13 0 5.122E-05
908 0 0 1 17.0403 1.131E+09 1.585E+14 0 4.924E-05
733 0 0 1 17.2253 1.399E+09 1.337E+14 0 4.841E-05
888 0 0 1 17.0745 1.389E+09 1.800E+14 0 4.723E-05
770 0 0 1 17.1956 7.808E+08 1.492E+14 0 4.231E-05
651 0 0 1 17.3254 1.131E+09 9.933E+13 0 3.960E-05
715 0 0 1 17.2384 8.869E+08 9.307E+13 0 3.951E-05
764 0 0 1 17.2024 8.723E+08 1.352E+14 0 3.870E-05
681 0 0 1 17.2816 8.579E+08 6.456E+13 0 3.841E-05
867 0 0 1 17.1005 1.090E+09 1.305E+14 0 3.716E-05
965 0 0 1 16.9335 1.107E+09 1.329E+14 0 3.701E-05
782 0 0 1 17.1855 1.074E+09 2.124E+14 0 3.699E-05
960 0 0 1 16.9410 6.894E+08 1.020E+14 0 3.626E-05
703 0 0 1 17.2524 1.033E+09 8.414E+13 0 3.587E-05
948 0 0 1 16.9583 8.263E+08 1.393E+14 0 3.563E-05
788 0 0 1 17.1782 8.042E+08 1.684E+14 0 3.558E-05
862 0 0 1 17.1044 1.024E+09 1.661E+14 0 3.492E-05
665 0 0 1 17.3040 9.813E+08 7.009E+13 0 3.427E-05
652 0 0 1 17.3238 5.793E+08 3.064E+13 0 3.186E-05
851 0 0 1 17.1132 9.189E+08 1.913E+14 0 3.138E-05
710 0 0 1 17.2441 8.570E+08 1.150E+14 0 2.972E-05
756 0 0 1 17.2083 5.342E+08 1.236E+14 0 2.899E-05
818 0 0 1 17.1458 8.396E+08 1.502E+14 0 2.878E-05
796 0 0 1 17.1681 6.334E+08 1.866E+14 0 2.799E-05
686 0 0 1 17.2741 7.901E+08 8.113E+13 0 2.749E-05
778 0 0 1 17.1872 6.097E+08 1.647E+14 0 2.700E-05
794 0 0 1 17.1690 7.673E+08 2.024E+14 0 2.638E-05
740 0 0 1 17.2186 4.765E+08 1.079E+14 0 2.589E-05
695 0 0 1 17.2635 5.694E+08 8.110E+13 0 2.544E-05
701 0 0 1 17.2548 5.614E+08 8.648E+13 0 2.506E-05
929 0 0 1 17.0022 7.210E+08 1.146E+14 0 2.430E-05
735 0 0 1 17.2207 6.583E+08 1.115E+14 0 2.277E-05
746 0 0 1 17.2142 4.473E+08 1.175E+14 0 1.987E-05
949 0 0 1 16.9565 3.647E+08 9.213E+13 0 1.921E-05
765 0 0 1 17.2019 5.351E+08 1.387E+14 0 1.847E-05
969 0 0 1 16.9273 3.264E+08 1.014E+14 0 1.713E-05
941 0 0 1 16.9746 5.070E+08 1.461E+14 0 1.703E-05
832 0 0 1 17.1313 4.914E+08 1.739E+14 0 1.682E-05
972 0 0 1 16.9256 4.666E+08 1.527E+14 0 1.559E-05
793 0 0 1 17.1723 4.510E+08 1.702E+14 0 1.551E-05
748 0 0 1 17.2137 4.474E+08 1.245E+14 0 1.546E-05
772 0 0 1 17.1929 4.344E+08 1.357E+14 0 1.498E-05
743 0 0 1 17.2163 2.570E+08 1.022E+14 0 1.396E-05
687 0 0 1 17.2735 2.510E+08 5.666E+13 0 1.372E-05
893 0 0 1 17.0688 3.132E+08 1.556E+14 0 1.368E-05
966 0 0 1 16.9329 3.939E+08 1.066E+14 0 1.317E-05
750 0 0 1 17.2111 3.759E+08 1.363E+14 0 1.299E-05
849 0 0 1 17.1153 2.401E+08 7.324E+13 0 1.289E-05
768 0 0 1 17.1973 2.590E+08 1.319E+14 0 1.149E-05
643 0 0 1 17.3422 3.093E+08 4.528E+13 0 1.085E-05
955 0 0 1 16.9464 2.880E+08 9.928E+13 0 9.646E-06
769 0 0 1 17.1965 2.347E+08 1.719E+14 0 8.093E-06
713 0 0 1 17.2414 1.390E+08 8.231E+13 0 7.572E-06
857 0 0 1 17.1083 2.156E+08 1.669E+14 0 7.357E-06
886 0 0 1 17.0783 2.034E+08 1.641E+14 0 6.919E-06
974 0 0 1 16.9238 1.913E+08 3.403E+14 0 6.390E-06
880 0 0 1 17.0844 1.175E+08 1.020E+14 0 6.281E-06
811 0 0 1 17.1550 1.032E+08 2.371E+14 0 5.564E-06
1013 0 0 1 16.8624 1.020E+08 1.741E+14 0 5.314E-06
873 0 0 1 17.0944 1.507E+08 1.590E+14 0 5.137E-06
956 0 0 1 16.9453 1.181E+08 1.011E+14 0 5.087E-06
758 0 0 1 17.2073 1.269E+08 1.756E+14 0 4.381E-06
653 0 0 1 17.3204 1.147E+08 1.137E+14 0 4.012E-06
693 0 0 1 17.2655 7.286E+07 5.794E+13 0 3.980E-06
896 0 0 1 17.0660 6.527E+07 1.487E+14 0 3.483E-06
791 0 0 1 17.1740 7.571E+07 1.589E+14 0 3.348E-06
977 0 0 1 16.9163 7.723E+07 1.045E+14 0 3.313E-06
1002 0 0 1 16.8820 7.594E+07 1.679E+14 0 3.246E-06
732 0 0 1 17.2254 5.813E+07 1.001E+14 0 3.160E-06
918 0 0 1 17.0253 9.277E+07 1.295E+14 0 3.136E-06
730 0 0 1 17.2286 7.043E+07 9.864E+13 0 3.134E-06
722 0 0 1 17.2326 5.631E+07 8.190E+13 0 3.064E-06
736 0 0 1 17.2203 6.673E+07 9.432E+13 0 2.967E-06
970 0 0 1 16.9270 6.241E+07 1.152E+14 0 2.681E-06
700 0 0 1 17.2549 4.834E+07 6.143E+13 0 2.637E-06
922 0 0 1 17.0172 7.417E+07 2.082E+14 0 2.504E-06
705 0 0 1 17.2475 4.503E+07 8.108E+13 0 2.454E-06
962 0 0 1 16.9386 4.374E+07 7.570E+13 0 2.299E-06
1043 0 0 1 16.8008 5.024E+07 1.477E+14 0 2.127E-06
637 0 0 1 17.3521 4.351E+07 2.958E+13 0 1.964E-06
1004 0 0 1 16.8813 3.582E+07 1.878E+14 0 1.870E-06
727 0 0 1 17.2298 5.083E+07 8.656E+13 0 1.760E-06
783 0 0 1 17.1853 4.839E+07 1.966E+14 0 1.667E-06
633 0 0 1 17.3643 2.949E+07 1.897E+13 0 1.629E-06
692 0 0 1 17.2662 3.560E+07 9.306E+13 0 1.591E-06
968 0 0 1 16.9299 3.554E+07 9.880E+13 0 1.528E-06
984 0 0 1 16.9091 4.410E+07 1.236E+14 0 1.470E-06
996 0 0 1 16.8928 3.122E+07 1.991E+14 0 1.336E-06
1009 0 0 1 16.8715 3.032E+07 1.776E+14 0 1.294E-06
989 0 0 1 16.9029 3.406E+07 1.237E+14 0 1.134E-06
1034 0 0 1 16.8244 2.612E+07 1.263E+14 0 1.109E-06
979 0 0 1 16.9136 2.437E+07 1.168E+14 0 1.045E-06
1014 0 0 1 16.8611 2.414E+07 1.662E+14 0 8.003E-07
759 0 0 1 17.2059 1.114E+07 1.288E+14 0 6.041E-07
712 0 0 1 17.2418 1.709E+07 1.167E+14 0 5.921E-07
1030 0 0 1 16.8300 1.354E+07 1.613E+14 0 5.750E-07
742 0 0 1 17.2170 1.027E+07 7.477E+13 0 5.578E-07
822 0 0 1 17.1410 1.574E+07 2.114E+14 0 5.394E-07
993 0 0 1 16.8978 1.581E+07 1.586E+14 0 5.267E-07
910 0 0 1 17.0391 1.501E+07 1.670E+14 0 5.083E-07
1012 0 0 1 16.8700 9.934E+06 1.548E+14 0 4.239E-07
1011 0 0 1 16.8702 5.708E+06 2.081E+14 0 2.977E-07
1017 0 0 1 16.8520 8.986E+06 1.732E+14 0 2.976E-07
1058 0 0 1 16.7511 6.627E+06 2.017E+14 0 2.788E-07
828 0 0 1 17.1340 7.943E+06 1.656E+14 0 2.719E-07
1015 0 0 1 16.8564 5.571E+06 1.900E+14 0 2.373E-07
1054 0 0 1 16.7648 6.657E+06 1.773E+14 0 2.182E-07
995 0 0 1 16.8940 6.499E+06 1.475E+14 0 2.162E-07
1021 0 0 1 16.8466 3.795E+06 2.010E+14 0 1.973E-07
1020 0 0 1 16.8486 5.871E+06 1.677E+14 0 1.943E-07
1001 0 0 1 16.8824 5.726E+06 1.933E+14 0 1.903E-07
976 0 0 1 16.9170 5.497E+06 1.266E+14 0 1.834E-07
1032 0 0 1 16.8279 5.229E+06 1.637E+14 0 1.727E-07
930 0 0 1 17.0010 3.916E+06 1.415E+14 0 1.697E-07
865 0 0 1 17.1021 3.106E+06 1.892E+14 0 1.664E-07
709 0 0 1 17.2445 3.161E+06 8.878E+13 0 1.409E-07
1025 0 0 1 16.8364 4.127E+06 1.252E+14 0 1.364E-07
1045 0 0 1 16.7941 2.418E+06 1.173E+14 0 1.023E-07
992 0 0 1 16.8981 1.860E+06 1.650E+14 0 7.961E-08
1046 0 0 1 16.7938 1.466E+06 1.103E+14 0 7.577E-08
1023 0 0 1 16.8441 2.054E+06 1.644E+14 0 6.796E-08
1044 0 0 1 16.7973 1.461E+06 1.815E+14 0 4.809E-08
1047 0 0 1 16.7910 1.040E+06 1.446E+14 0 3.420E-08
1039 0 0 1 16.8091 8.451E+05 1.200E+14 0 2.784E-08
698 0 0 1 17.2596 7.666E+05 7.227E+13 0 2.663E-08
981 0 0 1 16.9128 4.187E+05 1.345E+14 0 2.194E-08
1036 0 0 1 16.8229 5.933E+05 1.258E+14 0 1.958E-08
1006 0 0 1 16.8798 2.740E+05 1.539E+14 0 9.104E-09
1072 0 0 1 16.7073 2.794E+05 1.230E+14 0 9.093E-09
1041 0 0 1 16.8065 9.764E+04 1.320E+14 0 5.056E-09
1016 0 0 1 16.8526 8.553E+04 1.889E+14 0 3.642E-09
1060 0 0 1 16.7469 6.874E+04 1.993E+14 0 2.248E-09
952 0 0 1 16.9541 3.500E+04 7.759E+13 0 1.509E-09
699 0 0 1 17.2574 4.784E+03 1.151E+14 0 1.661E-10
1049 0 0 1 16.7906 1.001E+02 1.255E+14 0 4.232E-12
