j g(j) i g(i) wl A A^a A/A^a f
13 2.000 1 2.000 14.0201 6.430E+12 3.553E+13 1.810E-01 1.895E-01
11 4.000 1 2.000 14.0469 2.810E+12 1.842E+14 1.525E-02 1.663E-01
14 4.000 1 2.000 14.0176 1.363E+12 3.541E+13 3.848E-02 8.030E-02
33 4.000 1 2.000 12.5723 1.082E+12 2.180E+13 4.960E-02 5.125E-02
15 2.000 1 2.000 13.9404 9.155E+11 1.153E+14 7.939E-03 2.667E-02
79 4.000 1 2.000 12.2211 3.933E+11 1.388E+13 2.834E-02 1.762E-02
25 2.000 1 2.000 12.6075 5.925E+11 5.360E+12 1.105E-01 1.412E-02
51 2.000 1 2.000 12.5017 5.235E+11 7.339E+12 7.133E-02 1.226E-02
35 2.000 1 2.000 12.5523 4.518E+11 7.135E+12 6.331E-02 1.067E-02
151 4.000 1 2.000 12.0732 1.758E+11 7.803E+12 2.253E-02 7.685E-03
74 2.000 1 2.000 12.2326 3.351E+11 1.616E+12 2.074E-01 7.515E-03
52 4.000 1 2.000 12.5009 1.355E+11 7.259E+12 1.866E-02 6.350E-03
26 4.000 1 2.000 12.6075 1.306E+11 6.184E+12 2.112E-02 6.225E-03
227 4.000 1 2.000 11.9962 1.200E+11 6.189E+12 1.939E-02 5.180E-03
146 2.000 1 2.000 12.0785 1.959E+11 8.799E+11 2.226E-01 4.285E-03
75 4.000 1 2.000 12.2315 9.455E+10 1.893E+12 4.996E-02 4.242E-03
228 2.000 1 2.000 11.9960 1.931E+11 9.127E+11 2.116E-01 4.165E-03
219 4.000 1 2.000 12.0006 9.445E+10 1.747E+12 5.408E-02 4.079E-03
81 2.000 1 2.000 12.2109 1.607E+11 6.875E+12 2.337E-02 3.593E-03
148 4.000 1 2.000 12.0774 8.205E+10 1.030E+12 7.964E-02 3.589E-03
121 2.000 1 2.000 12.1484 1.568E+11 3.460E+12 4.532E-02 3.469E-03
333 4.000 1 2.000 11.9525 7.838E+10 1.148E+12 6.829E-02 3.358E-03
119 4.000 1 2.000 12.1514 7.228E+10 8.876E+12 8.143E-03 3.201E-03
43 4.000 1 2.000 12.5125 5.845E+10 3.171E+13 1.843E-03 2.744E-03
336 4.000 1 2.000 11.9508 4.873E+10 2.578E+12 1.890E-02 2.087E-03
122 4.000 1 2.000 12.1481 4.290E+10 3.487E+12 1.230E-02 1.899E-03
155 2.000 1 2.000 12.0670 7.245E+10 4.815E+12 1.505E-02 1.582E-03
27 4.000 1 2.000 12.6050 3.108E+10 9.283E+12 3.348E-03 1.480E-03
432 2.000 1 2.000 11.9209 6.520E+10 9.728E+11 6.702E-02 1.389E-03
224 2.000 1 2.000 11.9985 5.670E+10 1.302E+12 4.356E-02 1.223E-03
330 2.000 1 2.000 11.9536 5.675E+10 5.324E+11 1.066E-01 1.216E-03
356 2.000 1 2.000 11.9472 4.464E+10 3.106E+12 1.437E-02 9.550E-04
463 2.000 1 2.000 11.8757 4.010E+10 6.516E+11 6.155E-02 8.480E-04
331 2.000 1 2.000 11.9531 3.951E+10 8.187E+11 4.826E-02 8.465E-04
430 4.000 1 2.000 11.9218 1.777E+10 2.556E+12 6.952E-03 7.570E-04
433 4.000 1 2.000 11.9208 1.732E+10 1.005E+12 1.723E-02 7.380E-04
217 4.000 1 2.000 12.0017 1.661E+10 1.227E+12 1.354E-02 7.175E-04
123 2.000 1 2.000 12.1456 3.118E+10 6.493E+12 4.801E-03 6.895E-04
73 4.000 1 2.000 12.2337 1.363E+10 3.771E+12 3.614E-03 6.115E-04
461 4.000 1 2.000 11.8762 1.447E+10 1.556E+12 9.299E-03 6.115E-04
147 2.000 1 2.000 12.0775 2.112E+10 2.091E+12 1.010E-02 4.619E-04
464 4.000 1 2.000 11.8756 1.063E+10 6.718E+11 1.582E-02 4.494E-04
145 4.000 1 2.000 12.0797 8.285E+09 1.881E+12 4.404E-03 3.625E-04
241 2.000 1 2.000 11.9907 1.574E+10 5.500E+12 2.862E-03 3.393E-04
329 4.000 1 2.000 11.9542 7.260E+09 6.974E+11 1.041E-02 3.112E-04
55 2.000 1 2.000 12.4928 1.162E+10 2.211E+13 5.254E-04 2.718E-04
223 2.000 1 2.000 11.9993 9.325E+09 1.081E+12 8.625E-03 2.013E-04
214 2.000 1 2.000 12.0026 7.395E+09 1.186E+12 6.236E-03 1.598E-04
325 2.000 1 2.000 11.9556 6.235E+09 6.701E+11 9.305E-03 1.335E-04
149 4.000 1 2.000 12.0764 3.038E+09 2.068E+12 1.469E-03 1.328E-04
465 2.000 1 2.000 11.8751 5.995E+09 1.434E+12 4.180E-03 1.268E-04
434 2.000 1 2.000 11.9200 5.690E+09 2.496E+12 2.280E-03 1.212E-04
221 4.000 1 2.000 12.0000 2.465E+09 1.252E+12 1.969E-03 1.064E-04
141 2.000 1 2.000 12.0825 4.524E+09 1.916E+12 2.361E-03 9.905E-05
21 2.000 1 2.000 12.6191 3.945E+09 1.033E+13 3.819E-04 9.420E-05
69 2.000 1 2.000 12.2389 3.878E+09 3.943E+12 9.833E-04 8.710E-05
76 2.000 1 2.000 12.2291 3.385E+09 4.597E+12 7.363E-04 7.590E-05
326 4.000 1 2.000 11.9552 1.538E+09 7.314E+11 2.102E-03 6.590E-05
229 4.000 1 2.000 11.9950 1.153E+09 2.732E+12 4.220E-04 4.973E-05
216 2.000 1 2.000 12.0018 1.986E+09 1.260E+12 1.576E-03 4.288E-05
334 4.000 1 2.000 11.9517 7.618E+08 7.989E+11 9.535E-04 3.263E-05
22 4.000 1 2.000 12.6184 5.113E+08 1.032E+13 4.953E-05 2.441E-05
77 4.000 1 2.000 12.2282 4.111E+08 4.692E+12 8.761E-05 1.843E-05
427 4.000 1 2.000 11.9445 4.240E+08 7.518E+09 5.640E-02 1.814E-05
116 4.000 1 2.000 12.1856 3.638E+08 2.152E+10 1.690E-02 1.620E-05
206 4.000 1 2.000 12.0557 2.830E+08 1.318E+10 2.147E-02 1.234E-05
225 4.000 1 2.000 11.9978 2.640E+08 1.254E+12 2.105E-04 1.140E-05
8 2.000 1 2.000 14.1724 3.682E+08 1.015E+14 3.629E-06 1.108E-05
28 2.000 1 2.000 12.5885 4.560E+08 1.153E+13 3.955E-05 1.084E-05
302 4.000 1 2.000 11.9861 1.957E+08 1.152E+10 1.699E-02 8.430E-06
134 4.000 1 2.000 12.1071 1.644E+08 2.019E+10 8.142E-03 7.225E-06
53 6.000 1 2.000 12.4984 8.412E+07 8.099E+11 1.039E-04 5.910E-06
358 4.000 1 2.000 11.9471 1.171E+08 4.828E+09 2.425E-02 5.010E-06
394 4.000 1 2.000 11.9448 8.385E+07 4.872E+09 1.721E-02 3.587E-06
113 4.000 1 2.000 12.1862 8.028E+07 1.993E+10 4.028E-03 3.575E-06
70 4.000 1 2.000 12.2383 7.142E+07 3.957E+12 1.805E-05 3.207E-06
198 4.000 1 2.000 12.0562 6.020E+07 1.107E+10 5.439E-03 2.624E-06
95 6.000 1 2.000 12.1948 3.820E+07 5.981E+11 6.387E-05 2.555E-06
492 4.000 1 2.000 11.8691 5.075E+07 5.774E+09 8.790E-03 2.144E-06
56 4.000 1 2.000 12.4889 4.558E+07 7.711E+11 5.910E-05 2.132E-06
40 4.000 1 2.000 12.5237 4.275E+07 6.155E+11 6.946E-05 2.011E-06
283 4.000 1 2.000 11.9865 4.118E+07 6.858E+09 6.004E-03 1.774E-06
215 4.000 1 2.000 12.0019 3.698E+07 1.188E+12 3.112E-05 1.598E-06
455 4.000 1 2.000 11.9102 3.733E+07 7.766E+09 4.806E-03 1.588E-06
317 4.000 1 2.000 11.9789 3.635E+07 1.217E+10 2.987E-03 1.564E-06
41 6.000 1 2.000 12.5233 2.148E+07 6.252E+11 3.436E-05 1.515E-06
254 4.000 1 2.000 11.9891 3.463E+07 6.626E+09 5.226E-03 1.493E-06
85 4.000 1 2.000 12.2053 2.725E+07 3.294E+11 8.272E-05 1.217E-06
172 4.000 1 2.000 12.0594 2.618E+07 1.089E+10 2.403E-03 1.141E-06
167 6.000 1 2.000 12.0605 1.718E+07 4.370E+11 3.933E-05 1.123E-06
87 6.000 1 2.000 12.2050 1.484E+07 3.356E+11 4.420E-05 9.940E-07
97 4.000 1 2.000 12.1927 2.188E+07 4.612E+11 4.743E-05 9.750E-07
142 4.000 1 2.000 12.0820 2.143E+07 1.946E+12 1.101E-05 9.376E-07
58 4.000 1 2.000 12.4300 1.749E+07 5.568E+11 3.142E-05 8.105E-07
127 6.000 1 2.000 12.1216 1.202E+07 2.011E+12 5.980E-06 7.945E-07
157 4.000 1 2.000 12.0661 1.698E+07 1.812E+11 9.368E-05 7.410E-07
61 6.000 1 2.000 12.4248 9.193E+06 4.041E+12 2.275E-06 6.385E-07
158 6.000 1 2.000 12.0659 9.227E+06 1.878E+11 4.914E-05 6.040E-07
238 6.000 1 2.000 11.9918 8.535E+06 1.040E+11 8.208E-05 5.520E-07
234 6.000 1 2.000 11.9930 8.157E+06 9.908E+10 8.232E-05 5.275E-07
102 4.000 1 2.000 12.1912 1.166E+07 2.016E+10 5.781E-04 5.195E-07
59 6.000 1 2.000 12.4299 7.185E+06 5.778E+11 1.243E-05 4.994E-07
63 4.000 1 2.000 12.4137 1.013E+07 6.215E+11 1.630E-05 4.681E-07
240 6.000 1 2.000 11.9907 6.910E+06 1.549E+11 4.462E-05 4.469E-07
170 4.000 1 2.000 12.0595 1.002E+07 2.108E+11 4.753E-05 4.369E-07
345 6.000 1 2.000 11.9485 6.585E+06 1.021E+11 6.447E-05 4.229E-07
124 4.000 1 2.000 12.1222 8.613E+06 2.568E+11 3.354E-05 3.795E-07
235 4.000 1 2.000 11.9928 8.798E+06 9.529E+10 9.233E-05 3.794E-07
257 4.000 1 2.000 11.9889 8.430E+06 1.541E+11 5.471E-05 3.634E-07
129 4.000 1 2.000 12.1168 7.928E+06 3.168E+11 2.503E-05 3.490E-07
9 4.000 1 2.000 14.1712 5.078E+06 1.008E+14 5.036E-08 3.059E-07
303 4.000 1 2.000 11.9861 5.950E+06 1.599E+11 3.721E-05 2.564E-07
342 4.000 1 2.000 11.9493 5.940E+06 7.608E+10 7.808E-05 2.544E-07
378 6.000 1 2.000 11.9467 3.057E+06 1.486E+11 2.057E-05 1.963E-07
339 6.000 1 2.000 11.9496 2.968E+06 6.781E+10 4.377E-05 1.906E-07
304 6.000 1 2.000 11.9861 2.750E+06 1.660E+11 1.657E-05 1.777E-07
438 6.000 1 2.000 11.9140 2.682E+06 7.143E+11 3.754E-06 1.713E-07
125 6.000 1 2.000 12.1221 2.490E+06 2.864E+11 8.694E-06 1.646E-07
29 4.000 1 2.000 12.5878 3.375E+06 1.153E+13 2.926E-07 1.603E-07
162 6.000 1 2.000 12.0642 2.290E+06 1.290E+11 1.775E-05 1.499E-07
469 6.000 1 2.000 11.8715 2.258E+06 4.454E+11 5.070E-06 1.432E-07
435 4.000 1 2.000 11.9143 3.343E+06 9.009E+10 3.710E-05 1.423E-07
343 4.000 1 2.000 11.9489 3.243E+06 6.338E+10 5.116E-05 1.388E-07
385 4.000 1 2.000 11.9461 2.760E+06 1.146E+11 2.409E-05 1.181E-07
36 4.000 1 2.000 12.5269 2.204E+06 2.276E+11 9.682E-06 1.037E-07
440 4.000 1 2.000 11.9128 2.401E+06 1.239E+11 1.938E-05 1.022E-07
466 4.000 1 2.000 11.8717 2.110E+06 7.048E+10 2.994E-05 8.915E-08
236 4.000 1 2.000 11.9920 2.047E+06 7.861E+10 2.603E-05 8.825E-08
12 6.000 1 2.000 14.0467 9.405E+05 1.825E+14 5.154E-09 8.345E-08
82 4.000 1 2.000 12.2077 1.862E+06 1.292E+11 1.441E-05 8.320E-08
436 6.000 1 2.000 11.9143 1.256E+06 9.453E+10 1.328E-05 8.020E-08
471 4.000 1 2.000 11.8707 1.877E+06 9.184E+10 2.044E-05 7.930E-08
153 4.000 1 2.000 12.0680 1.736E+06 7.943E+10 2.186E-05 7.580E-08
307 4.000 1 2.000 11.9832 1.721E+06 1.848E+11 9.310E-06 7.410E-08
231 4.000 1 2.000 11.9943 1.633E+06 5.139E+10 3.177E-05 7.045E-08
337 4.000 1 2.000 11.9507 1.422E+06 3.800E+10 3.743E-05 6.090E-08
160 4.000 1 2.000 12.0644 1.187E+06 1.221E+11 9.720E-06 5.180E-08
361 6.000 1 2.000 11.9470 7.163E+05 7.007E+10 1.022E-05 4.599E-08
467 6.000 1 2.000 11.8716 7.143E+05 7.466E+10 9.568E-06 4.528E-08
10 6.000 1 2.000 14.1691 4.845E+05 1.003E+14 4.832E-09 4.374E-08
232 6.000 1 2.000 11.9938 4.985E+05 4.915E+10 1.014E-05 3.225E-08
37 6.000 1 2.000 12.5262 4.445E+05 2.176E+11 2.042E-06 3.137E-08
338 6.000 1 2.000 11.9503 4.867E+05 4.227E+10 1.151E-05 3.127E-08
32 4.000 1 2.000 12.5861 4.896E+05 1.248E+13 3.922E-08 2.326E-08
90 6.000 1 2.000 12.2011 3.052E+05 2.166E+11 1.409E-06 2.044E-08
89 4.000 1 2.000 12.2013 4.320E+05 2.190E+11 1.972E-06 1.929E-08
164 6.000 1 2.000 12.0624 2.867E+05 1.116E+11 2.569E-06 1.876E-08
305 6.000 1 2.000 11.9845 2.193E+05 1.240E+12 1.769E-07 1.417E-08
92 6.000 1 2.000 12.1987 2.080E+05 1.922E+11 1.082E-06 1.392E-08
118 4.000 1 2.000 12.1770 3.118E+05 4.644E+12 6.713E-08 1.386E-08
42 6.000 1 2.000 12.5126 1.582E+05 3.121E+13 5.070E-09 1.114E-08
83 6.000 1 2.000 12.2071 1.578E+05 1.229E+11 1.284E-06 1.058E-08
23 6.000 1 2.000 12.6173 1.472E+05 1.042E+13 1.414E-08 1.054E-08
243 6.000 1 2.000 11.9900 1.510E+05 7.368E+10 2.050E-06 9.765E-09
48 6.000 1 2.000 12.5044 8.368E+04 3.772E+11 2.219E-07 5.885E-09
30 6.000 1 2.000 12.5868 7.088E+04 1.167E+13 6.076E-09 5.050E-09
71 6.000 1 2.000 12.2374 6.697E+04 4.001E+12 1.674E-08 4.511E-09
247 4.000 1 2.000 11.9898 8.940E+04 6.748E+10 1.325E-06 3.854E-09
120 6.000 1 2.000 12.1514 5.675E+04 8.866E+12 6.401E-09 3.769E-09
93 4.000 1 2.000 12.1982 7.888E+04 1.906E+11 4.137E-07 3.520E-09
45 4.000 1 2.000 12.5108 6.583E+04 4.563E+11 1.442E-07 3.090E-09
143 6.000 1 2.000 12.0811 3.982E+04 1.978E+12 2.013E-08 2.614E-09
165 4.000 1 2.000 12.0621 5.898E+04 1.067E+11 5.526E-07 2.573E-09
49 4.000 1 2.000 12.5037 5.153E+04 3.825E+11 1.347E-07 2.416E-09
220 6.000 1 2.000 12.0003 3.242E+04 2.265E+12 1.431E-08 2.100E-09
78 6.000 1 2.000 12.2275 2.883E+04 4.910E+12 5.872E-09 1.939E-09
34 6.000 1 2.000 12.5700 2.415E+04 2.220E+13 1.088E-09 1.716E-09
80 6.000 1 2.000 12.2192 2.313E+04 1.412E+13 1.638E-09 1.554E-09
328 6.000 1 2.000 11.9543 1.978E+04 7.396E+11 2.675E-08 1.271E-09
431 6.000 1 2.000 11.9218 1.932E+04 2.498E+12 7.733E-09 1.235E-09
364 4.000 1 2.000 11.9468 2.750E+04 5.188E+10 5.300E-07 1.177E-09
230 6.000 1 2.000 11.9944 1.672E+04 7.304E+12 2.289E-09 1.082E-09
154 6.000 1 2.000 12.0674 1.562E+04 7.583E+10 2.060E-07 1.023E-09
140 4.000 1 2.000 12.0868 2.183E+04 4.250E+12 5.136E-09 9.562E-10
429 4.000 1 2.000 11.9287 2.190E+04 1.263E+12 1.734E-08 9.345E-10
152 6.000 1 2.000 12.0715 1.380E+04 8.419E+12 1.640E-09 9.045E-10
218 6.000 1 2.000 12.0011 1.380E+04 1.092E+12 1.265E-08 8.940E-10
150 6.000 1 2.000 12.0760 1.279E+04 2.187E+12 5.850E-09 8.390E-10
462 6.000 1 2.000 11.8762 1.242E+04 1.470E+12 8.452E-09 7.880E-10
301 6.000 1 2.000 11.9862 9.537E+03 4.324E+09 2.206E-06 6.160E-10
46 6.000 1 2.000 12.5105 8.503E+03 4.506E+11 1.887E-08 5.985E-10
20 4.000 1 2.000 12.6526 1.118E+04 2.219E+13 5.038E-10 5.364E-10
416 2.000 1 2.000 11.9446 2.445E+04 4.679E+09 5.225E-06 5.230E-10
226 6.000 1 2.000 11.9976 6.863E+03 1.287E+12 5.331E-09 4.443E-10
203 2.000 1 2.000 12.0559 1.806E+04 1.085E+10 1.665E-06 3.936E-10
340 6.000 1 2.000 11.9495 5.397E+03 3.812E+12 1.416E-09 3.466E-10
295 2.000 1 2.000 11.9863 1.450E+04 6.688E+09 2.169E-06 3.124E-10
115 2.000 1 2.000 12.1858 1.251E+04 1.964E+10 6.369E-07 2.785E-10
300 4.000 1 2.000 11.9862 5.043E+03 3.307E+09 1.525E-06 2.172E-10
335 6.000 1 2.000 11.9516 3.307E+03 8.068E+11 4.099E-09 2.124E-10
327 4.000 1 2.000 11.9551 4.556E+03 1.611E+12 2.828E-09 1.953E-10
460 4.000 1 2.000 11.8805 4.154E+03 8.002E+11 5.191E-09 1.758E-10
213 4.000 1 2.000 12.0034 3.025E+03 2.335E+12 1.296E-09 1.307E-10
362 6.000 1 2.000 11.9469 1.496E+03 2.342E+09 6.391E-07 9.605E-11
208 4.000 1 2.000 12.0124 2.078E+03 2.332E+12 8.908E-10 8.989E-11
457 6.000 1 2.000 11.9101 1.115E+03 3.271E+09 3.407E-07 7.110E-11
319 6.000 1 2.000 11.9788 1.096E+03 5.483E+09 1.999E-07 7.075E-11
494 6.000 1 2.000 11.8690 1.097E+03 2.147E+09 5.110E-07 6.950E-11
17 4.000 1 2.000 12.6829 1.259E+03 1.386E+13 9.086E-11 6.075E-11
16 2.000 1 2.000 12.6840 1.924E+03 1.384E+13 1.390E-10 4.639E-11
68 4.000 1 2.000 12.2506 8.652E+02 8.485E+12 1.020E-10 3.894E-11
291 6.000 1 2.000 11.9863 5.458E+02 3.318E+09 1.645E-07 3.527E-11
137 4.000 1 2.000 12.0931 7.090E+02 2.512E+12 2.823E-10 3.109E-11
65 4.000 1 2.000 12.2620 5.453E+02 5.193E+12 1.050E-10 2.458E-11
258 6.000 1 2.000 11.9886 3.300E+02 3.268E+09 1.010E-07 2.133E-11
64 2.000 1 2.000 12.2630 7.850E+02 5.175E+12 1.517E-10 1.770E-11
322 4.000 1 2.000 11.9586 3.612E+02 8.776E+11 4.115E-10 1.549E-11
136 2.000 1 2.000 12.0941 3.981E+02 2.497E+12 1.594E-10 8.730E-12
210 4.000 1 2.000 12.0078 1.743E+02 1.451E+12 1.202E-10 7.535E-12
324 6.000 1 2.000 11.9567 8.797E+01 8.500E+11 1.035E-10 5.655E-12
209 2.000 1 2.000 12.0088 2.256E+02 1.372E+12 1.644E-10 4.877E-12
31 2.000 1 2.000 12.5863 1.644E+02 1.269E+13 1.295E-11 3.905E-12
282 6.000 1 2.000 11.9865 5.135E+01 8.642E+09 5.942E-09 3.318E-12
321 2.000 1 2.000 11.9595 1.448E+02 8.719E+11 1.661E-10 3.106E-12
211 6.000 1 2.000 12.0059 4.022E+01 1.382E+12 2.910E-11 2.607E-12
178 6.000 1 2.000 12.0585 3.870E+01 5.596E+09 6.915E-09 2.531E-12
393 6.000 1 2.000 11.9448 3.785E+01 6.772E+09 5.589E-09 2.429E-12
346 6.000 1 2.000 11.9480 3.483E+01 1.506E+10 2.312E-09 2.237E-12
197 6.000 1 2.000 12.0562 3.283E+01 1.249E+10 2.629E-09 2.147E-12
318 6.000 1 2.000 11.9788 3.208E+01 1.249E+10 2.568E-09 2.071E-12
365 6.000 1 2.000 11.9468 2.845E+01 1.309E+10 2.174E-09 1.826E-12
456 6.000 1 2.000 11.9101 2.638E+01 7.996E+09 3.300E-09 1.684E-12
412 6.000 1 2.000 11.9447 2.592E+01 2.091E+09 1.239E-08 1.663E-12
493 6.000 1 2.000 11.8691 2.582E+01 5.879E+09 4.391E-09 1.636E-12
117 2.000 1 2.000 12.1771 7.110E+01 4.618E+12 1.540E-11 1.580E-12
260 6.000 1 2.000 11.9886 2.235E+01 1.011E+10 2.211E-09 1.445E-12
19 2.000 1 2.000 12.6548 4.832E+01 2.221E+13 2.175E-12 1.160E-12
244 6.000 1 2.000 11.9899 1.620E+01 9.114E+09 1.777E-09 1.047E-12
357 6.000 1 2.000 11.9472 1.500E+01 5.261E+09 2.851E-09 9.630E-13
114 6.000 1 2.000 12.1862 1.389E+01 2.060E+10 6.743E-10 9.280E-13
207 2.000 1 2.000 12.0124 4.022E+01 2.330E+12 1.726E-11 8.700E-13
199 6.000 1 2.000 12.0560 1.195E+01 5.512E+09 2.168E-09 7.815E-13
253 6.000 1 2.000 11.9891 1.147E+01 7.017E+09 1.634E-09 7.415E-13
135 6.000 1 2.000 12.1071 1.045E+01 2.016E+10 5.183E-10 6.890E-13
276 6.000 1 2.000 11.9868 9.177E+00 8.931E+09 1.028E-09 5.930E-13
111 6.000 1 2.000 12.1869 7.018E+00 2.598E+10 2.701E-10 4.689E-13
428 2.000 1 2.000 11.9288 2.107E+01 1.249E+12 1.688E-11 4.496E-13
138 6.000 1 2.000 12.0913 5.025E+00 2.483E+12 2.023E-12 3.304E-13
67 2.000 1 2.000 12.2527 1.294E+01 8.523E+12 1.518E-12 2.911E-13
459 2.000 1 2.000 11.8805 1.369E+01 8.066E+11 1.697E-11 2.897E-13
391 6.000 1 2.000 11.9450 4.352E+00 6.702E+09 6.493E-10 2.793E-13
171 6.000 1 2.000 12.0595 4.242E+00 1.156E+10 3.668E-10 2.775E-13
426 6.000 1 2.000 11.9445 3.723E+00 2.106E+09 1.768E-09 2.390E-13
205 6.000 1 2.000 12.0558 3.455E+00 5.480E+09 6.305E-10 2.259E-13
50 2.000 1 2.000 12.5032 6.515E+00 3.749E+11 1.738E-11 1.527E-13
66 6.000 1 2.000 12.2601 1.842E+00 5.166E+12 3.565E-13 1.245E-13
44 2.000 1 2.000 12.5110 5.020E+00 4.573E+11 1.098E-11 1.178E-13
204 4.000 1 2.000 12.0558 2.254E+00 5.486E+09 4.108E-10 9.821E-14
101 6.000 1 2.000 12.1912 1.247E+00 2.082E+10 5.991E-11 8.340E-14
88 2.000 1 2.000 12.2013 3.623E+00 2.232E+11 1.623E-11 8.090E-14
168 6.000 1 2.000 12.0601 1.180E+00 1.191E+10 9.912E-11 7.720E-14
181 6.000 1 2.000 12.0585 1.095E+00 1.267E+10 8.642E-11 7.160E-14
139 2.000 1 2.000 12.0889 2.802E+00 4.115E+12 6.809E-13 6.140E-14
94 2.000 1 2.000 12.1980 2.652E+00 1.854E+11 1.431E-11 5.915E-14
161 2.000 1 2.000 12.0644 2.646E+00 1.241E+11 2.132E-11 5.775E-14
237 2.000 1 2.000 11.9919 1.923E+00 8.037E+10 2.392E-11 4.145E-14
62 2.000 1 2.000 12.4140 1.627E+00 6.462E+11 2.517E-12 3.758E-14
57 2.000 1 2.000 12.4876 1.518E+00 7.510E+11 2.021E-12 3.548E-14
425 4.000 1 2.000 11.9446 7.659E-01 2.097E+09 3.652E-10 3.277E-14
344 2.000 1 2.000 11.9489 1.509E+00 6.359E+10 2.373E-11 3.231E-14
166 2.000 1 2.000 12.0620 1.319E+00 1.017E+11 1.297E-11 2.879E-14
308 2.000 1 2.000 11.9832 1.125E+00 1.773E+11 6.344E-12 2.422E-14
377 2.000 1 2.000 11.9468 8.665E-01 4.852E+10 1.786E-11 1.854E-14
248 2.000 1 2.000 11.9897 8.425E-01 6.320E+10 1.333E-11 1.817E-14
128 2.000 1 2.000 12.1169 8.015E-01 3.208E+11 2.499E-12 1.764E-14
190 6.000 1 2.000 12.0567 2.295E-01 1.367E+10 1.679E-11 1.501E-14
18 6.000 1 2.000 12.6810 1.863E-01 1.384E+13 1.347E-14 1.348E-14
439 2.000 1 2.000 11.9129 5.605E-01 1.254E+11 4.470E-12 1.193E-14
105 6.000 1 2.000 12.1892 1.620E-01 2.084E+10 7.775E-12 1.083E-14
470 2.000 1 2.000 11.8707 3.009E-01 9.419E+10 3.195E-12 6.360E-15
98 2.000 1 2.000 12.1917 2.686E-01 4.638E+11 5.792E-13 5.985E-15
180 2.000 1 2.000 12.0585 2.607E-01 2.170E+11 1.202E-12 5.685E-15
387 2.000 1 2.000 11.9455 6.250E-02 1.297E+11 4.818E-13 1.337E-15
323 2.000 1 2.000 11.9573 5.860E-02 1.559E+12 3.759E-14 1.257E-15
272 2.000 1 2.000 11.9882 4.727E-02 1.752E+11 2.697E-13 1.019E-15
99 6.000 1 2.000 12.1915 4.338E-03 2.134E+10 2.033E-13 2.901E-16
212 2.000 1 2.000 12.0056 4.987E-03 2.260E+12 2.207E-15 1.078E-16
309 6.000 1 2.000 11.9807 1.640E-03 1.126E+10 1.456E-13 1.059E-16
130 6.000 1 2.000 12.1109 1.102E-03 2.073E+10 5.318E-14 7.270E-17
441 6.000 1 2.000 11.9112 2.660E-04 6.770E+09 3.929E-14 1.698E-17
472 6.000 1 2.000 11.8697 8.108E-05 4.444E+09 1.825E-14 5.140E-18
423 6.000 1 2.000 11.9446 5.095E-05 1.348E+09 3.780E-14 3.270E-18
298 6.000 1 2.000 11.9863 3.692E-05 2.121E+09 1.740E-14 2.386E-18
