j g(j) i g(i) wl A A+A^a A/(A+A^a) f
4 4.000 1 2.000 12.1317 6.258E+12 6.258E+12 1.000E+00 2.762E-01
2 2.000 1 2.000 12.1372 6.230E+12 6.230E+12 1.000E+00 1.376E-01
8 4.000 1 2.000 10.2382 1.675E+12 1.899E+12 8.820E-01 5.265E-02
5 2.000 1 2.000 10.2393 1.662E+12 1.887E+12 8.809E-01 2.613E-02
13 4.000 1 2.000 9.70776 6.833E+11 8.140E+11 8.394E-01 1.931E-02
10 2.000 1 2.000 9.70819 6.775E+11 8.086E+11 8.379E-01 9.570E-03
20 4.000 1 2.000 9.48041 3.445E+11 4.211E+11 8.181E-01 9.285E-03
29 4.000 1 2.000 9.36132 1.978E+11 2.455E+11 8.057E-01 5.195E-03
17 2.000 1 2.000 9.48062 3.414E+11 4.182E+11 8.164E-01 4.601E-03
40 4.000 1 2.000 9.29095 1.239E+11 1.553E+11 7.976E-01 3.208E-03
26 2.000 1 2.000 9.36144 1.959E+11 2.437E+11 8.039E-01 2.574E-03
37 2.000 1 2.000 9.29103 1.227E+11 1.542E+11 7.958E-01 1.589E-03
9 6.000 1 2.000 10.2378 5.915E+08 6.471E+11 9.140E-04 2.789E-05
7 4.000 1 2.000 10.2382 5.885E+08 6.479E+11 9.083E-04 1.850E-05
15 6.000 1 2.000 9.70762 3.258E+08 2.772E+11 1.176E-03 1.381E-05
12 4.000 1 2.000 9.70776 3.240E+08 2.775E+11 1.168E-03 9.155E-06
22 6.000 1 2.000 9.48034 1.840E+08 1.439E+11 1.279E-03 7.440E-06
19 4.000 1 2.000 9.48041 1.829E+08 1.440E+11 1.270E-03 4.930E-06
31 6.000 1 2.000 9.36128 1.118E+08 8.416E+10 1.328E-03 4.407E-06
28 4.000 1 2.000 9.36132 1.111E+08 8.426E+10 1.318E-03 2.919E-06
42 6.000 1 2.000 9.29093 7.238E+07 5.345E+10 1.354E-03 2.810E-06
39 4.000 1 2.000 9.29095 7.190E+07 5.351E+10 1.344E-03 1.861E-06
3 2.000 1 2.000 12.1369 2.509E+04 2.509E+04 1.000E+00 5.540E-10
6 2.000 1 2.000 10.2393 1.114E+04 6.367E+10 1.750E-07 1.752E-10
11 2.000 1 2.000 9.70818 5.330E+03 4.449E+10 1.198E-07 7.530E-11
18 2.000 1 2.000 9.48061 2.883E+03 2.860E+10 1.008E-07 3.885E-11
27 2.000 1 2.000 9.36144 1.718E+03 1.882E+10 9.129E-08 2.258E-11
38 2.000 1 2.000 9.29103 1.101E+03 1.286E+10 8.561E-08 1.425E-11
14 6.000 1 2.000 9.70762 1.628E-03 1.380E+11 1.180E-14 6.900E-17
21 6.000 1 2.000 9.48034 1.424E-03 7.135E+10 1.996E-14 5.760E-17
30 6.000 1 2.000 9.36128 1.044E-03 4.174E+10 2.501E-14 4.115E-17
41 6.000 1 2.000 9.29093 7.485E-04 2.653E+10 2.821E-14 2.906E-17
999 9.999 9 9.999 9.24599 9.999E+99 1.028E+11 9.999e-99 3.157E-03
999 9.999 9 9.999 9.21529 9.999E+99 7.220E+10 9.999e-99 2.195E-03
999 9.999 9 9.999 9.19345 9.999E+99 5.263E+10 9.999e-99 1.589E-03
999 9.999 9 9.999 9.17737 9.999E+99 3.954E+10 9.999e-99 1.187E-03
999 9.999 9 9.999 9.16517 9.999E+99 3.046E+10 9.999e-99 9.110E-04
999 9.999 9 9.999 9.15570 9.999E+99 2.396E+10 9.999e-99 7.143E-04
999 9.999 9 9.999 9.14819 9.999E+99 1.918E+10 9.999e-99 5.705E-04
999 9.999 9 9.999 9.14215 9.999E+99 1.560E+10 9.999e-99 4.629E-04
999 9.999 9 9.999 9.13721 9.999E+99 1.285E+10 9.999e-99 3.808E-04
999 9.999 9 9.999 9.13312 9.999E+99 1.071E+10 9.999e-99 3.171E-04
999 9.999 9 9.999 9.12970 9.999E+99 9.025E+09 9.999e-99 2.668E-04
999 9.999 9 9.999 9.12680 9.999E+99 7.674E+09 9.999e-99 2.266E-04
999 9.999 9 9.999 9.12433 9.999E+99 6.579E+09 9.999e-99 1.942E-04
999 9.999 9 9.999 9.12221 9.999E+99 5.683E+09 9.999e-99 1.676E-04
999 9.999 9 9.999 9.12036 9.999E+99 4.943E+09 9.999e-99 1.457E-04
999 9.999 9 9.999 9.11876 9.999E+99 4.326E+09 9.999e-99 1.274E-04
999 9.999 9 9.999 9.11735 9.999E+99 3.807E+09 9.999e-99 1.121E-04
999 9.999 9 9.999 9.11611 9.999E+99 3.369E+09 9.999e-99 9.914E-05
999 9.999 9 9.999 9.11500 9.999E+99 2.995E+09 9.999e-99 8.810E-05
999 9.999 9 9.999 9.11402 9.999E+99 2.674E+09 9.999e-99 7.864E-05
999 9.999 9 9.999 9.11314 9.999E+99 2.398E+09 9.999e-99 7.050E-05
999 9.999 9 9.999 9.11236 9.999E+99 2.158E+09 9.999e-99 6.343E-05
999 9.999 9 9.999 9.11164 9.999E+99 1.949E+09 9.999e-99 5.729E-05
999 9.999 9 9.999 9.11100 9.999E+99 1.767E+09 9.999e-99 5.191E-05
999 9.999 9 9.999 9.11042 9.999E+99 1.606E+09 9.999e-99 4.718E-05
999 9.999 9 9.999 9.10989 9.999E+99 1.465E+09 9.999e-99 4.302E-05
999 9.999 9 9.999 9.10940 9.999E+99 1.339E+09 9.999e-99 3.932E-05
999 9.999 9 9.999 9.10896 9.999E+99 1.228E+09 9.999e-99 3.604E-05
999 9.999 9 9.999 9.10855 9.999E+99 1.128E+09 9.999e-99 3.312E-05
999 9.999 9 9.999 9.10817 9.999E+99 1.039E+09 9.999e-99 3.050E-05
999 9.999 9 9.999 9.10783 9.999E+99 9.592E+08 9.999e-99 2.815E-05
999 9.999 9 9.999 9.10751 9.999E+99 8.873E+08 9.999e-99 2.604E-05
999 9.999 9 9.999 9.10721 9.999E+99 8.224E+08 9.999e-99 2.413E-05
999 9.999 9 9.999 9.10694 9.999E+99 7.637E+08 9.999e-99 2.241E-05
999 9.999 9 9.999 9.10668 9.999E+99 7.104E+08 9.999e-99 2.084E-05
999 9.999 9 9.999 9.10644 9.999E+99 6.620E+08 9.999e-99 1.942E-05
999 9.999 9 9.999 9.10622 9.999E+99 6.179E+08 9.999e-99 1.813E-05
999 9.999 9 9.999 9.10602 9.999E+99 5.776E+08 9.999e-99 1.694E-05
999 9.999 9 9.999 9.10582 9.999E+99 5.407E+08 9.999e-99 1.586E-05
999 9.999 9 9.999 9.10564 9.999E+99 5.070E+08 9.999e-99 1.487E-05
999 9.999 9 9.999 9.10547 9.999E+99 4.759E+08 9.999e-99 1.396E-05
999 9.999 9 9.999 9.10531 9.999E+99 4.474E+08 9.999e-99 1.312E-05
999 9.999 9 9.999 9.10516 9.999E+99 4.211E+08 9.999e-99 1.235E-05
999 9.999 9 9.999 9.10502 9.999E+99 3.968E+08 9.999e-99 1.163E-05
999 9.999 9 9.999 9.10489 9.999E+99 3.743E+08 9.999e-99 1.098E-05
999 9.999 9 9.999 9.10476 9.999E+99 3.535E+08 9.999e-99 1.037E-05
999 9.999 9 9.999 9.10464 9.999E+99 3.343E+08 9.999e-99 9.800E-06
999 9.999 9 9.999 9.10453 9.999E+99 3.164E+08 9.999e-99 9.275E-06
999 9.999 9 9.999 9.10442 9.999E+99 2.997E+08 9.999e-99 8.787E-06
999 9.999 9 9.999 9.10432 9.999E+99 2.842E+08 9.999e-99 8.332E-06
999 9.999 9 9.999 9.10423 9.999E+99 2.698E+08 9.999e-99 7.908E-06
999 9.999 9 9.999 9.10414 9.999E+99 2.563E+08 9.999e-99 7.513E-06
999 9.999 9 9.999 9.10405 9.999E+99 2.437E+08 9.999e-99 7.143E-06
999 9.999 9 9.999 9.10397 9.999E+99 2.319E+08 9.999e-99 6.797E-06
999 9.999 9 9.999 9.10389 9.999E+99 2.208E+08 9.999e-99 6.473E-06
999 9.999 9 9.999 9.10381 9.999E+99 2.105E+08 9.999e-99 6.170E-06
999 9.999 9 9.999 9.10374 9.999E+99 2.008E+08 9.999e-99 5.885E-06
999 9.999 9 9.999 9.10367 9.999E+99 1.917E+08 9.999e-99 5.617E-06
999 9.999 9 9.999 9.10361 9.999E+99 1.831E+08 9.999e-99 5.366E-06
999 9.999 9 9.999 9.10355 9.999E+99 1.750E+08 9.999e-99 5.129E-06
999 9.999 9 9.999 9.10349 9.999E+99 1.674E+08 9.999e-99 4.906E-06
999 9.999 9 9.999 9.10343 9.999E+99 1.602E+08 9.999e-99 4.696E-06
999 9.999 9 9.999 9.10338 9.999E+99 1.534E+08 9.999e-99 4.497E-06
999 9.999 9 9.999 9.10333 9.999E+99 1.471E+08 9.999e-99 4.310E-06
999 9.999 9 9.999 9.10328 9.999E+99 1.410E+08 9.999e-99 4.133E-06
999 9.999 9 9.999 9.10323 9.999E+99 1.353E+08 9.999e-99 3.965E-06
999 9.999 9 9.999 9.10318 9.999E+99 1.299E+08 9.999e-99 3.806E-06
999 9.999 9 9.999 9.10314 9.999E+99 1.248E+08 9.999e-99 3.656E-06
999 9.999 9 9.999 9.10310 9.999E+99 1.199E+08 9.999e-99 3.514E-06
999 9.999 9 9.999 9.10306 9.999E+99 1.153E+08 9.999e-99 3.378E-06
999 9.999 9 9.999 9.10302 9.999E+99 1.109E+08 9.999e-99 3.250E-06
999 9.999 9 9.999 9.10298 9.999E+99 1.068E+08 9.999e-99 3.128E-06
999 9.999 9 9.999 9.10294 9.999E+99 1.028E+08 9.999e-99 3.012E-06
999 9.999 9 9.999 9.10291 9.999E+99 9.904E+07 9.999e-99 2.902E-06
999 9.999 9 9.999 9.10287 9.999E+99 9.546E+07 9.999e-99 2.797E-06
999 9.999 9 9.999 9.10284 9.999E+99 9.205E+07 9.999e-99 2.697E-06
999 9.999 9 9.999 9.10281 9.999E+99 8.880E+07 9.999e-99 2.602E-06
999 9.999 9 9.999 9.10278 9.999E+99 8.570E+07 9.999e-99 2.511E-06
999 9.999 9 9.999 9.10275 9.999E+99 8.275E+07 9.999e-99 2.425E-06
999 9.999 9 9.999 9.10272 9.999E+99 7.993E+07 9.999e-99 2.342E-06
999 9.999 9 9.999 9.10270 9.999E+99 7.723E+07 9.999e-99 2.263E-06
999 9.999 9 9.999 9.10267 9.999E+99 7.466E+07 9.999e-99 2.188E-06
999 9.999 9 9.999 9.10264 9.999E+99 7.220E+07 9.999e-99 2.115E-06
999 9.999 9 9.999 9.10262 9.999E+99 6.985E+07 9.999e-99 2.046E-06
999 9.999 9 9.999 9.10260 9.999E+99 6.759E+07 9.999e-99 1.980E-06
999 9.999 9 9.999 9.10257 9.999E+99 6.544E+07 9.999e-99 1.917E-06
999 9.999 9 9.999 9.10255 9.999E+99 6.337E+07 9.999e-99 1.857E-06
999 9.999 9 9.999 9.10253 9.999E+99 6.139E+07 9.999e-99 1.799E-06
999 9.999 9 9.999 9.10251 9.999E+99 5.949E+07 9.999e-99 1.743E-06
999 9.999 9 9.999 9.10249 9.999E+99 5.767E+07 9.999e-99 1.690E-06
999 9.999 9 9.999 9.10247 9.999E+99 5.592E+07 9.999e-99 1.638E-06
999 9.999 9 9.999 9.10245 9.999E+99 5.424E+07 9.999e-99 1.589E-06
999 9.999 9 9.999 9.10243 9.999E+99 5.263E+07 9.999e-99 1.542E-06
