j g(j) i g(i) wl A A+A^a A/(A+A^a) f
56 6.000 1 4.000 14.2080 1.903E+13 1.904E+13 9.994E-01 8.635E-01
55 4.000 1 4.000 14.2080 1.771E+13 2.048E+13 8.647E-01 5.365E-01
49 6.000 1 4.000 14.3730 6.665E+12 6.674E+12 9.986E-01 3.103E-01
52 2.000 1 4.000 14.2560 1.287E+13 1.542E+13 8.345E-01 1.967E-01
41 6.000 1 4.000 14.5340 4.042E+12 4.051E+12 9.977E-01 1.924E-01
154 6.000 1 4.000 11.4346 4.625E+12 5.320E+12 8.694E-01 1.360E-01
138 6.000 1 4.000 11.5366 4.155E+12 4.849E+12 8.569E-01 1.244E-01
57 4.000 1 4.000 14.1558 3.950E+12 1.633E+13 2.418E-01 1.187E-01
40 4.000 1 4.000 14.5710 3.083E+12 3.475E+12 8.872E-01 9.813E-02
162 6.000 1 4.000 11.3317 3.128E+12 3.828E+12 8.173E-01 9.035E-02
160 4.000 1 4.000 11.3365 4.395E+12 6.240E+12 7.043E-01 8.470E-02
137 4.000 1 4.000 11.5401 3.495E+12 4.504E+12 7.760E-01 6.978E-02
58 2.000 1 4.000 14.1434 4.495E+12 2.429E+13 1.850E-01 6.740E-02
70 6.000 1 4.000 13.3944 1.622E+12 1.690E+12 9.596E-01 6.543E-02
53 6.000 1 4.000 14.2670 1.340E+12 1.349E+12 9.931E-01 6.133E-02
72 4.000 1 4.000 13.3463 2.291E+12 2.621E+12 8.739E-01 6.118E-02
202 6.000 1 4.000 10.5374 2.443E+12 2.952E+12 8.277E-01 6.103E-02
5 4.000 1 4.000 16.0040 1.351E+12 1.384E+12 9.766E-01 5.203E-02
9 6.000 1 4.000 15.6250 8.690E+11 8.690E+11 1.000E+00 4.783E-02
73 2.000 1 4.000 13.3154 3.588E+12 3.878E+12 9.251E-01 4.770E-02
225 6.000 1 4.000 10.4493 1.915E+12 2.434E+12 7.866E-01 4.705E-02
74 6.000 1 4.000 13.3114 1.165E+12 1.241E+12 9.390E-01 4.643E-02
158 2.000 1 4.000 11.3404 4.817E+12 6.135E+12 7.851E-01 4.643E-02
59 6.000 1 4.000 13.9787 1.039E+12 1.048E+12 9.916E-01 4.568E-02
288 6.000 1 4.000 10.0669 1.945E+12 2.319E+12 8.389E-01 4.433E-02
39 2.000 1 4.000 14.6017 2.490E+12 2.499E+12 9.962E-01 3.978E-02
191 6.000 1 4.000 10.5642 1.571E+12 2.036E+12 7.719E-01 3.945E-02
201 4.000 1 4.000 10.5392 2.126E+12 2.911E+12 7.302E-01 3.540E-02
90 6.000 1 4.000 12.8187 9.340E+11 1.144E+12 8.166E-01 3.453E-02
345 6.000 1 4.000 9.80355 1.399E+12 1.709E+12 8.183E-01 3.023E-02
249 4.000 1 4.000 10.3635 1.828E+12 2.902E+12 6.296E-01 2.943E-02
69 4.000 1 4.000 13.4183 1.090E+12 1.165E+12 9.359E-01 2.943E-02
46 4.000 1 4.000 14.4729 9.145E+11 1.705E+12 5.362E-01 2.873E-02
67 6.000 1 4.000 13.4631 6.898E+11 7.522E+11 9.171E-01 2.813E-02
7 4.000 1 4.000 15.8240 7.410E+11 7.993E+11 9.271E-01 2.793E-02
252 6.000 1 4.000 10.3612 1.098E+12 1.625E+12 6.758E-01 2.653E-02
309 6.000 1 4.000 9.98403 1.088E+12 1.455E+12 7.477E-01 2.438E-02
163 4.000 1 4.000 11.3190 1.238E+12 6.703E+12 1.847E-01 2.379E-02
286 4.000 1 4.000 10.0676 1.554E+12 2.049E+12 7.584E-01 2.361E-02
190 4.000 1 4.000 10.5673 1.392E+12 1.888E+12 7.371E-01 2.330E-02
47 6.000 1 4.000 14.4391 4.428E+11 4.515E+11 9.807E-01 2.076E-02
43 4.000 1 4.000 14.5046 6.428E+11 7.345E+11 8.751E-01 2.027E-02
8 2.000 1 4.000 15.7880 1.053E+12 2.191E+12 4.805E-01 1.967E-02
247 2.000 1 4.000 10.3650 2.363E+12 3.326E+12 7.104E-01 1.903E-02
186 6.000 1 4.000 10.5812 6.847E+11 1.179E+12 5.809E-01 1.724E-02
151 4.000 1 4.000 11.4530 8.360E+11 1.871E+12 4.468E-01 1.644E-02
344 4.000 1 4.000 9.80395 1.118E+12 1.491E+12 7.495E-01 1.610E-02
136 2.000 1 4.000 11.5533 1.519E+12 2.409E+12 6.303E-01 1.520E-02
366 6.000 1 4.000 9.72352 7.085E+11 9.910E+11 7.149E-01 1.507E-02
80 2.000 1 4.000 13.1849 1.150E+12 4.629E+12 2.485E-01 1.499E-02
211 6.000 1 4.000 10.5027 5.695E+11 1.037E+12 5.490E-01 1.413E-02
92 4.000 1 4.000 12.7875 5.545E+11 1.445E+12 3.839E-01 1.359E-02
323 4.000 1 4.000 9.90357 8.985E+11 1.543E+12 5.822E-01 1.321E-02
75 4.000 1 4.000 13.3040 4.843E+11 1.218E+12 3.977E-01 1.285E-02
167 6.000 1 4.000 11.1536 4.352E+11 1.159E+12 3.754E-01 1.218E-02
325 6.000 1 4.000 9.90245 5.447E+11 9.076E+11 6.001E-01 1.201E-02
208 4.000 1 4.000 10.5133 6.803E+11 1.324E+12 5.139E-01 1.127E-02
381 4.000 1 4.000 9.65793 7.990E+11 1.193E+12 6.696E-01 1.118E-02
110 4.000 1 4.000 11.8788 5.270E+11 9.745E+11 5.408E-01 1.115E-02
121 6.000 1 4.000 11.6522 3.510E+11 7.715E+11 4.550E-01 1.072E-02
159 6.000 1 4.000 11.3402 3.693E+11 1.090E+12 3.387E-01 1.068E-02
164 2.000 1 4.000 11.3151 1.042E+12 9.264E+12 1.124E-01 9.995E-03
198 2.000 1 4.000 10.5451 1.188E+12 1.934E+12 6.142E-01 9.898E-03
321 2.000 1 4.000 9.90392 1.323E+12 1.862E+12 7.101E-01 9.725E-03
254 4.000 1 4.000 10.3565 5.860E+11 3.203E+12 1.829E-01 9.423E-03
382 6.000 1 4.000 9.65734 4.475E+11 8.209E+11 5.451E-01 9.385E-03
266 6.000 1 4.000 10.1879 3.853E+11 9.578E+11 4.023E-01 8.993E-03
390 4.000 1 4.000 9.64652 6.225E+11 1.081E+12 5.758E-01 8.685E-03
87 4.000 1 4.000 12.8566 3.493E+11 1.774E+12 1.969E-01 8.655E-03
48 4.000 1 4.000 14.4109 2.590E+11 1.223E+12 2.118E-01 8.065E-03
379 6.000 1 4.000 9.66374 3.808E+11 7.718E+11 4.934E-01 8.000E-03
155 4.000 1 4.000 11.4303 3.973E+11 3.715E+12 1.069E-01 7.783E-03
392 6.000 1 4.000 9.64586 3.625E+11 6.344E+11 5.714E-01 7.588E-03
210 2.000 1 4.000 10.5034 8.680E+11 1.333E+12 6.511E-01 7.180E-03
200 2.000 1 4.000 10.5411 8.440E+11 1.244E+12 6.787E-01 7.030E-03
446 4.000 1 4.000 9.23636 5.398E+11 8.471E+11 6.372E-01 6.905E-03
304 6.000 1 4.000 10.0003 3.030E+11 6.637E+11 4.565E-01 6.815E-03
147 6.000 1 4.000 11.4716 2.252E+11 9.536E+11 2.361E-01 6.663E-03
263 6.000 1 4.000 10.2070 2.773E+11 8.185E+11 3.388E-01 6.498E-03
387 2.000 1 4.000 9.64768 9.135E+11 1.289E+12 7.084E-01 6.373E-03
174 4.000 1 4.000 10.6787 3.610E+11 7.378E+11 4.893E-01 6.175E-03
447 6.000 1 4.000 9.23612 3.217E+11 6.121E+11 5.255E-01 6.170E-03
388 2.000 1 4.000 9.64678 8.430E+11 1.229E+12 6.858E-01 5.883E-03
403 6.000 1 4.000 9.60273 2.753E+11 6.617E+11 4.161E-01 5.710E-03
217 6.000 1 4.000 10.4701 2.252E+11 7.481E+11 3.010E-01 5.553E-03
361 6.000 1 4.000 9.73811 2.570E+11 5.174E+11 4.967E-01 5.483E-03
430 6.000 1 4.000 9.34036 2.750E+11 7.977E+11 3.447E-01 5.398E-03
213 6.000 1 4.000 10.4904 2.043E+11 5.522E+11 3.700E-01 5.058E-03
223 4.000 1 4.000 10.4513 3.038E+11 1.699E+12 1.787E-01 4.973E-03
284 2.000 1 4.000 10.0711 6.355E+11 1.207E+12 5.265E-01 4.830E-03
153 6.000 1 4.000 11.4474 1.621E+11 8.828E+11 1.836E-01 4.778E-03
326 4.000 1 4.000 9.90015 3.208E+11 1.761E+12 1.821E-01 4.713E-03
146 4.000 1 4.000 11.4747 2.383E+11 9.647E+11 2.470E-01 4.703E-03
307 4.000 1 4.000 9.98670 2.975E+11 7.405E+11 4.018E-01 4.450E-03
444 6.000 1 4.000 9.23941 2.258E+11 5.234E+11 4.315E-01 4.338E-03
483 4.000 1 4.000 9.00268 3.568E+11 6.078E+11 5.870E-01 4.335E-03
4 6.000 1 4.000 16.0710 7.178E+10 7.178E+10 1.000E+00 4.183E-03
248 6.000 1 4.000 10.3640 1.702E+11 7.047E+11 2.415E-01 4.110E-03
269 4.000 1 4.000 10.1823 2.608E+11 1.158E+12 2.251E-01 4.053E-03
400 4.000 1 4.000 9.60760 2.863E+11 7.692E+11 3.721E-01 3.963E-03
255 2.000 1 4.000 10.3552 4.766E+11 4.848E+12 9.831E-02 3.830E-03
71 2.000 1 4.000 13.3710 2.858E+11 5.085E+11 5.620E-01 3.830E-03
484 6.000 1 4.000 9.00255 2.080E+11 4.374E+11 4.755E-01 3.790E-03
17 2.000 1 4.000 15.2798 2.165E+11 1.027E+12 2.108E-01 3.790E-03
450 2.000 1 4.000 9.22986 5.750E+11 8.658E+11 6.641E-01 3.670E-03
185 2.000 1 4.000 10.5830 4.234E+11 1.144E+12 3.700E-01 3.555E-03
219 4.000 1 4.000 10.4579 2.032E+11 1.880E+12 1.081E-01 3.333E-03
113 4.000 1 4.000 11.7682 1.511E+11 5.912E+11 2.555E-01 3.138E-03
464 6.000 1 4.000 9.18496 1.651E+11 4.616E+11 3.577E-01 3.133E-03
364 4.000 1 4.000 9.72499 2.194E+11 5.330E+11 4.117E-01 3.110E-03
170 6.000 1 4.000 11.0820 1.121E+11 3.061E+11 3.661E-01 3.095E-03
343 2.000 1 4.000 9.80589 4.286E+11 8.848E+11 4.844E-01 3.090E-03
6 2.000 1 4.000 15.9014 1.624E+11 1.691E+11 9.602E-01 3.078E-03
531 4.000 1 4.000 8.85864 2.568E+11 4.439E+11 5.785E-01 3.020E-03
114 2.000 1 4.000 11.7572 2.856E+11 1.103E+12 2.590E-01 2.960E-03
42 2.000 1 4.000 14.5148 1.869E+11 2.926E+11 6.388E-01 2.953E-03
393 4.000 1 4.000 9.64447 2.045E+11 1.197E+12 1.708E-01 2.853E-03
505 6.000 1 4.000 8.94369 1.566E+11 5.774E+11 2.712E-01 2.818E-03
352 6.000 1 4.000 9.75965 1.290E+11 4.897E+11 2.634E-01 2.765E-03
481 6.000 1 4.000 9.00449 1.483E+11 3.806E+11 3.895E-01 2.703E-03
485 2.000 1 4.000 8.99924 4.424E+11 6.870E+11 6.439E-01 2.685E-03
402 2.000 1 4.000 9.60405 3.829E+11 7.787E+11 4.916E-01 2.648E-03
532 6.000 1 4.000 8.85857 1.483E+11 2.948E+11 5.029E-01 2.618E-03
91 2.000 1 4.000 12.8052 2.114E+11 1.865E+12 1.134E-01 2.598E-03
187 4.000 1 4.000 10.5783 1.458E+11 5.226E+11 2.790E-01 2.446E-03
226 2.000 1 4.000 10.4483 2.861E+11 1.735E+12 1.649E-01 2.341E-03
61 4.000 1 4.000 13.9370 7.500E+10 1.414E+13 5.304E-03 2.184E-03
265 4.000 1 4.000 10.1972 1.359E+11 8.390E+11 1.620E-01 2.119E-03
194 4.000 1 4.000 10.5542 1.249E+11 6.502E+11 1.921E-01 2.087E-03
432 4.000 1 4.000 9.33707 1.585E+11 8.662E+11 1.830E-01 2.072E-03
462 4.000 1 4.000 9.18752 1.633E+11 5.197E+11 3.142E-01 2.067E-03
271 4.000 1 4.000 10.1385 1.295E+11 3.966E+11 3.265E-01 1.996E-03
501 6.000 1 4.000 8.95347 1.082E+11 3.413E+11 3.169E-01 1.950E-03
149 2.000 1 4.000 11.4632 1.889E+11 1.217E+12 1.552E-01 1.861E-03
529 6.000 1 4.000 8.85982 1.032E+11 2.461E+11 4.193E-01 1.822E-03
533 2.000 1 4.000 8.85595 3.084E+11 4.955E+11 6.223E-01 1.813E-03
565 6.000 1 4.000 8.72416 1.051E+11 4.658E+11 2.255E-01 1.798E-03
421 6.000 1 4.000 9.50969 7.990E+10 3.364E+11 2.375E-01 1.625E-03
216 4.000 1 4.000 10.4721 9.290E+10 6.239E+11 1.489E-01 1.528E-03
327 2.000 1 4.000 9.89922 2.037E+11 2.641E+12 7.713E-02 1.496E-03
229 4.000 1 4.000 10.4437 9.120E+10 1.453E+12 6.276E-02 1.491E-03
322 6.000 1 4.000 9.90375 6.578E+10 4.275E+11 1.539E-01 1.451E-03
580 6.000 1 4.000 8.58934 8.505E+10 2.580E+11 3.296E-01 1.411E-03
267 2.000 1 4.000 10.1872 1.743E+11 1.229E+12 1.418E-01 1.356E-03
428 4.000 1 4.000 9.34439 1.034E+11 9.884E+11 1.046E-01 1.354E-03
310 4.000 1 4.000 9.98130 8.988E+10 1.955E+12 4.597E-02 1.342E-03
547 6.000 1 4.000 8.81078 7.617E+10 2.078E+11 3.666E-01 1.330E-03
463 2.000 1 4.000 9.18544 2.074E+11 5.102E+11 4.064E-01 1.312E-03
507 4.000 1 4.000 8.94246 1.068E+11 6.611E+11 1.615E-01 1.280E-03
222 6.000 1 4.000 10.4534 5.055E+10 5.776E+11 8.751E-02 1.243E-03
152 2.000 1 4.000 11.4524 1.194E+11 8.683E+11 1.375E-01 1.174E-03
112 2.000 1 4.000 11.7873 1.120E+11 5.357E+11 2.090E-01 1.166E-03
264 4.000 1 4.000 10.2047 7.283E+10 2.590E+12 2.812E-02 1.137E-03
308 6.000 1 4.000 9.98572 4.975E+10 4.115E+11 1.209E-01 1.116E-03
389 6.000 1 4.000 9.64663 5.258E+10 3.123E+11 1.684E-01 1.100E-03
215 2.000 1 4.000 10.4881 1.333E+11 7.680E+11 1.735E-01 1.099E-03
499 4.000 1 4.000 8.95500 9.140E+10 3.627E+11 2.520E-01 1.099E-03
329 4.000 1 4.000 9.84597 7.120E+10 2.851E+11 2.497E-01 1.035E-03
303 4.000 1 4.000 10.0014 6.848E+10 5.017E+11 1.365E-01 1.027E-03
168 4.000 1 4.000 11.1461 5.423E+10 4.249E+12 1.276E-02 1.010E-03
394 2.000 1 4.000 9.64387 1.443E+11 1.799E+12 8.017E-02 1.006E-03
500 2.000 1 4.000 8.95428 1.632E+11 4.364E+11 3.739E-01 9.808E-04
431 2.000 1 4.000 9.33938 1.437E+11 8.734E+11 1.645E-01 9.395E-04
184 4.000 1 4.000 10.5969 5.173E+10 5.147E+11 1.005E-01 8.708E-04
504 4.000 1 4.000 8.94581 7.090E+10 6.937E+11 1.022E-01 8.505E-04
545 4.000 1 4.000 8.81175 7.105E+10 2.372E+11 2.996E-01 8.270E-04
567 4.000 1 4.000 8.72332 6.673E+10 5.144E+11 1.297E-01 7.613E-04
367 4.000 1 4.000 9.72150 4.920E+10 1.523E+12 3.230E-02 6.973E-04
109 6.000 1 4.000 11.8926 2.183E+10 4.384E+11 4.980E-02 6.943E-04
360 4.000 1 4.000 9.73875 4.613E+10 3.953E+11 1.167E-01 6.560E-04
365 6.000 1 4.000 9.72447 2.968E+10 2.893E+11 1.026E-01 6.315E-04
305 2.000 1 4.000 9.98867 8.360E+10 5.880E+11 1.422E-01 6.255E-04
405 4.000 1 4.000 9.60220 4.403E+10 8.413E+11 5.233E-02 6.085E-04
582 4.000 1 4.000 8.58809 5.333E+10 2.492E+11 2.140E-01 5.898E-04
10 4.000 1 4.000 15.6321 1.609E+10 1.072E+12 1.501E-02 5.895E-04
546 2.000 1 4.000 8.81100 9.130E+10 2.290E+11 3.988E-01 5.313E-04
182 2.000 1 4.000 10.6014 6.235E+10 4.353E+11 1.432E-01 5.253E-04
563 4.000 1 4.000 8.72541 4.388E+10 5.428E+11 8.083E-02 5.008E-04
353 4.000 1 4.000 9.75846 3.463E+10 1.118E+12 3.098E-02 4.943E-04
212 4.000 1 4.000 10.5005 2.745E+10 1.048E+12 2.619E-02 4.540E-04
362 2.000 1 4.000 9.72614 6.095E+10 4.209E+11 1.448E-01 4.323E-04
433 2.000 1 4.000 9.33623 5.435E+10 7.778E+11 6.987E-02 3.550E-04
169 4.000 1 4.000 11.0871 1.831E+10 3.183E+11 5.751E-02 3.375E-04
449 6.000 1 4.000 9.23365 1.652E+10 9.068E+11 1.821E-02 3.168E-04
506 2.000 1 4.000 8.94355 5.265E+10 7.112E+11 7.403E-02 3.158E-04
465 4.000 1 4.000 9.18472 2.421E+10 5.944E+11 4.073E-02 3.063E-04
76 2.000 1 4.000 13.2965 2.262E+10 1.211E+11 1.869E-01 2.998E-04
268 2.000 1 4.000 10.1837 3.854E+10 8.673E+11 4.444E-02 2.998E-04
564 2.000 1 4.000 8.72423 5.025E+10 4.207E+11 1.194E-01 2.865E-04
579 4.000 1 4.000 8.59013 2.583E+10 3.226E+11 8.006E-02 2.855E-04
581 2.000 1 4.000 8.58851 4.185E+10 2.513E+11 1.665E-01 2.314E-04
95 8.000 1 4.000 12.7611 4.490E+09 7.249E+10 6.194E-02 2.192E-04
172 6.000 1 4.000 10.6849 8.114E+09 3.589E+11 2.261E-02 2.083E-04
88 8.000 1 4.000 12.8357 4.111E+09 6.448E+10 6.376E-02 2.031E-04
66 4.000 1 4.000 13.5177 6.808E+09 7.727E+10 8.811E-02 1.865E-04
370 6.000 1 4.000 9.68476 8.520E+09 1.921E+11 4.436E-02 1.797E-04
295 2.000 1 4.000 10.0500 2.325E+10 3.343E+11 6.953E-02 1.760E-04
422 4.000 1 4.000 9.50886 1.278E+10 8.397E+11 1.522E-02 1.733E-04
408 2.000 1 4.000 9.59583 2.506E+10 8.398E+11 2.984E-02 1.730E-04
94 6.000 1 4.000 12.7637 4.618E+09 7.189E+10 6.424E-02 1.692E-04
350 2.000 1 4.000 9.76239 2.283E+10 2.715E+11 8.408E-02 1.631E-04
502 4.000 1 4.000 8.95331 1.354E+10 4.326E+11 3.130E-02 1.628E-04
311 6.000 1 4.000 9.96806 7.278E+09 2.441E+11 2.982E-02 1.626E-04
596 6.000 1 4.000 8.26181 1.050E+10 5.567E+11 1.886E-02 1.612E-04
99 4.000 1 4.000 12.7400 6.553E+09 2.434E+12 2.692E-03 1.595E-04
79 4.000 1 4.000 13.2260 5.705E+09 1.774E+12 3.215E-03 1.496E-04
349 4.000 1 4.000 9.76356 1.026E+10 1.951E+11 5.258E-02 1.466E-04
31 6.000 1 4.000 14.7122 2.963E+09 1.084E+10 2.733E-01 1.442E-04
100 2.000 1 4.000 12.7006 1.037E+10 1.168E+13 8.875E-04 1.254E-04
104 8.000 1 4.000 12.3172 2.664E+09 2.106E+11 1.265E-02 1.212E-04
548 4.000 1 4.000 8.81067 1.022E+10 2.889E+11 3.536E-02 1.189E-04
410 2.000 1 4.000 9.56316 1.710E+10 1.001E+12 1.708E-02 1.172E-04
132 4.000 1 4.000 11.5770 5.718E+09 7.613E+11 7.510E-03 1.149E-04
195 2.000 1 4.000 10.5539 1.368E+10 6.216E+11 2.201E-02 1.142E-04
218 2.000 1 4.000 10.4600 1.341E+10 1.269E+12 1.057E-02 1.100E-04
601 6.000 1 4.000 8.08259 7.133E+09 4.466E+11 1.597E-02 1.048E-04
348 2.000 1 4.000 9.77695 1.429E+10 2.017E+11 7.081E-02 1.024E-04
111 2.000 1 4.000 11.8283 8.820E+09 2.338E+11 3.772E-02 9.253E-05
256 2.000 1 4.000 10.3276 1.093E+10 3.589E+11 3.046E-02 8.740E-05
466 2.000 1 4.000 9.18104 1.378E+10 6.240E+11 2.208E-02 8.705E-05
96 6.000 1 4.000 12.7604 2.335E+09 7.583E+10 3.079E-02 8.553E-05
417 2.000 1 4.000 9.54606 1.250E+10 2.267E+11 5.514E-02 8.538E-05
294 4.000 1 4.000 10.0519 4.850E+09 2.527E+11 1.919E-02 7.348E-05
107 6.000 1 4.000 12.2754 2.098E+09 1.892E+11 1.109E-02 7.108E-05
98 2.000 1 4.000 12.7443 5.680E+09 1.795E+11 3.165E-02 6.916E-05
44 6.000 1 4.000 14.5024 1.428E+09 1.003E+10 1.424E-01 6.756E-05
15 6.000 1 4.000 15.3933 1.208E+09 5.385E+09 2.244E-01 6.440E-05
26 8.000 1 4.000 15.0084 9.174E+08 5.814E+09 1.578E-01 6.198E-05
214 4.000 1 4.000 10.4898 3.498E+09 6.991E+11 5.003E-03 5.770E-05
583 2.000 1 4.000 8.58804 9.900E+09 2.312E+11 4.283E-02 5.473E-05
371 4.000 1 4.000 9.68459 3.810E+09 2.106E+11 1.809E-02 5.360E-05
122 4.000 1 4.000 11.6505 2.633E+09 7.387E+11 3.564E-03 5.355E-05
566 2.000 1 4.000 8.72389 9.365E+09 5.613E+11 1.669E-02 5.343E-05
86 6.000 1 4.000 12.8596 1.414E+09 6.199E+10 2.281E-02 5.258E-05
328 6.000 1 4.000 9.84763 2.087E+09 1.730E+11 1.206E-02 4.550E-05
373 4.000 1 4.000 9.66716 3.125E+09 3.898E+11 8.018E-03 4.378E-05
591 6.000 1 4.000 8.57773 2.498E+09 6.785E+11 3.682E-03 4.133E-05
280 4.000 1 4.000 10.0760 2.638E+09 3.707E+11 7.115E-03 4.015E-05
232 8.000 1 4.000 10.4316 1.216E+09 4.775E+11 2.547E-03 3.968E-05
33 4.000 1 4.000 14.7013 1.212E+09 4.379E+10 2.769E-02 3.928E-05
102 4.000 1 4.000 12.6070 1.634E+09 1.334E+13 1.225E-04 3.893E-05
34 2.000 1 4.000 14.6810 2.361E+09 4.509E+10 5.237E-02 3.814E-05
574 2.000 1 4.000 8.66064 6.715E+09 5.340E+11 1.257E-02 3.775E-05
508 2.000 1 4.000 8.94215 6.275E+09 4.402E+11 1.425E-02 3.760E-05
336 2.000 1 4.000 9.82162 5.185E+09 2.725E+11 1.903E-02 3.750E-05
108 4.000 1 4.000 12.2743 1.658E+09 2.162E+12 7.668E-04 3.745E-05
133 2.000 1 4.000 11.5719 3.543E+09 8.212E+11 4.315E-03 3.556E-05
270 6.000 1 4.000 10.1412 1.481E+09 2.341E+11 6.326E-03 3.425E-05
103 6.000 1 4.000 12.3185 9.855E+08 2.127E+11 4.634E-03 3.363E-05
234 6.000 1 4.000 10.4296 1.252E+09 6.690E+11 1.871E-03 3.063E-05
339 4.000 1 4.000 9.80916 2.114E+09 2.573E+11 8.216E-03 3.050E-05
20 4.000 1 4.000 15.2353 8.733E+08 6.372E+09 1.371E-01 3.040E-05
549 2.000 1 4.000 8.80920 5.200E+09 3.508E+11 1.483E-02 3.025E-05
474 2.000 1 4.000 9.14854 4.178E+09 6.204E+11 6.733E-03 2.620E-05
242 8.000 1 4.000 10.3713 7.766E+08 7.809E+11 9.946E-04 2.505E-05
241 6.000 1 4.000 10.3759 1.018E+09 7.802E+11 1.304E-03 2.464E-05
89 4.000 1 4.000 12.8308 9.565E+08 5.900E+11 1.621E-03 2.361E-05
21 6.000 1 4.000 15.1981 4.256E+08 5.618E+09 7.576E-02 2.211E-05
448 4.000 1 4.000 9.23525 1.595E+09 9.066E+11 1.759E-03 2.039E-05
238 4.000 1 4.000 10.4182 1.178E+09 2.431E+12 4.844E-04 1.916E-05
287 8.000 1 4.000 10.0672 6.221E+08 9.139E+11 6.807E-04 1.890E-05
443 4.000 1 4.000 9.24107 1.428E+09 2.923E+11 4.886E-03 1.828E-05
235 8.000 1 4.000 10.4286 5.589E+08 6.222E+11 8.982E-04 1.822E-05
404 8.000 1 4.000 9.60224 6.382E+08 5.777E+11 1.105E-03 1.765E-05
595 4.000 1 4.000 8.26220 1.688E+09 5.569E+11 3.031E-03 1.728E-05
18 4.000 1 4.000 15.2726 4.925E+08 6.845E+09 7.195E-02 1.722E-05
243 4.000 1 4.000 10.3705 1.060E+09 1.329E+12 7.977E-04 1.710E-05
85 8.000 1 4.000 12.8931 3.426E+08 5.596E+10 6.123E-03 1.708E-05
28 6.000 1 4.000 14.9470 3.198E+08 7.440E+09 4.298E-02 1.607E-05
281 2.000 1 4.000 10.0750 1.942E+09 4.062E+11 4.782E-03 1.478E-05
118 6.000 1 4.000 11.7337 4.607E+08 4.121E+11 1.118E-03 1.427E-05
24 4.000 1 4.000 15.1391 4.138E+08 7.244E+09 5.713E-02 1.422E-05
406 6.000 1 4.000 9.60187 6.688E+08 5.790E+11 1.155E-03 1.387E-05
141 8.000 1 4.000 11.5060 3.092E+08 4.007E+11 7.717E-04 1.228E-05
97 4.000 1 4.000 12.7492 4.898E+08 3.029E+11 1.617E-03 1.193E-05
341 2.000 1 4.000 9.80854 1.596E+09 2.867E+11 5.566E-03 1.151E-05
600 4.000 1 4.000 8.08282 1.152E+09 4.473E+11 2.575E-03 1.128E-05
425 2.000 1 4.000 9.43245 1.673E+09 6.576E+11 2.544E-03 1.116E-05
250 2.000 1 4.000 10.3631 1.356E+09 3.534E+12 3.837E-04 1.092E-05
293 6.000 1 4.000 10.0576 4.782E+08 8.883E+11 5.383E-04 1.088E-05
480 4.000 1 4.000 9.00544 8.575E+08 2.239E+11 3.829E-03 1.043E-05
503 2.000 1 4.000 8.95199 1.648E+09 4.924E+11 3.346E-03 9.898E-06
240 2.000 1 4.000 10.4036 1.209E+09 6.073E+12 1.991E-04 9.810E-06
407 4.000 1 4.000 9.59637 6.808E+08 2.111E+12 3.225E-04 9.398E-06
30 2.000 1 4.000 14.7967 5.492E+08 4.430E+10 1.240E-02 9.013E-06
106 2.000 1 4.000 12.2876 7.815E+08 1.843E+13 4.239E-05 8.845E-06
13 2.000 1 4.000 15.4120 4.810E+08 3.874E+09 1.242E-01 8.566E-06
557 2.000 1 4.000 8.77709 1.480E+09 2.860E+11 5.176E-03 8.548E-06
458 8.000 1 4.000 9.20758 3.352E+08 4.133E+11 8.111E-04 8.523E-06
120 4.000 1 4.000 11.6947 4.038E+08 3.718E+11 1.086E-03 8.278E-06
528 4.000 1 4.000 8.86042 6.648E+08 1.268E+11 5.243E-03 7.823E-06
414 8.000 1 4.000 9.54923 2.671E+08 5.929E+11 4.505E-04 7.302E-06
459 6.000 1 4.000 9.20730 3.772E+08 4.150E+11 9.088E-04 7.190E-06
16 2.000 1 4.000 15.2802 3.995E+08 3.817E+09 1.046E-01 6.991E-06
11 4.000 1 4.000 15.4858 1.900E+08 3.587E+09 5.296E-02 6.829E-06
14 8.000 1 4.000 15.3964 9.432E+07 5.751E+09 1.640E-02 6.705E-06
23 2.000 1 4.000 15.1521 3.803E+08 4.959E+09 7.668E-02 6.546E-06
179 6.000 1 4.000 10.6179 2.577E+08 3.318E+11 7.765E-04 6.535E-06
592 2.000 1 4.000 8.30502 1.253E+09 4.400E+11 2.847E-03 6.478E-06
412 6.000 1 4.000 9.55150 3.082E+08 5.943E+11 5.186E-04 6.323E-06
602 2.000 1 4.000 8.01227 1.267E+09 7.917E+11 1.600E-03 6.095E-06
436 8.000 1 4.000 9.28942 2.332E+08 7.213E+11 3.234E-04 6.035E-06
292 4.000 1 4.000 10.0580 3.925E+08 1.244E+12 3.155E-04 5.955E-06
12 6.000 1 4.000 15.4762 1.067E+08 3.660E+09 2.916E-02 5.748E-06
409 2.000 1 4.000 9.58980 7.125E+08 4.266E+12 1.670E-04 4.913E-06
460 4.000 1 4.000 9.20406 3.773E+08 1.570E+12 2.403E-04 4.793E-06
285 6.000 1 4.000 10.0681 2.080E+08 9.058E+11 2.296E-04 4.743E-06
491 8.000 1 4.000 8.98575 1.955E+08 3.097E+11 6.314E-04 4.733E-06
183 4.000 1 4.000 10.6013 2.773E+08 3.122E+11 8.880E-04 4.673E-06
586 4.000 1 4.000 8.57842 4.230E+08 6.741E+11 6.275E-04 4.665E-06
413 4.000 1 4.000 9.54948 3.135E+08 8.049E+11 3.895E-04 4.288E-06
193 6.000 1 4.000 10.5552 1.675E+08 5.082E+11 3.296E-04 4.198E-06
105 4.000 1 4.000 12.3003 1.785E+08 1.347E+13 1.325E-05 4.048E-06
492 6.000 1 4.000 8.98557 2.222E+08 3.121E+11 7.119E-04 4.035E-06
93 2.000 1 4.000 12.7832 3.057E+08 2.045E+12 1.495E-04 3.745E-06
126 6.000 1 4.000 11.6175 1.225E+08 3.993E+11 3.066E-04 3.717E-06
279 6.000 1 4.000 10.0767 1.558E+08 3.566E+11 4.369E-04 3.558E-06
440 6.000 1 4.000 9.28567 1.727E+08 7.074E+11 2.441E-04 3.348E-06
275 6.000 1 4.000 10.1084 1.432E+08 2.470E+11 5.796E-04 3.290E-06
338 6.000 1 4.000 9.80952 1.507E+08 2.458E+11 6.130E-04 3.260E-06
470 8.000 1 4.000 9.15736 1.271E+08 4.223E+11 3.010E-04 3.195E-06
291 2.000 1 4.000 10.0608 4.030E+08 5.998E+12 6.718E-05 3.058E-06
539 8.000 1 4.000 8.84779 1.291E+08 2.090E+11 6.177E-04 3.033E-06
493 4.000 1 4.000 8.98372 2.497E+08 1.069E+12 2.336E-04 3.023E-06
519 8.000 1 4.000 8.91786 1.223E+08 5.485E+11 2.230E-04 2.918E-06
177 6.000 1 4.000 10.6235 1.147E+08 3.278E+11 3.499E-04 2.910E-06
230 8.000 1 4.000 10.4428 8.669E+07 7.592E+11 1.142E-04 2.835E-06
129 2.000 1 4.000 11.5982 2.780E+08 4.029E+11 6.900E-04 2.803E-06
143 6.000 1 4.000 11.4939 9.375E+07 3.887E+11 2.412E-04 2.785E-06
468 6.000 1 4.000 9.15857 1.422E+08 4.222E+11 3.369E-04 2.683E-06
540 6.000 1 4.000 8.84766 1.520E+08 2.104E+11 7.223E-04 2.675E-06
231 6.000 1 4.000 10.4363 1.080E+08 4.122E+11 2.620E-04 2.645E-06
207 4.000 1 4.000 10.5183 1.457E+08 3.343E+11 4.358E-04 2.417E-06
290 4.000 1 4.000 10.0632 1.570E+08 4.428E+12 3.546E-05 2.384E-06
314 8.000 1 4.000 9.93758 7.999E+07 2.296E+11 3.483E-04 2.369E-06
461 2.000 1 4.000 9.20044 3.722E+08 2.981E+12 1.249E-04 2.362E-06
128 4.000 1 4.000 11.6054 1.168E+08 4.104E+11 2.847E-04 2.359E-06
416 2.000 1 4.000 9.54671 3.440E+08 1.405E+12 2.448E-04 2.350E-06
333 6.000 1 4.000 9.82819 1.054E+08 1.934E+11 5.451E-04 2.290E-06
205 6.000 1 4.000 10.5222 8.728E+07 3.266E+11 2.673E-04 2.173E-06
401 8.000 1 4.000 9.60732 7.805E+07 5.818E+11 1.342E-04 2.160E-06
116 6.000 1 4.000 11.7500 6.636E+07 4.091E+11 1.622E-04 2.060E-06
439 4.000 1 4.000 9.28591 1.592E+08 8.632E+11 1.844E-04 2.057E-06
597 2.000 1 4.000 8.10827 4.141E+08 3.751E+11 1.104E-03 2.041E-06
209 2.000 1 4.000 10.5128 2.422E+08 3.606E+11 6.716E-04 2.007E-06
36 4.000 1 4.000 14.6528 6.154E+07 1.210E+10 5.085E-03 1.981E-06
127 4.000 1 4.000 11.6113 9.750E+07 3.975E+11 2.453E-04 1.971E-06
541 4.000 1 4.000 8.84628 1.674E+08 8.717E+11 1.920E-04 1.963E-06
25 6.000 1 4.000 15.0567 3.838E+07 4.542E+09 8.449E-03 1.956E-06
277 4.000 1 4.000 10.0991 1.252E+08 2.284E+11 5.481E-04 1.914E-06
374 8.000 1 4.000 9.66672 6.578E+07 1.655E+11 3.975E-04 1.843E-06
469 4.000 1 4.000 9.15756 1.428E+08 5.417E+11 2.635E-04 1.795E-06
523 6.000 1 4.000 8.91587 1.001E+08 5.409E+11 1.850E-04 1.789E-06
494 2.000 1 4.000 8.98202 2.801E+08 1.909E+12 1.467E-04 1.694E-06
511 8.000 1 4.000 8.93721 6.952E+07 3.140E+11 2.214E-04 1.665E-06
435 6.000 1 4.000 9.28990 8.440E+07 7.173E+11 1.177E-04 1.638E-06
569 8.000 1 4.000 8.70882 6.999E+07 4.398E+11 1.591E-04 1.592E-06
131 6.000 1 4.000 11.5800 5.047E+07 7.335E+11 6.881E-05 1.522E-06
289 2.000 1 4.000 10.0658 1.984E+08 2.480E+11 7.999E-04 1.507E-06
29 4.000 1 4.000 14.8352 4.509E+07 4.258E+10 1.059E-03 1.488E-06
253 4.000 1 4.000 10.3582 9.070E+07 3.166E+12 2.865E-05 1.459E-06
119 2.000 1 4.000 11.7291 1.368E+08 4.092E+11 3.344E-04 1.411E-06
335 4.000 1 4.000 9.82232 9.525E+07 1.897E+11 5.020E-04 1.378E-06
115 4.000 1 4.000 11.7504 6.643E+07 4.111E+11 1.616E-04 1.375E-06
124 4.000 1 4.000 11.6348 6.715E+07 4.042E+11 1.661E-04 1.363E-06
438 2.000 1 4.000 9.28646 1.985E+08 2.336E+12 8.496E-05 1.283E-06
101 6.000 1 4.000 12.6800 3.505E+07 7.491E+10 4.679E-04 1.267E-06
411 4.000 1 4.000 9.56197 9.113E+07 7.720E+11 1.180E-04 1.249E-06
509 6.000 1 4.000 8.93797 6.940E+07 3.123E+11 2.222E-04 1.247E-06
117 8.000 1 4.000 11.7348 2.899E+07 3.961E+11 7.318E-05 1.197E-06
258 4.000 1 4.000 10.3123 7.035E+07 5.372E+12 1.310E-05 1.122E-06
123 2.000 1 4.000 11.6476 1.102E+08 4.221E+11 2.610E-04 1.120E-06
542 2.000 1 4.000 8.84498 1.831E+08 1.601E+12 1.144E-04 1.074E-06
552 8.000 1 4.000 8.80035 4.546E+07 1.930E+11 2.356E-04 1.056E-06
516 2.000 1 4.000 8.91859 1.669E+08 4.265E+11 3.912E-04 9.950E-07
456 8.000 1 4.000 9.21018 3.882E+07 4.113E+11 9.439E-05 9.875E-07
585 8.000 1 4.000 8.57875 4.429E+07 1.921E+11 2.305E-04 9.775E-07
510 4.000 1 4.000 8.93741 7.930E+07 3.731E+11 2.125E-04 9.495E-07
573 6.000 1 4.000 8.70763 5.507E+07 4.368E+11 1.261E-04 9.388E-07
472 2.000 1 4.000 9.15612 1.489E+08 8.536E+11 1.744E-04 9.358E-07
522 4.000 1 4.000 8.91605 7.785E+07 6.146E+11 1.267E-04 9.278E-07
84 6.000 1 4.000 12.9027 2.458E+07 6.820E+10 3.604E-04 9.203E-07
437 4.000 1 4.000 9.28713 7.100E+07 1.754E+12 4.048E-05 9.183E-07
203 4.000 1 4.000 10.5357 5.470E+07 3.231E+11 1.693E-04 9.103E-07
299 6.000 1 4.000 10.0206 3.832E+07 2.285E+11 1.676E-04 8.651E-07
148 2.000 1 4.000 11.4659 8.760E+07 3.408E+11 2.570E-04 8.635E-07
199 2.000 1 4.000 10.5418 1.031E+08 3.400E+11 3.032E-04 8.589E-07
550 6.000 1 4.000 8.80082 4.907E+07 1.876E+11 2.616E-04 8.548E-07
301 4.000 1 4.000 10.0187 5.414E+07 2.389E+11 2.267E-04 8.147E-07
27 4.000 1 4.000 14.9750 2.335E+07 8.381E+09 2.786E-03 7.851E-07
518 6.000 1 4.000 8.91814 4.345E+07 5.465E+11 7.950E-05 7.773E-07
272 6.000 1 4.000 10.1116 3.327E+07 2.325E+11 1.431E-04 7.649E-07
239 2.000 1 4.000 10.4168 9.072E+07 4.028E+11 2.252E-04 7.379E-07
302 2.000 1 4.000 10.0151 9.505E+07 2.426E+11 3.918E-04 7.148E-07
178 8.000 1 4.000 10.6194 1.844E+07 3.249E+11 5.674E-05 6.235E-07
236 4.000 1 4.000 10.4269 3.812E+07 4.352E+11 8.758E-05 6.215E-07
181 2.000 1 4.000 10.6092 7.113E+07 4.637E+11 1.534E-04 6.000E-07
551 4.000 1 4.000 8.80045 5.065E+07 2.394E+11 2.116E-04 5.880E-07
590 6.000 1 4.000 8.57799 3.472E+07 2.036E+11 1.705E-04 5.745E-07
166 4.000 1 4.000 11.3068 2.956E+07 4.231E+11 6.986E-05 5.666E-07
237 6.000 1 4.000 10.4253 2.303E+07 3.636E+11 6.335E-05 5.631E-07
490 8.000 1 4.000 8.98727 2.298E+07 3.031E+11 7.580E-05 5.565E-07
512 2.000 1 4.000 8.93668 9.275E+07 4.699E+11 1.974E-04 5.553E-07
358 4.000 1 4.000 9.74397 3.896E+07 1.858E+11 2.097E-04 5.544E-07
572 4.000 1 4.000 8.70771 4.673E+07 5.193E+11 8.997E-05 5.313E-07
317 6.000 1 4.000 9.93541 2.382E+07 2.288E+11 1.041E-04 5.290E-07
274 8.000 1 4.000 10.1087 1.726E+07 2.269E+11 7.608E-05 5.290E-07
356 6.000 1 4.000 9.74522 2.467E+07 1.677E+11 1.472E-04 5.269E-07
359 2.000 1 4.000 9.74138 6.890E+07 2.032E+11 3.391E-04 4.903E-07
175 4.000 1 4.000 10.6333 2.794E+07 5.495E+11 5.084E-05 4.735E-07
139 6.000 1 4.000 11.5175 1.541E+07 4.220E+11 3.651E-05 4.597E-07
377 6.000 1 4.000 9.66524 2.087E+07 1.714E+11 1.218E-04 4.384E-07
32 8.000 1 4.000 14.7112 6.628E+06 7.235E+09 9.160E-04 4.300E-07
568 6.000 1 4.000 8.70898 2.478E+07 4.394E+11 5.640E-05 4.228E-07
233 4.000 1 4.000 10.4306 2.482E+07 3.640E+11 6.820E-05 4.050E-07
261 2.000 1 4.000 10.2699 4.868E+07 3.446E+11 1.412E-04 3.848E-07
262 4.000 1 4.000 10.2678 2.312E+07 3.212E+11 7.198E-05 3.655E-07
165 2.000 1 4.000 11.3083 3.729E+07 4.370E+11 8.533E-05 3.574E-07
125 2.000 1 4.000 11.6335 3.509E+07 4.202E+11 8.351E-05 3.559E-07
65 2.000 1 4.000 13.6810 2.476E+07 1.255E+12 1.972E-05 3.473E-07
521 2.000 1 4.000 8.91625 5.795E+07 2.069E+12 2.801E-05 3.455E-07
538 8.000 1 4.000 8.84878 1.465E+07 1.923E+11 7.616E-05 3.440E-07
589 4.000 1 4.000 8.57804 3.083E+07 2.611E+11 1.181E-04 3.400E-07
330 6.000 1 4.000 9.83018 1.553E+07 1.642E+11 9.454E-05 3.375E-07
297 4.000 1 4.000 10.0336 2.168E+07 2.450E+11 8.850E-05 3.273E-07
259 4.000 1 4.000 10.3006 2.041E+07 8.498E+11 2.401E-05 3.247E-07
180 4.000 1 4.000 10.6161 1.918E+07 3.790E+11 5.061E-05 3.240E-07
296 2.000 1 4.000 10.0369 4.251E+07 2.524E+11 1.684E-04 3.210E-07
273 4.000 1 4.000 10.1114 2.065E+07 2.334E+11 8.847E-05 3.164E-07
554 2.000 1 4.000 8.79992 5.450E+07 3.666E+11 1.487E-04 3.163E-07
418 4.000 1 4.000 9.54190 2.181E+07 2.507E+12 8.699E-06 2.978E-07
276 2.000 1 4.000 10.1067 3.821E+07 2.536E+11 1.507E-04 2.927E-07
351 2.000 1 4.000 9.75968 3.979E+07 1.758E+11 2.263E-04 2.841E-07
520 4.000 1 4.000 8.91685 2.327E+07 1.562E+12 1.489E-05 2.775E-07
354 4.000 1 4.000 9.75782 1.919E+07 1.712E+11 1.121E-04 2.741E-07
517 4.000 1 4.000 8.91829 2.259E+07 3.874E+11 5.832E-05 2.695E-07
584 6.000 1 4.000 8.57887 1.553E+07 1.930E+11 8.046E-05 2.570E-07
475 4.000 1 4.000 9.14790 2.009E+07 5.297E+11 3.793E-05 2.520E-07
22 4.000 1 4.000 15.1899 6.974E+06 6.836E+09 1.020E-03 2.412E-07
206 4.000 1 4.000 10.5204 1.374E+07 3.348E+11 4.104E-05 2.280E-07
334 2.000 1 4.000 9.82718 3.094E+07 2.134E+11 1.450E-04 2.240E-07
571 2.000 1 4.000 8.70798 3.905E+07 1.414E+12 2.762E-05 2.220E-07
64 4.000 1 4.000 13.7813 7.335E+06 7.087E+11 1.035E-05 2.089E-07
77 4.000 1 4.000 13.2728 7.388E+06 9.731E+11 7.593E-06 1.951E-07
331 4.000 1 4.000 9.83000 1.305E+07 1.680E+11 7.770E-05 1.891E-07
332 8.000 1 4.000 9.82832 6.031E+06 1.579E+11 3.819E-05 1.747E-07
176 2.000 1 4.000 10.6281 2.037E+07 6.249E+11 3.259E-05 1.724E-07
570 4.000 1 4.000 8.70827 1.333E+07 1.084E+12 1.230E-05 1.516E-07
588 2.000 1 4.000 8.57811 2.739E+07 7.648E+11 3.581E-05 1.511E-07
419 2.000 1 4.000 9.52860 2.045E+07 2.061E+11 9.923E-05 1.392E-07
130 8.000 1 4.000 11.5802 3.398E+06 7.387E+11 4.599E-06 1.366E-07
420 4.000 1 4.000 9.52823 9.634E+06 1.711E+11 5.631E-05 1.311E-07
300 4.000 1 4.000 10.0196 8.483E+06 2.407E+11 3.524E-05 1.277E-07
346 2.000 1 4.000 9.79222 1.652E+07 2.530E+11 6.527E-05 1.187E-07
228 6.000 1 4.000 10.4441 4.461E+06 7.591E+11 5.876E-06 1.094E-07
424 4.000 1 4.000 9.50576 7.643E+06 2.258E+12 3.385E-06 1.035E-07
245 6.000 1 4.000 10.3683 4.099E+06 7.759E+11 5.283E-06 9.911E-08
37 8.000 1 4.000 14.6312 1.536E+06 9.237E+09 1.663E-04 9.857E-08
347 4.000 1 4.000 9.79136 6.765E+06 2.397E+11 2.822E-05 9.723E-08
457 2.000 1 4.000 9.21006 1.502E+07 5.937E+11 2.530E-05 9.552E-08
587 4.000 1 4.000 8.57830 8.613E+06 5.436E+11 1.584E-05 9.503E-08
38 2.000 1 4.000 14.6062 5.511E+06 1.955E+10 2.819E-04 8.813E-08
82 4.000 1 4.000 12.9293 3.472E+06 1.004E+11 3.457E-05 8.702E-08
62 4.000 1 4.000 13.8869 2.899E+06 4.437E+11 6.535E-06 8.387E-08
357 4.000 1 4.000 9.74436 5.753E+06 1.774E+11 3.242E-05 8.190E-08
514 4.000 1 4.000 8.93478 6.670E+06 9.814E+11 6.797E-06 7.983E-08
140 2.000 1 4.000 11.5104 7.826E+06 2.087E+12 3.749E-06 7.773E-08
313 6.000 1 4.000 9.94004 3.423E+06 2.418E+11 1.416E-05 7.607E-08
473 4.000 1 4.000 9.15308 5.845E+06 1.737E+12 3.365E-06 7.340E-08
145 4.000 1 4.000 11.4788 3.166E+06 2.059E+12 1.538E-06 6.255E-08
378 2.000 1 4.000 9.66406 8.300E+06 2.128E+11 3.901E-05 5.809E-08
68 8.000 1 4.000 13.4476 1.037E+06 5.916E+10 1.753E-05 5.625E-08
372 6.000 1 4.000 9.66815 2.650E+06 1.769E+11 1.498E-05 5.569E-08
558 4.000 1 4.000 8.77674 4.818E+06 2.430E+11 1.983E-05 5.563E-08
318 2.000 1 4.000 9.93151 7.438E+06 2.232E+11 3.332E-05 5.497E-08
188 8.000 1 4.000 10.5774 1.626E+06 4.858E+11 3.348E-06 5.457E-08
63 2.000 1 4.000 13.8006 3.652E+06 3.135E+11 1.165E-05 5.213E-08
224 4.000 1 4.000 10.4501 2.829E+06 8.011E+11 3.532E-06 4.631E-08
396 2.000 1 4.000 9.61113 6.295E+06 6.044E+11 1.041E-05 4.360E-08
434 4.000 1 4.000 9.33467 3.155E+06 2.016E+12 1.565E-06 4.120E-08
135 8.000 1 4.000 11.5640 1.024E+06 7.174E+11 1.427E-06 4.108E-08
192 8.000 1 4.000 10.5554 1.198E+06 5.097E+11 2.351E-06 4.003E-08
78 2.000 1 4.000 13.2611 2.967E+06 5.186E+11 5.721E-06 3.910E-08
397 4.000 1 4.000 9.61046 2.528E+06 6.016E+11 4.203E-06 3.501E-08
204 2.000 1 4.000 10.5267 4.199E+06 3.373E+11 1.245E-05 3.487E-08
395 2.000 1 4.000 9.61303 4.872E+06 6.315E+11 7.715E-06 3.376E-08
452 4.000 1 4.000 9.21198 2.642E+06 4.054E+11 6.516E-06 3.360E-08
278 8.000 1 4.000 10.0767 1.101E+06 3.564E+11 3.088E-06 3.352E-08
298 2.000 1 4.000 10.0238 4.380E+06 2.420E+11 1.810E-05 3.300E-08
429 2.000 1 4.000 9.34225 5.015E+06 2.075E+12 2.417E-06 3.283E-08
555 4.000 1 4.000 8.79853 2.725E+06 8.868E+11 3.073E-06 3.165E-08
315 4.000 1 4.000 9.93742 1.877E+06 2.310E+11 8.127E-06 2.780E-08
337 8.000 1 4.000 9.80957 7.105E+05 2.431E+11 2.922E-06 2.050E-08
197 8.000 1 4.000 10.5502 6.116E+05 5.287E+11 1.157E-06 2.042E-08
355 2.000 1 4.000 9.74700 2.485E+06 1.785E+11 1.392E-05 1.769E-08
380 8.000 1 4.000 9.66218 5.652E+05 3.775E+11 1.497E-06 1.582E-08
487 4.000 1 4.000 8.98822 1.194E+06 3.071E+11 3.888E-06 1.446E-08
375 4.000 1 4.000 9.66640 9.457E+05 1.831E+11 5.165E-06 1.325E-08
477 4.000 1 4.000 9.11916 1.050E+06 1.210E+12 8.675E-07 1.309E-08
150 8.000 1 4.000 11.4575 3.139E+05 7.319E+11 4.288E-07 1.236E-08
399 6.000 1 4.000 9.60779 5.820E+05 5.871E+11 9.913E-07 1.208E-08
283 8.000 1 4.000 10.0736 3.816E+05 3.618E+11 1.055E-06 1.161E-08
415 6.000 1 4.000 9.54763 5.537E+05 5.907E+11 9.373E-07 1.135E-08
515 2.000 1 4.000 8.93357 1.775E+06 2.616E+11 6.782E-06 1.062E-08
50 8.000 1 4.000 14.3224 1.722E+05 8.734E+09 1.972E-05 1.059E-08
445 8.000 1 4.000 9.23851 3.941E+05 2.845E+11 1.386E-06 1.009E-08
144 4.000 1 4.000 11.4914 3.976E+05 4.065E+11 9.782E-07 7.872E-09
45 8.000 1 4.000 14.4814 1.251E+05 7.948E+09 1.574E-05 7.868E-09
442 4.000 1 4.000 9.26131 5.934E+05 3.595E+11 1.651E-06 7.633E-09
342 8.000 1 4.000 9.80776 2.511E+05 2.634E+11 9.535E-07 7.243E-09
535 4.000 1 4.000 8.84938 6.149E+05 1.864E+11 3.300E-06 7.220E-09
220 8.000 1 4.000 10.4575 2.131E+05 5.318E+11 4.008E-07 6.990E-09
189 2.000 1 4.000 10.5746 8.300E+05 8.001E+11 1.037E-06 6.958E-09
498 2.000 1 4.000 8.96739 1.127E+06 3.293E+11 3.422E-06 6.795E-09
482 8.000 1 4.000 9.00396 2.698E+05 2.183E+11 1.236E-06 6.558E-09
368 6.000 1 4.000 9.71348 3.038E+05 3.892E+11 7.807E-07 6.448E-09
384 2.000 1 4.000 9.64954 9.177E+05 5.389E+11 1.703E-06 6.406E-09
496 2.000 1 4.000 8.96873 1.048E+06 3.664E+11 2.860E-06 6.318E-09
312 4.000 1 4.000 9.96779 3.818E+05 2.475E+11 1.542E-06 5.685E-09
560 4.000 1 4.000 8.76596 4.885E+05 5.042E+11 9.688E-07 5.630E-09
257 6.000 1 4.000 10.3224 2.105E+05 7.775E+11 2.707E-07 5.045E-09
455 6.000 1 4.000 9.21044 2.541E+05 4.147E+11 6.127E-07 4.848E-09
306 8.000 1 4.000 9.98775 1.598E+05 3.580E+11 4.463E-07 4.778E-09
54 8.000 1 4.000 14.2447 7.791E+04 9.337E+09 8.344E-06 4.740E-09
471 6.000 1 4.000 9.15644 2.448E+05 4.235E+11 5.779E-07 4.617E-09
530 8.000 1 4.000 8.85949 1.925E+05 1.212E+11 1.588E-06 4.530E-09
383 4.000 1 4.000 9.65328 2.896E+05 4.217E+11 6.867E-07 4.045E-09
495 4.000 1 4.000 8.96935 3.244E+05 2.916E+11 1.112E-06 3.911E-09
467 2.000 1 4.000 9.17367 5.836E+05 3.187E+11 1.831E-06 3.683E-09
173 4.000 1 4.000 10.6849 2.068E+05 7.589E+11 2.725E-07 3.539E-09
142 4.000 1 4.000 11.5012 1.652E+05 3.899E+11 4.236E-07 3.276E-09
363 8.000 1 4.000 9.72567 1.125E+05 2.482E+11 4.531E-07 3.190E-09
156 8.000 1 4.000 11.3523 7.991E+04 7.273E+11 1.099E-07 3.087E-09
453 4.000 1 4.000 9.21136 2.251E+05 3.604E+11 6.245E-07 2.863E-09
426 2.000 1 4.000 9.39017 4.005E+05 8.318E+11 4.815E-07 2.647E-09
603 2.000 1 4.000 8.00487 5.495E+05 8.880E+11 6.188E-07 2.640E-09
604 4.000 1 4.000 8.00413 2.563E+05 8.596E+11 2.981E-07 2.463E-09
369 4.000 1 4.000 9.70622 1.605E+05 5.195E+11 3.089E-07 2.267E-09
525 4.000 1 4.000 8.90130 1.906E+05 8.877E+11 2.147E-07 2.264E-09
486 2.000 1 4.000 8.98887 3.671E+05 3.032E+11 1.211E-06 2.224E-09
489 6.000 1 4.000 8.98742 1.182E+05 3.054E+11 3.871E-07 2.147E-09
544 2.000 1 4.000 8.82012 3.647E+05 1.735E+11 2.102E-06 2.127E-09
60 6.000 1 4.000 13.9576 4.052E+04 6.897E+10 5.876E-07 1.775E-09
606 6.000 1 4.000 7.99562 1.152E+05 5.045E+11 2.283E-07 1.656E-09
427 4.000 1 4.000 9.39006 1.190E+05 8.046E+11 1.479E-07 1.573E-09
524 6.000 1 4.000 8.90209 8.317E+04 3.159E+11 2.633E-07 1.482E-09
19 2.000 1 4.000 15.2704 8.093E+04 5.138E+09 1.575E-05 1.415E-09
244 8.000 1 4.000 10.3688 4.358E+04 5.302E+11 8.219E-08 1.405E-09
556 2.000 1 4.000 8.78658 2.366E+05 1.555E+11 1.522E-06 1.369E-09
553 6.000 1 4.000 8.79997 7.271E+04 2.035E+11 3.573E-07 1.266E-09
578 2.000 1 4.000 8.59730 2.192E+05 1.525E+11 1.437E-06 1.215E-09
534 2.000 1 4.000 8.84980 1.842E+05 1.793E+11 1.027E-06 1.081E-09
451 2.000 1 4.000 9.21291 1.652E+05 4.157E+11 3.974E-07 1.051E-09
537 6.000 1 4.000 8.84887 5.747E+04 1.904E+11 3.018E-07 1.012E-09
161 8.000 1 4.000 11.3349 2.504E+04 7.158E+11 3.498E-08 9.648E-10
171 6.000 1 4.000 10.7047 3.484E+04 5.107E+11 6.822E-08 8.978E-10
599 4.000 1 4.000 8.09574 9.066E+04 6.325E+11 1.433E-07 8.908E-10
594 4.000 1 4.000 8.28399 8.526E+04 8.295E+11 1.028E-07 8.772E-10
543 4.000 1 4.000 8.82088 7.360E+04 1.438E+11 5.118E-07 8.586E-10
562 2.000 1 4.000 8.73868 1.482E+05 3.805E+11 3.896E-07 8.486E-10
577 4.000 1 4.000 8.59742 7.165E+04 1.539E+11 4.656E-07 7.939E-10
316 4.000 1 4.000 9.93594 5.200E+04 2.393E+11 2.172E-07 7.696E-10
319 8.000 1 4.000 9.90624 2.549E+04 3.564E+11 7.151E-08 7.500E-10
221 2.000 1 4.000 10.4547 8.798E+04 7.930E+11 1.109E-07 7.208E-10
598 2.000 1 4.000 8.09688 1.458E+05 6.449E+11 2.261E-07 7.165E-10
576 4.000 1 4.000 8.62151 5.972E+04 1.171E+12 5.099E-08 6.656E-10
593 2.000 1 4.000 8.28590 1.246E+05 8.478E+11 1.470E-07 6.411E-10
513 6.000 1 4.000 8.93666 2.934E+04 3.184E+11 9.213E-08 5.270E-10
385 8.000 1 4.000 9.64815 1.830E+04 2.487E+11 7.358E-08 5.108E-10
251 8.000 1 4.000 10.3619 1.169E+04 5.300E+11 2.206E-08 3.765E-10
81 2.000 1 4.000 12.9451 2.367E+04 7.969E+10 2.970E-07 2.975E-10
575 2.000 1 4.000 8.62506 4.922E+04 1.194E+12 4.121E-08 2.745E-10
476 6.000 1 4.000 9.12041 1.444E+04 4.233E+11 3.410E-08 2.700E-10
423 6.000 1 4.000 9.50877 1.047E+04 5.930E+11 1.766E-08 2.129E-10
391 8.000 1 4.000 9.64607 7.616E+03 2.630E+11 2.896E-08 2.125E-10
561 4.000 1 4.000 8.73892 1.792E+04 3.900E+11 4.594E-08 2.051E-10
441 6.000 1 4.000 9.26540 9.632E+03 2.978E+11 3.234E-08 1.860E-10
260 2.000 1 4.000 10.2997 2.099E+04 6.233E+11 3.368E-08 1.669E-10
324 8.000 1 4.000 9.90274 5.119E+03 3.626E+11 1.412E-08 1.505E-10
559 6.000 1 4.000 8.76637 8.525E+03 1.954E+11 4.362E-08 1.473E-10
376 4.000 1 4.000 9.66568 9.069E+03 1.878E+11 4.830E-08 1.270E-10
478 6.000 1 4.000 9.01985 6.331E+03 2.312E+11 2.738E-08 1.158E-10
497 4.000 1 4.000 8.96834 8.275E+03 4.055E+11 2.041E-08 9.980E-11
526 6.000 1 4.000 8.86970 4.309E+03 1.352E+11 3.187E-08 7.624E-11
527 4.000 1 4.000 8.86812 3.576E+03 1.903E+11 1.879E-08 4.217E-11
479 4.000 1 4.000 9.01747 3.067E+03 2.883E+11 1.064E-08 3.740E-11
605 4.000 1 4.000 7.99578 1.483E+03 4.992E+11 2.971E-09 1.422E-11
