!@# 6 2.00 4.00 10.0 30.0 100. 300.
i j E(eV) a0 a1 a2
1 50 667.077787 6.270E-11 8.839E+01 -3.019E+00
3 50 166.801677 4.445E-13 4.700E+01 -2.648E+00
6 50 74.122787 3.247E-14 1.727E+01 -2.449E+00
11 50 41.689197 8.012E-15 8.422E+00 -2.368E+00
18 50 26.678881 3.145E-15 4.833E+00 -2.327E+00
27 50 18.525899 1.537E-15 3.008E+00 -2.299E+00
38 50 13.610280 8.460E-16 1.924E+00 -2.275E+00
2 50 166.807263 4.806E-11 3.027E+01 -3.591E+00
5 50 74.124442 2.895E-12 3.017E+01 -3.339E+00
10 50 41.689895 3.165E-13 2.005E+01 -3.128E+00
17 50 26.679238 6.801E-14 1.376E+01 -2.990E+00
26 50 18.526106 2.159E-14 9.883E+00 -2.891E+00
37 50 13.610410 8.829E-15 7.396E+00 -2.818E+00
4 50 166.698112 4.839E-11 3.027E+01 -3.593E+00
8 50 74.092094 2.912E-12 3.015E+01 -3.340E+00
13 50 41.676245 3.183E-13 2.005E+01 -3.130E+00
20 50 26.672244 6.839E-14 1.376E+01 -2.991E+00
29 50 18.522051 2.171E-14 9.888E+00 -2.892E+00
40 50 13.607848 8.852E-15 7.392E+00 -2.819E+00
7 50 74.092148 1.384E-10 2.151E+01 -4.331E+00
12 50 41.676268 2.290E-11 2.345E+01 -4.137E+00
19 50 26.672255 4.136E-12 1.982E+01 -3.955E+00
28 50 18.522057 1.021E-12 1.628E+01 -3.808E+00
39 50 13.607851 3.379E-13 1.352E+01 -3.700E+00
9 50 74.081380 1.391E-10 2.152E+01 -4.332E+00
15 50 41.671722 2.300E-11 2.346E+01 -4.138E+00
22 50 26.669922 4.143E-12 1.982E+01 -3.955E+00
31 50 18.520698 1.022E-12 1.628E+01 -3.809E+00
42 50 13.606984 3.439E-13 1.357E+01 -3.703E+00
14 50 41.671730 4.266E-10 1.723E+01 -5.111E+00
21 50 26.669925 1.397E-10 1.907E+01 -4.962E+00
30 50 18.520699 4.350E-11 1.815E+01 -4.830E+00
41 50 13.606984 1.519E-11 1.659E+01 -4.718E+00
16 50 41.669459 4.279E-10 1.723E+01 -5.112E+00
24 50 26.668759 1.404E-10 1.908E+01 -4.963E+00
32 50 18.520017 4.354E-11 1.815E+01 -4.830E+00
43 50 13.606542 1.581E-11 1.668E+01 -4.726E+00
23 50 26.668760 1.298E-09 1.449E+01 -5.933E+00
33 50 18.520017 7.716E-10 1.621E+01 -5.835E+00
44 50 13.606541 2.787E-10 1.578E+01 -5.688E+00
25 50 26.668064 1.322E-09 1.453E+01 -5.936E+00
34 50 18.519610 7.915E-10 1.626E+01 -5.840E+00
45 50 13.606277 2.615E-10 1.565E+01 -5.676E+00
35 50 18.519610 3.047E-09 1.220E+01 -6.749E+00
46 50 13.606276 1.138E-09 1.234E+01 -6.507E+00
36 50 18.519341 3.304E-09 1.232E+01 -6.765E+00
47 50 13.606103 8.011E-10 1.179E+01 -6.439E+00
48 50 13.606102 5.797E-09 1.029E+01 -7.572E+00
49 50 13.605981 8.009E-09 1.071E+01 -7.636E+00
