!@# 6 5.00 10.0 30.0 100. 300. 0.100E+04
i j E(eV) a0 a1 a2
1 98 738.107821 7.369E-10 2.664E+02 -3.084E+00
6 98 169.925149 1.575E-12 8.828E+01 -2.684E+00
12 98 74.795712 1.253E-13 3.547E+01 -2.521E+00
22 98 41.876152 2.871E-14 1.839E+01 -2.441E+00
36 98 26.719302 1.055E-14 1.120E+01 -2.396E+00
58 98 18.506609 4.958E-15 7.578E+00 -2.367E+00
96 98 13.545458 2.714E-15 5.627E+00 -2.346E+00
2 98 178.054590 7.184E-13 8.692E+01 -2.725E+00
8 98 77.183541 4.562E-14 3.350E+01 -2.534E+00
13 98 74.077860 5.894E-10 3.399E+01 -4.451E+00
18 98 42.925745 1.003E-14 1.727E+01 -2.449E+00
27 98 41.654532 1.331E-10 3.482E+01 -4.322E+00
32 98 27.289879 3.635E-15 1.051E+01 -2.402E+00
45 98 26.649618 3.324E-11 3.071E+01 -4.205E+00
50 98 18.865857 1.698E-15 7.093E+00 -2.373E+00
67 98 18.499653 1.061E-11 2.678E+01 -4.112E+00
72 98 13.812433 9.260E-16 5.187E+00 -2.352E+00
92 98 13.584701 4.023E-12 2.344E+01 -4.035E+00
3 98 170.376070 2.726E-10 6.344E+01 -3.662E+00
9 98 75.058428 2.069E-11 5.132E+01 -3.474E+00
19 98 42.041233 2.747E-12 3.584E+01 -3.315E+00
33 98 26.835645 6.391E-13 2.623E+01 -3.204E+00
51 98 18.599258 2.132E-13 2.028E+01 -3.126E+00
73 98 13.638276 8.916E-14 1.638E+01 -3.066E+00
4 98 170.338799 1.213E-10 6.342E+01 -3.664E+00
7 98 164.249072 1.151E-10 6.448E+01 -3.627E+00
10 98 75.047645 9.197E-12 5.130E+01 -3.476E+00
17 98 73.178132 1.071E-11 5.266E+01 -3.465E+00
20 98 42.036763 1.221E-12 3.584E+01 -3.316E+00
31 98 41.196178 1.485E-12 3.672E+01 -3.310E+00
34 98 26.833394 2.843E-13 2.624E+01 -3.205E+00
49 98 26.368197 3.505E-13 2.684E+01 -3.201E+00
52 98 18.597979 9.484E-14 2.028E+01 -3.127E+00
71 98 18.299406 1.176E-13 2.074E+01 -3.123E+00
74 98 13.637499 3.970E-14 1.639E+01 -3.067E+00
97 98 13.407729 4.953E-14 1.688E+01 -3.063E+00
5 98 170.262947 1.105E-10 6.341E+01 -3.665E+00
11 98 75.025711 8.375E-12 5.130E+01 -3.477E+00
21 98 42.027683 1.111E-12 3.583E+01 -3.317E+00
23 98 41.657636 1.790E-09 2.388E+01 -5.286E+00
35 98 26.828827 2.585E-13 2.624E+01 -3.207E+00
37 98 26.655838 8.048E-10 2.604E+01 -5.196E+00
53 98 18.595391 8.614E-14 2.028E+01 -3.128E+00
56 98 18.506759 3.131E-10 2.523E+01 -5.106E+00
75 98 13.635932 3.603E-14 1.639E+01 -3.068E+00
82 98 13.593124 1.309E-10 2.366E+01 -5.032E+00
14 98 74.074021 4.135E-10 3.401E+01 -4.452E+00
16 98 74.004380 4.757E-10 3.409E+01 -4.453E+00
28 98 41.652888 9.407E-11 3.483E+01 -4.323E+00
30 98 41.613684 1.067E-10 3.488E+01 -4.323E+00
46 98 26.648775 2.356E-11 3.072E+01 -4.206E+00
48 98 26.625888 2.658E-11 3.076E+01 -4.207E+00
68 98 18.499163 7.525E-12 2.679E+01 -4.113E+00
70 98 18.484650 8.456E-12 2.682E+01 -4.113E+00
93 98 13.584391 2.861E-12 2.345E+01 -4.036E+00
95 98 13.574262 3.206E-12 2.348E+01 -4.036E+00
15 98 74.067289 3.829E-10 3.403E+01 -4.454E+00
29 98 41.650121 8.634E-11 3.484E+01 -4.324E+00
47 98 26.647376 2.156E-11 3.074E+01 -4.207E+00
38 98 26.655736 7.507E-09 1.976E+01 -6.194E+00
69 98 18.498359 6.867E-12 2.680E+01 -4.114E+00
54 98 18.506989 5.417E-09 2.158E+01 -6.135E+00
94 98 13.583888 2.608E-12 2.347E+01 -4.037E+00
76 98 13.593514 2.372E-09 2.111E+01 -6.032E+00
24 98 41.657479 1.282E-09 2.388E+01 -5.286E+00
26 98 41.655118 1.717E-09 2.391E+01 -5.288E+00
40 98 26.655716 5.783E-10 2.604E+01 -5.196E+00
44 98 26.654460 7.672E-10 2.605E+01 -5.197E+00
57 98 18.506676 2.256E-10 2.523E+01 -5.106E+00
66 98 18.505923 2.983E-10 2.526E+01 -5.107E+00
87 98 13.593065 9.443E-11 2.366E+01 -5.032E+00
91 98 13.592571 1.227E-10 2.361E+01 -5.031E+00
25 98 41.655368 1.338E-09 2.391E+01 -5.288E+00
43 98 26.654675 5.994E-10 2.605E+01 -5.197E+00
65 98 18.506080 2.335E-10 2.526E+01 -5.108E+00
59 98 18.506605 7.424E-08 1.894E+01 -7.288E+00
90 98 13.592684 9.614E-11 2.360E+01 -5.031E+00
78 98 13.593271 4.183E-08 1.950E+01 -7.129E+00
39 98 26.655735 5.839E-09 1.976E+01 -6.194E+00
42 98 26.655039 7.396E-09 1.978E+01 -6.197E+00
55 98 18.506988 4.213E-09 2.158E+01 -6.135E+00
62 98 18.506581 5.286E-09 2.159E+01 -6.135E+00
77 98 13.593513 1.845E-09 2.111E+01 -6.032E+00
81 98 13.593248 2.281E-09 2.104E+01 -6.032E+00
41 98 26.655040 6.051E-09 1.978E+01 -6.197E+00
61 98 18.506582 4.325E-09 2.159E+01 -6.135E+00
80 98 13.593249 1.866E-09 2.104E+01 -6.032E+00
85 98 13.593098 4.114E-06 2.254E+01 -8.666E+00
60 98 18.506605 6.074E-08 1.894E+01 -7.288E+00
63 98 18.506337 9.624E-08 1.949E+01 -7.339E+00
79 98 13.593271 3.423E-08 1.950E+01 -7.129E+00
84 98 13.593098 6.877E-08 2.068E+01 -7.215E+00
64 98 18.506337 8.144E-08 1.949E+01 -7.339E+00
83 98 13.593098 5.819E-08 2.068E+01 -7.215E+00
86 98 13.593098 3.481E-06 2.254E+01 -8.666E+00
89 98 13.592977 8.027E-06 2.411E+01 -8.769E+00
88 98 13.592977 6.957E-06 2.411E+01 -8.769E+00
