j g(j) i g(i) wl A A+A^a A/(A+A^a) f
21 6.000 1 4.000 6.99922 1.281E+13 3.705E+14 3.458E-02 1.412E-01
22 4.000 1 4.000 6.99718 1.286E+13 3.714E+14 3.461E-02 9.438E-02
23 2.000 1 4.000 6.99600 1.288E+13 3.712E+14 3.470E-02 4.725E-02
34 6.000 1 4.000 6.31710 3.163E+12 3.997E+13 7.914E-02 2.840E-02
35 4.000 1 4.000 6.31703 3.160E+12 3.978E+13 7.944E-02 1.891E-02
71 6.000 1 4.000 6.27224 1.707E+12 1.082E+13 1.578E-01 1.510E-02
177 6.000 1 4.000 6.14994 1.456E+12 2.000E+13 7.278E-02 1.238E-02
69 4.000 1 4.000 6.27257 1.691E+12 1.035E+13 1.634E-01 9.973E-03
36 2.000 1 4.000 6.31695 3.165E+12 3.968E+13 7.976E-02 9.468E-03
178 4.000 1 4.000 6.14992 1.457E+12 1.893E+13 7.697E-02 8.263E-03
231 6.000 1 4.000 6.09934 7.000E+11 5.025E+12 1.393E-01 5.858E-03
317 6.000 1 4.000 6.08053 6.700E+11 1.302E+13 5.145E-02 5.570E-03
70 2.000 1 4.000 6.27243 1.749E+12 1.007E+13 1.737E-01 5.158E-03
179 2.000 1 4.000 6.14990 1.460E+12 1.882E+13 7.756E-02 4.138E-03
316 4.000 1 4.000 6.08054 6.990E+11 1.264E+13 5.532E-02 3.875E-03
230 4.000 1 4.000 6.09957 6.885E+11 4.853E+12 1.419E-01 3.840E-03
78 6.000 1 4.000 6.26661 4.317E+11 2.065E+13 2.090E-02 3.813E-03
434 6.000 1 4.000 6.04587 4.400E+11 4.389E+12 1.002E-01 3.618E-03
589 6.000 1 4.000 6.02945 3.477E+11 2.371E+12 1.466E-01 2.843E-03
604 6.000 1 4.000 6.02473 3.353E+11 3.414E+12 9.821E-02 2.738E-03
77 4.000 1 4.000 6.26751 4.353E+11 1.891E+13 2.301E-02 2.563E-03
435 4.000 1 4.000 6.04585 4.395E+11 4.442E+12 9.894E-02 2.408E-03
318 2.000 1 4.000 6.08051 7.640E+11 1.134E+13 6.736E-02 2.117E-03
229 2.000 1 4.000 6.09974 6.940E+11 4.616E+12 1.503E-01 1.936E-03
603 4.000 1 4.000 6.02477 3.473E+11 3.307E+12 1.050E-01 1.890E-03
574 4.000 1 4.000 6.02956 3.425E+11 2.315E+12 1.479E-01 1.867E-03
923 6.000 1 4.000 5.99357 1.947E+11 1.371E+12 1.420E-01 1.573E-03
76 2.000 1 4.000 6.26803 4.169E+11 1.780E+13 2.342E-02 1.228E-03
436 2.000 1 4.000 6.04584 4.422E+11 4.309E+12 1.026E-01 1.212E-03
922 4.000 1 4.000 5.99363 1.962E+11 1.293E+12 1.517E-01 1.057E-03
1245 6.000 1 4.000 5.97267 1.246E+11 8.542E+11 1.458E-01 9.995E-04
602 2.000 1 4.000 6.02478 3.645E+11 2.985E+12 1.221E-01 9.918E-04
314 6.000 1 4.000 6.08109 1.144E+11 1.285E+13 8.905E-03 9.515E-04
1244 4.000 1 4.000 5.97270 1.261E+11 8.023E+11 1.571E-01 6.743E-04
567 2.000 1 4.000 6.02963 2.410E+11 1.498E+12 1.609E-01 6.568E-04
498 6.000 1 4.000 6.03893 7.278E+10 4.018E+12 1.812E-02 5.970E-04
921 2.000 1 4.000 5.99365 1.605E+11 1.734E+12 9.257E-02 4.323E-04
497 4.000 1 4.000 6.03906 7.150E+10 3.726E+12 1.919E-02 3.910E-04
315 4.000 1 4.000 6.08087 6.408E+10 1.255E+13 5.104E-03 3.553E-04
664 6.000 1 4.000 6.02063 4.352E+10 4.472E+12 9.731E-03 3.548E-04
1243 2.000 1 4.000 5.97273 1.290E+11 7.598E+11 1.697E-01 3.448E-04
221 6.000 1 4.000 6.10791 4.023E+10 6.219E+12 6.469E-03 3.375E-04
561 2.000 1 4.000 6.02965 1.042E+11 6.724E+11 1.550E-01 2.840E-04
219 4.000 1 4.000 6.10803 4.063E+10 5.784E+12 7.024E-03 2.272E-04
88 6.000 1 4.000 6.26178 2.018E+10 2.563E+13 7.875E-04 1.780E-04
496 2.000 1 4.000 6.03909 6.480E+10 3.648E+12 1.777E-02 1.771E-04
775 6.000 1 4.000 6.00379 1.927E+10 1.899E+12 1.015E-02 1.561E-04
83 4.000 1 4.000 6.26282 2.471E+10 1.892E+13 1.306E-03 1.453E-04
92 6.000 1 4.000 6.25503 1.322E+10 2.425E+13 5.453E-04 1.164E-04
920 2.000 1 4.000 5.99376 4.274E+10 2.797E+12 1.528E-02 1.151E-04
269 4.000 1 4.000 6.08988 1.981E+10 6.898E+12 2.871E-03 1.101E-04
270 2.000 1 4.000 6.08967 3.917E+10 6.700E+12 5.845E-03 1.089E-04
665 4.000 1 4.000 6.02060 1.939E+10 4.591E+12 4.222E-03 1.054E-04
220 2.000 1 4.000 6.10800 3.353E+10 5.910E+12 5.673E-03 9.378E-05
774 4.000 1 4.000 6.00390 1.733E+10 1.996E+12 8.681E-03 9.363E-05
79 4.000 1 4.000 6.26591 1.452E+10 1.990E+13 7.294E-04 8.545E-05
25 6.000 1 4.000 6.95550 5.643E+09 4.622E+14 1.221E-05 6.140E-05
260 6.000 1 4.000 6.09177 7.060E+09 9.181E+12 7.690E-04 5.893E-05
321 4.000 1 4.000 6.07950 1.056E+10 1.037E+13 1.018E-03 5.850E-05
667 2.000 1 4.000 6.02032 2.008E+10 5.191E+12 3.868E-03 5.455E-05
1005 6.000 1 4.000 5.98316 6.613E+09 1.194E+12 5.537E-03 5.325E-05
666 4.000 1 4.000 6.02046 8.750E+09 5.003E+12 1.749E-03 4.755E-05
973 6.000 1 4.000 5.98528 5.865E+09 2.018E+12 2.907E-03 4.725E-05
773 2.000 1 4.000 6.00394 1.651E+10 1.805E+12 9.145E-03 4.460E-05
89 4.000 1 4.000 6.26178 6.173E+09 2.652E+13 2.327E-04 3.628E-05
81 4.000 1 4.000 6.26455 5.606E+09 2.550E+13 2.199E-04 3.298E-05
80 6.000 1 4.000 6.26588 3.527E+09 1.960E+13 1.799E-04 3.115E-05
1004 4.000 1 4.000 5.98326 5.328E+09 1.271E+12 4.192E-03 2.860E-05
542 6.000 1 4.000 6.02979 3.483E+09 3.063E+10 1.137E-01 2.848E-05
661 4.000 1 4.000 6.02169 5.005E+09 4.342E+12 1.153E-03 2.723E-05
1321 6.000 1 4.000 5.96455 3.378E+09 5.174E+12 6.530E-04 2.703E-05
32 6.000 1 4.000 6.33095 2.920E+09 9.462E+12 3.086E-04 2.631E-05
271 4.000 1 4.000 6.08940 4.388E+09 9.351E+12 4.692E-04 2.440E-05
266 6.000 1 4.000 6.08996 2.837E+09 6.482E+12 4.376E-04 2.367E-05
82 2.000 1 4.000 6.26450 7.894E+09 3.479E+13 2.269E-04 2.323E-05
616 4.000 1 4.000 6.02191 4.083E+09 1.919E+12 2.127E-03 2.220E-05
259 4.000 1 4.000 6.09177 3.748E+09 9.374E+12 3.998E-04 2.085E-05
232 4.000 1 4.000 6.09643 3.604E+09 1.956E+13 1.843E-04 2.009E-05
543 4.000 1 4.000 6.02976 3.165E+09 2.719E+10 1.164E-01 1.725E-05
26 4.000 1 4.000 6.94647 2.184E+09 3.388E+14 6.445E-06 1.580E-05
1003 2.000 1 4.000 5.98332 5.825E+09 1.179E+12 4.940E-03 1.563E-05
273 6.000 1 4.000 6.08832 1.800E+09 7.279E+12 2.473E-04 1.501E-05
256 4.000 1 4.000 6.09218 2.487E+09 3.952E+12 6.291E-04 1.384E-05
968 4.000 1 4.000 5.98578 2.370E+09 2.104E+12 1.127E-03 1.273E-05
662 6.000 1 4.000 6.02169 1.540E+09 4.360E+12 3.532E-04 1.256E-05
552 2.000 1 4.000 6.02969 3.880E+09 3.965E+10 9.784E-02 1.057E-05
31 4.000 1 4.000 6.33116 1.717E+09 9.497E+12 1.808E-04 1.032E-05
919 4.000 1 4.000 5.99420 1.776E+09 3.094E+12 5.739E-04 9.568E-06
977 6.000 1 4.000 5.98482 1.152E+09 3.297E+12 3.494E-04 9.280E-06
95 4.000 1 4.000 6.25372 1.551E+09 2.493E+13 6.223E-05 9.096E-06
772 4.000 1 4.000 6.00414 1.653E+09 1.710E+12 9.664E-04 8.933E-06
93 4.000 1 4.000 6.25438 1.521E+09 2.404E+13 6.328E-05 8.923E-06
175 6.000 1 4.000 6.15589 9.963E+08 3.594E+12 2.772E-04 8.490E-06
591 4.000 1 4.000 6.02774 1.496E+09 1.076E+13 1.390E-04 8.146E-06
1318 4.000 1 4.000 5.96485 1.513E+09 2.540E+12 5.955E-04 8.068E-06
1002 4.000 1 4.000 5.98341 1.461E+09 1.517E+12 9.631E-04 7.843E-06
563 4.000 1 4.000 6.02964 1.392E+09 1.568E+10 8.878E-02 7.585E-06
1324 6.000 1 4.000 5.96417 9.313E+08 3.765E+12 2.474E-04 7.450E-06
291 6.000 1 4.000 6.08784 8.937E+08 1.530E+12 5.840E-04 7.448E-06
86 2.000 1 4.000 6.26188 2.525E+09 2.655E+13 9.508E-05 7.420E-06
91 4.000 1 4.000 6.25529 1.209E+09 2.986E+13 4.050E-05 7.095E-06
967 6.000 1 4.000 5.98579 8.783E+08 2.297E+12 3.823E-04 7.078E-06
101 6.000 1 4.000 6.24020 8.032E+08 4.849E+13 1.656E-05 7.035E-06
297 4.000 1 4.000 6.08774 1.226E+09 1.240E+11 9.888E-03 6.813E-06
75 8.000 1 4.000 6.27178 5.376E+08 6.223E+11 8.640E-04 6.340E-06
974 4.000 1 4.000 5.98527 1.138E+09 2.270E+12 5.014E-04 6.113E-06
671 6.000 1 4.000 6.01988 7.497E+08 6.430E+12 1.166E-04 6.110E-06
123 6.000 1 4.000 6.22860 6.953E+08 3.581E+13 1.942E-05 6.065E-06
322 2.000 1 4.000 6.07886 2.167E+09 1.075E+13 2.015E-04 6.003E-06
298 2.000 1 4.000 6.08769 2.050E+09 4.847E+10 4.228E-02 5.695E-06
51 4.000 1 4.000 6.28498 9.515E+08 1.206E+13 7.890E-05 5.635E-06
24 4.000 1 4.000 6.95590 7.360E+08 4.617E+14 1.594E-06 5.339E-06
52 6.000 1 4.000 6.28472 5.892E+08 1.264E+13 4.660E-05 5.233E-06
99 2.000 1 4.000 6.24264 1.788E+09 1.439E+13 1.242E-04 5.223E-06
293 6.000 1 4.000 6.08781 6.267E+08 1.502E+11 4.173E-03 5.223E-06
68 6.000 1 4.000 6.27745 5.787E+08 3.597E+13 1.609E-05 5.128E-06
94 6.000 1 4.000 6.25384 5.717E+08 2.559E+13 2.234E-05 5.028E-06
663 2.000 1 4.000 6.02081 1.760E+09 3.668E+12 4.798E-04 4.783E-06
74 6.000 1 4.000 6.27184 5.370E+08 6.236E+11 8.612E-04 4.750E-06
233 2.000 1 4.000 6.09635 1.697E+09 1.941E+13 8.743E-05 4.726E-06
630 2.000 1 4.000 6.02175 1.572E+09 4.574E+12 3.435E-04 4.273E-06
924 4.000 1 4.000 5.99224 7.919E+08 7.617E+12 1.040E-04 4.265E-06
306 6.000 1 4.000 6.08404 4.573E+08 1.748E+12 2.617E-04 3.808E-06
405 6.000 1 4.000 6.06319 4.325E+08 1.065E+13 4.059E-05 3.575E-06
188 8.000 1 4.000 6.13465 2.960E+08 5.113E+11 5.789E-04 3.340E-06
174 4.000 1 4.000 6.15596 5.858E+08 3.607E+12 1.624E-04 3.328E-06
27 2.000 1 4.000 6.94445 9.116E+08 3.353E+14 2.719E-06 3.295E-06
136 8.000 1 4.000 6.22298 2.784E+08 2.430E+12 1.146E-04 3.232E-06
73 4.000 1 4.000 6.27186 5.370E+08 6.209E+11 8.649E-04 3.168E-06
267 2.000 1 4.000 6.08996 1.139E+09 8.021E+12 1.419E-04 3.165E-06
541 2.000 1 4.000 6.02980 1.125E+09 9.443E+09 1.191E-01 3.065E-06
96 2.000 1 4.000 6.25337 1.007E+09 2.664E+13 3.781E-05 2.953E-06
424 6.000 1 4.000 6.04726 3.553E+08 9.802E+11 3.625E-04 2.921E-06
294 6.000 1 4.000 6.08779 3.500E+08 9.325E+11 3.753E-04 2.918E-06
272 4.000 1 4.000 6.08840 5.170E+08 9.536E+12 5.422E-05 2.873E-06
1319 4.000 1 4.000 5.96458 5.373E+08 6.041E+12 8.894E-05 2.865E-06
538 4.000 1 4.000 6.02985 5.213E+08 7.770E+09 6.708E-02 2.843E-06
313 2.000 1 4.000 6.08278 1.023E+09 1.385E+13 7.384E-05 2.838E-06
222 4.000 1 4.000 6.10417 4.863E+08 1.473E+13 3.301E-05 2.718E-06
963 4.000 1 4.000 5.98594 5.023E+08 1.175E+12 4.273E-04 2.698E-06
495 4.000 1 4.000 6.03992 4.828E+08 3.066E+12 1.574E-04 2.640E-06
704 6.000 1 4.000 6.01289 3.228E+08 4.402E+12 7.334E-05 2.625E-06
301 6.000 1 4.000 6.08767 3.142E+08 5.654E+11 5.556E-04 2.618E-06
258 2.000 1 4.000 6.09183 9.360E+08 9.600E+12 9.750E-05 2.603E-06
187 6.000 1 4.000 6.13467 2.962E+08 5.060E+11 5.853E-04 2.508E-06
135 6.000 1 4.000 6.22319 2.778E+08 2.194E+12 1.266E-04 2.420E-06
310 8.000 1 4.000 6.08390 2.026E+08 1.224E+12 1.655E-04 2.249E-06
131 4.000 1 4.000 6.22426 3.790E+08 2.845E+13 1.332E-05 2.200E-06
302 4.000 1 4.000 6.08766 3.918E+08 8.375E+11 4.678E-04 2.177E-06
90 2.000 1 4.000 6.25600 7.406E+08 2.851E+13 2.598E-05 2.173E-06
1317 6.000 1 4.000 5.96487 2.705E+08 3.028E+12 8.933E-05 2.164E-06
917 6.000 1 4.000 5.99435 2.527E+08 5.151E+12 4.905E-05 2.042E-06
406 4.000 1 4.000 6.06212 3.680E+08 8.341E+12 4.412E-05 2.027E-06
918 2.000 1 4.000 5.99425 6.781E+08 3.281E+12 2.067E-04 1.826E-06
610 8.000 1 4.000 6.02269 1.661E+08 1.951E+11 8.514E-04 1.807E-06
105 4.000 1 4.000 6.23703 3.012E+08 3.121E+13 9.650E-06 1.756E-06
1256 4.000 1 4.000 5.97177 3.165E+08 2.785E+12 1.136E-04 1.692E-06
186 4.000 1 4.000 6.13468 2.965E+08 4.972E+11 5.964E-04 1.673E-06
309 6.000 1 4.000 6.08396 1.982E+08 1.141E+12 1.737E-04 1.650E-06
65 4.000 1 4.000 6.28026 2.773E+08 1.201E+13 2.309E-05 1.640E-06
134 4.000 1 4.000 6.22341 2.808E+08 2.033E+12 1.381E-04 1.630E-06
28 2.000 1 4.000 6.91857 4.470E+08 3.909E+14 1.144E-06 1.604E-06
72 2.000 1 4.000 6.27187 5.375E+08 6.098E+11 8.814E-04 1.585E-06
311 6.000 1 4.000 6.08309 1.885E+08 1.121E+13 1.681E-05 1.569E-06
592 2.000 1 4.000 6.02765 5.673E+08 1.104E+13 5.140E-05 1.546E-06
304 4.000 1 4.000 6.08408 2.688E+08 1.754E+12 1.533E-04 1.492E-06
450 6.000 1 4.000 6.04132 1.790E+08 2.666E+12 6.714E-05 1.470E-06
50 2.000 1 4.000 6.28511 4.910E+08 1.162E+13 4.226E-05 1.454E-06
966 2.000 1 4.000 5.98585 5.175E+08 2.373E+12 2.180E-04 1.389E-06
686 2.000 1 4.000 6.01689 5.085E+08 9.717E+12 5.233E-05 1.381E-06
611 6.000 1 4.000 6.02267 1.672E+08 1.866E+11 8.959E-04 1.364E-06
1322 4.000 1 4.000 5.96444 2.472E+08 3.287E+12 7.521E-05 1.319E-06
975 4.000 1 4.000 5.98509 2.445E+08 2.400E+12 1.018E-04 1.313E-06
445 8.000 1 4.000 6.04172 1.140E+08 1.573E+11 7.244E-04 1.247E-06
1314 4.000 1 4.000 5.96499 2.266E+08 1.374E+12 1.649E-04 1.209E-06
599 6.000 1 4.000 6.02586 1.463E+08 6.036E+11 2.424E-04 1.195E-06
983 6.000 1 4.000 5.98398 1.436E+08 1.094E+12 1.313E-04 1.157E-06
423 4.000 1 4.000 6.04728 2.094E+08 9.834E+11 2.130E-04 1.148E-06
307 4.000 1 4.000 6.08403 1.948E+08 1.062E+12 1.835E-04 1.081E-06
449 4.000 1 4.000 6.04141 1.885E+08 2.528E+12 7.456E-05 1.031E-06
925 2.000 1 4.000 5.99205 3.604E+08 8.235E+12 4.376E-05 9.698E-07
1248 4.000 1 4.000 5.97187 1.763E+08 1.496E+12 1.179E-04 9.429E-07
444 6.000 1 4.000 6.04172 1.138E+08 1.576E+11 7.220E-04 9.343E-07
612 4.000 1 4.000 6.02265 1.686E+08 1.817E+11 9.280E-04 9.168E-07
1419 6.000 1 4.000 5.95902 1.129E+08 2.915E+12 3.873E-05 9.015E-07
351 8.000 1 4.000 6.07254 8.134E+07 8.081E+11 1.007E-04 8.993E-07
1316 2.000 1 4.000 5.96493 3.368E+08 2.239E+12 1.504E-04 8.983E-07
279 6.000 1 4.000 6.08802 1.066E+08 9.783E+11 1.090E-04 8.888E-07
100 4.000 1 4.000 6.24036 1.510E+08 4.701E+13 3.211E-06 8.813E-07
206 4.000 1 4.000 6.11224 1.541E+08 5.038E+12 3.059E-05 8.633E-07
1326 2.000 1 4.000 5.96297 3.185E+08 3.593E+12 8.863E-05 8.490E-07
185 2.000 1 4.000 6.13468 2.967E+08 5.035E+11 5.893E-04 8.370E-07
132 2.000 1 4.000 6.22357 2.842E+08 1.959E+12 1.450E-04 8.250E-07
1228 6.000 1 4.000 5.97734 9.592E+07 3.444E+12 2.785E-05 7.708E-07
98 6.000 1 4.000 6.25124 8.610E+07 2.776E+13 3.102E-06 7.568E-07
214 4.000 1 4.000 6.10974 1.343E+08 5.643E+12 2.380E-05 7.515E-07
916 4.000 1 4.000 5.99441 1.369E+08 5.099E+12 2.685E-05 7.375E-07
216 6.000 1 4.000 6.10969 8.697E+07 1.274E+13 6.828E-06 7.300E-07
499 4.000 1 4.000 6.03721 1.268E+08 8.037E+12 1.577E-05 6.928E-07
670 4.000 1 4.000 6.01989 1.255E+08 5.788E+12 2.169E-05 6.819E-07
1507 6.000 1 4.000 5.93843 8.537E+07 1.834E+12 4.655E-05 6.770E-07
295 4.000 1 4.000 6.08779 1.182E+08 2.169E+10 5.450E-03 6.568E-07
343 8.000 1 4.000 6.07505 5.856E+07 1.381E+11 4.241E-04 6.480E-07
342 6.000 1 4.000 6.07523 7.520E+07 2.073E+11 3.628E-04 6.243E-07
446 4.000 1 4.000 6.04172 1.139E+08 1.575E+11 7.230E-04 6.230E-07
971 2.000 1 4.000 5.98532 2.257E+08 1.682E+12 1.341E-04 6.060E-07
1257 2.000 1 4.000 5.97174 2.248E+08 4.046E+12 5.556E-05 6.009E-07
358 6.000 1 4.000 6.07235 7.013E+07 8.792E+11 7.977E-05 5.815E-07
540 6.000 1 4.000 6.02982 6.983E+07 1.870E+09 3.733E-02 5.710E-07
929 8.000 1 4.000 5.98956 5.301E+07 4.349E+11 1.219E-04 5.702E-07
118 8.000 1 4.000 6.23194 4.876E+07 2.250E+11 2.167E-04 5.680E-07
762 6.000 1 4.000 6.00508 6.770E+07 1.474E+12 4.593E-05 5.490E-07
305 2.000 1 4.000 6.08407 1.929E+08 9.912E+11 1.946E-04 5.353E-07
1422 4.000 1 4.000 5.95870 9.836E+07 2.415E+12 4.072E-05 5.235E-07
706 4.000 1 4.000 6.01228 9.381E+07 3.504E+12 2.677E-05 5.084E-07
407 2.000 1 4.000 6.06198 1.841E+08 9.216E+12 1.998E-05 5.071E-07
980 4.000 1 4.000 5.98404 8.900E+07 1.040E+12 8.556E-05 4.778E-07
207 6.000 1 4.000 6.11211 5.545E+07 5.313E+12 1.044E-05 4.658E-07
598 4.000 1 4.000 6.02587 8.507E+07 6.057E+11 1.404E-04 4.631E-07
613 2.000 1 4.000 6.02263 1.698E+08 1.789E+11 9.490E-04 4.618E-07
56 6.000 1 4.000 6.28289 5.150E+07 2.835E+13 1.816E-06 4.573E-07
928 6.000 1 4.000 5.98958 5.332E+07 4.017E+11 1.327E-04 4.300E-07
492 6.000 1 4.000 6.04020 5.238E+07 6.039E+12 8.675E-06 4.298E-07
117 6.000 1 4.000 6.23201 4.825E+07 2.096E+11 2.302E-04 4.215E-07
705 4.000 1 4.000 6.01281 7.753E+07 4.376E+12 1.772E-05 4.203E-07
341 4.000 1 4.000 6.07525 7.228E+07 5.537E+11 1.305E-04 4.000E-07
133 2.000 1 4.000 6.22344 1.361E+08 3.131E+13 4.346E-06 3.949E-07
761 4.000 1 4.000 6.00515 7.075E+07 1.453E+12 4.869E-05 3.825E-07
1281 8.000 1 4.000 5.97022 3.420E+07 2.821E+11 1.212E-04 3.655E-07
1508 4.000 1 4.000 5.93825 6.790E+07 1.484E+12 4.577E-05 3.590E-07
363 4.000 1 4.000 6.07216 6.108E+07 9.505E+11 6.425E-05 3.375E-07
286 4.000 1 4.000 6.08788 5.763E+07 3.721E+11 1.549E-04 3.203E-07
447 2.000 1 4.000 6.04171 1.140E+08 1.679E+11 6.787E-04 3.118E-07
210 6.000 1 4.000 6.11165 3.552E+07 1.050E+13 3.381E-06 2.983E-07
404 4.000 1 4.000 6.06330 5.365E+07 1.098E+13 4.887E-06 2.958E-07
553 4.000 1 4.000 6.02967 5.335E+07 1.636E+09 3.261E-02 2.908E-07
927 4.000 1 4.000 5.98961 5.373E+07 3.679E+11 1.460E-04 2.890E-07
1280 6.000 1 4.000 5.97024 3.427E+07 2.584E+11 1.326E-04 2.748E-07
408 2.000 1 4.000 6.06106 9.941E+07 1.133E+13 8.774E-06 2.738E-07
205 2.000 1 4.000 6.11230 9.605E+07 4.830E+12 1.989E-05 2.690E-07
340 2.000 1 4.000 6.07529 9.290E+07 7.173E+11 1.295E-04 2.570E-07
115 4.000 1 4.000 6.23207 4.325E+07 2.156E+11 2.006E-04 2.520E-07
122 4.000 1 4.000 6.22877 4.290E+07 3.581E+13 1.198E-06 2.495E-07
448 2.000 1 4.000 6.04144 8.515E+07 2.409E+12 3.535E-05 2.329E-07
707 2.000 1 4.000 6.01191 8.200E+07 4.434E+12 1.849E-05 2.221E-07
1427 6.000 1 4.000 5.95683 2.710E+07 1.814E+12 1.494E-05 2.163E-07
66 2.000 1 4.000 6.27980 7.257E+07 1.287E+13 5.639E-06 2.146E-07
292 2.000 1 4.000 6.08783 7.560E+07 4.797E+10 1.576E-03 2.100E-07
769 6.000 1 4.000 6.00447 2.452E+07 3.338E+12 7.344E-06 1.988E-07
1320 2.000 1 4.000 5.96456 7.340E+07 2.970E+12 2.472E-05 1.958E-07
1007 4.000 1 4.000 5.98235 3.460E+07 3.186E+12 1.086E-05 1.856E-07
1279 4.000 1 4.000 5.97025 3.443E+07 2.372E+11 1.451E-04 1.840E-07
1001 2.000 1 4.000 5.98347 6.736E+07 1.942E+12 3.469E-05 1.807E-07
786 4.000 1 4.000 6.00259 3.235E+07 4.697E+12 6.887E-06 1.747E-07
137 2.000 1 4.000 6.21730 5.471E+07 4.698E+13 1.165E-06 1.585E-07
1230 4.000 1 4.000 5.97715 2.901E+07 1.534E+12 1.891E-05 1.554E-07
374 2.000 1 4.000 6.07203 5.600E+07 9.847E+11 5.687E-05 1.548E-07
926 2.000 1 4.000 5.98962 5.405E+07 3.506E+11 1.541E-04 1.454E-07
1231 2.000 1 4.000 5.97698 4.536E+07 1.910E+12 2.375E-05 1.215E-07
116 2.000 1 4.000 6.23206 4.014E+07 2.066E+11 1.942E-04 1.169E-07
1251 2.000 1 4.000 5.97186 4.275E+07 6.997E+11 6.111E-05 1.143E-07
1509 2.000 1 4.000 5.93822 3.880E+07 1.626E+12 2.386E-05 1.026E-07
1423 2.000 1 4.000 5.95866 3.784E+07 2.636E+12 1.436E-05 1.007E-07
764 6.000 1 4.000 6.00502 1.172E+07 2.879E+12 4.069E-06 9.500E-08
453 6.000 1 4.000 6.04116 1.140E+07 5.015E+12 2.273E-06 9.355E-08
1229 4.000 1 4.000 5.97728 1.737E+07 3.404E+12 5.104E-06 9.305E-08
1278 2.000 1 4.000 5.97026 3.458E+07 2.235E+11 1.547E-04 9.240E-08
979 2.000 1 4.000 5.98406 3.339E+07 1.030E+12 3.241E-05 8.963E-08
54 4.000 1 4.000 6.28305 1.490E+07 2.863E+13 5.205E-07 8.820E-08
759 2.000 1 4.000 6.00518 3.248E+07 1.387E+12 2.341E-05 8.780E-08
1006 2.000 1 4.000 5.98261 3.169E+07 7.331E+12 4.323E-06 8.503E-08
1510 2.000 1 4.000 5.93809 3.172E+07 1.602E+12 1.981E-05 8.385E-08
274 6.000 1 4.000 6.08821 9.543E+06 5.255E+10 1.816E-04 7.955E-08
993 6.000 1 4.000 5.98363 9.652E+06 2.176E+12 4.435E-06 7.773E-08
1418 4.000 1 4.000 5.95905 1.303E+07 3.029E+12 4.300E-06 6.935E-08
33 8.000 1 4.000 6.33064 5.491E+06 9.386E+12 5.851E-07 6.600E-08
339 4.000 1 4.000 6.07540 1.164E+07 9.028E+11 1.289E-05 6.443E-08
350 8.000 1 4.000 6.07326 5.329E+06 5.431E+11 9.812E-06 5.892E-08
217 2.000 1 4.000 6.10967 2.050E+07 6.097E+12 3.363E-06 5.739E-08
1506 4.000 1 4.000 5.93845 1.076E+07 1.871E+12 5.748E-06 5.688E-08
223 6.000 1 4.000 6.10416 6.408E+06 1.412E+13 4.539E-07 5.370E-08
1424 2.000 1 4.000 5.95825 1.996E+07 4.185E+12 4.768E-06 5.310E-08
1255 4.000 1 4.000 5.97183 9.721E+06 3.490E+10 2.786E-04 5.197E-08
549 6.000 1 4.000 6.02970 6.342E+06 7.331E+08 8.651E-03 5.185E-08
771 2.000 1 4.000 6.00422 1.876E+07 1.692E+12 1.109E-05 5.072E-08
209 4.000 1 4.000 6.11172 8.588E+06 1.071E+13 8.021E-07 4.810E-08
787 6.000 1 4.000 6.00250 5.925E+06 5.316E+12 1.115E-06 4.800E-08
500 6.000 1 4.000 6.03715 5.560E+06 8.418E+12 6.605E-07 4.558E-08
104 2.000 1 4.000 6.23706 1.545E+07 2.737E+13 5.642E-07 4.504E-08
1428 4.000 1 4.000 5.95679 8.460E+06 1.809E+12 4.676E-06 4.500E-08
1008 6.000 1 4.000 5.98222 5.498E+06 3.495E+12 1.573E-06 4.425E-08
976 2.000 1 4.000 5.98507 1.645E+07 2.226E+12 7.388E-06 4.416E-08
336 8.000 1 4.000 6.07551 3.491E+06 8.687E+11 4.019E-06 3.865E-08
1429 4.000 1 4.000 5.95658 7.156E+06 1.353E+12 5.290E-06 3.807E-08
346 6.000 1 4.000 6.07487 4.300E+06 1.498E+11 2.871E-05 3.568E-08
345 4.000 1 4.000 6.07494 6.035E+06 5.927E+11 1.018E-05 3.340E-08
698 8.000 1 4.000 6.01328 2.886E+06 3.224E+11 8.951E-06 3.130E-08
533 6.000 1 4.000 6.02991 3.753E+06 1.017E+09 3.692E-03 3.070E-08
517 8.000 1 4.000 6.03277 2.772E+06 1.063E+11 2.607E-05 3.025E-08
624 8.000 1 4.000 6.02182 2.678E+06 6.586E+11 4.066E-06 2.910E-08
176 8.000 1 4.000 6.15577 2.170E+06 3.568E+12 6.082E-07 2.465E-08
1254 6.000 1 4.000 5.97184 2.990E+06 5.921E+09 5.050E-04 2.398E-08
838 6.000 1 4.000 5.99869 2.857E+06 3.381E+08 8.449E-03 2.311E-08
516 6.000 1 4.000 6.03285 2.818E+06 9.119E+10 3.091E-05 2.306E-08
418 4.000 1 4.000 6.06019 4.033E+06 9.468E+10 4.259E-05 2.220E-08
617 6.000 1 4.000 6.02191 2.687E+06 5.730E+11 4.688E-06 2.191E-08
337 2.000 1 4.000 6.07548 6.800E+06 5.503E+12 1.236E-06 1.882E-08
153 4.000 1 4.000 6.20910 3.108E+06 1.675E+12 1.856E-06 1.797E-08
141 8.000 1 4.000 6.21392 1.550E+06 1.813E+12 8.548E-07 1.794E-08
451 4.000 1 4.000 6.04120 3.075E+06 5.124E+12 6.002E-07 1.682E-08
335 4.000 1 4.000 6.07553 2.895E+06 5.475E+12 5.288E-07 1.602E-08
1430 2.000 1 4.000 5.95641 5.765E+06 1.880E+12 3.066E-06 1.534E-08
347 4.000 1 4.000 6.07485 2.620E+06 5.044E+11 5.194E-06 1.450E-08
763 4.000 1 4.000 6.00505 2.675E+06 2.894E+12 9.245E-07 1.446E-08
152 6.000 1 4.000 6.20928 1.661E+06 1.473E+12 1.128E-06 1.440E-08
615 4.000 1 4.000 6.02199 2.638E+06 5.274E+11 5.001E-06 1.434E-08
783 4.000 1 4.000 6.00270 2.505E+06 2.324E+11 1.078E-05 1.353E-08
348 6.000 1 4.000 6.07403 1.596E+06 3.870E+11 4.123E-06 1.324E-08
515 4.000 1 4.000 6.03291 2.386E+06 8.777E+10 2.719E-05 1.302E-08
349 6.000 1 4.000 6.07342 1.452E+06 4.778E+11 3.039E-06 1.205E-08
154 2.000 1 4.000 6.20892 4.162E+06 1.776E+12 2.344E-06 1.203E-08
308 8.000 1 4.000 6.08399 1.082E+06 1.735E+12 6.238E-07 1.202E-08
991 6.000 1 4.000 5.98380 1.287E+06 2.331E+10 5.519E-05 1.036E-08
628 4.000 1 4.000 6.02181 1.814E+06 8.357E+08 2.171E-03 9.863E-09
982 6.000 1 4.000 5.98398 1.223E+06 1.750E+12 6.989E-07 9.848E-09
812 8.000 1 4.000 6.00034 8.639E+05 6.621E+10 1.305E-05 9.325E-09
143 6.000 1 4.000 6.21344 1.037E+06 1.768E+12 5.866E-07 9.003E-09
119 4.000 1 4.000 6.23073 1.518E+06 7.294E+11 2.081E-06 8.833E-09
202 8.000 1 4.000 6.12357 7.770E+05 5.719E+12 1.359E-07 8.737E-09
344 2.000 1 4.000 6.07505 3.144E+06 4.265E+11 7.370E-06 8.698E-09
40 8.000 1 4.000 6.31576 6.485E+05 1.557E+13 4.164E-08 7.758E-09
535 4.000 1 4.000 6.02989 1.402E+06 9.965E+08 1.407E-03 7.643E-09
627 6.000 1 4.000 6.02181 9.027E+05 1.522E+09 5.932E-04 7.363E-09
414 6.000 1 4.000 6.06028 8.907E+05 4.703E+10 1.894E-05 7.358E-09
694 6.000 1 4.000 6.01380 8.972E+05 8.694E+10 1.032E-05 7.298E-09
811 6.000 1 4.000 6.00042 8.893E+05 5.508E+10 1.615E-05 7.203E-09
614 2.000 1 4.000 6.02204 2.570E+06 4.940E+11 5.201E-06 6.985E-09
425 8.000 1 4.000 6.04723 6.176E+05 9.734E+11 6.345E-07 6.772E-09
250 8.000 1 4.000 6.09422 5.831E+05 1.562E+11 3.734E-06 6.495E-09
201 6.000 1 4.000 6.12371 7.498E+05 5.724E+12 1.310E-07 6.325E-09
416 6.000 1 4.000 6.06027 7.607E+05 4.322E+10 1.760E-05 6.283E-09
249 6.000 1 4.000 6.09427 7.377E+05 1.380E+11 5.346E-06 6.160E-09
146 6.000 1 4.000 6.21193 7.013E+05 8.102E+11 8.657E-07 6.088E-09
129 8.000 1 4.000 6.22613 5.198E+05 6.250E+11 8.316E-07 6.040E-09
837 6.000 1 4.000 5.99870 7.438E+05 1.052E+09 7.067E-04 6.020E-09
1039 8.000 1 4.000 5.98098 5.380E+05 1.954E+11 2.753E-06 5.773E-09
39 6.000 1 4.000 6.31591 6.318E+05 1.558E+13 4.054E-08 5.668E-09
1226 6.000 1 4.000 5.97790 6.995E+05 3.159E+12 2.214E-07 5.620E-09
296 2.000 1 4.000 6.08776 2.009E+06 3.944E+10 5.094E-05 5.580E-09
151 8.000 1 4.000 6.20929 4.811E+05 1.235E+12 3.895E-07 5.563E-09
514 2.000 1 4.000 6.03293 2.016E+06 9.585E+10 2.103E-05 5.500E-09
699 6.000 1 4.000 6.01326 6.702E+05 4.016E+11 1.669E-06 5.450E-09
1032 8.000 1 4.000 5.98114 4.632E+05 1.900E+11 2.438E-06 4.970E-09
149 8.000 1 4.000 6.21023 4.061E+05 1.214E+12 3.347E-07 4.698E-09
569 6.000 1 4.000 6.02962 5.702E+05 1.760E+09 3.240E-04 4.663E-09
120 2.000 1 4.000 6.23016 1.574E+06 7.505E+11 2.097E-06 4.580E-09
697 6.000 1 4.000 6.01342 5.553E+05 2.398E+11 2.316E-06 4.518E-09
600 8.000 1 4.000 6.02584 3.865E+05 6.000E+11 6.442E-07 4.207E-09
1342 8.000 1 4.000 5.96188 3.881E+05 1.874E+12 2.071E-07 4.137E-09
840 4.000 1 4.000 5.99867 7.585E+05 4.099E+08 1.850E-03 4.093E-09
200 4.000 1 4.000 6.12376 7.268E+05 5.718E+12 1.271E-07 4.085E-09
468 6.000 1 4.000 6.04066 4.920E+05 5.091E+10 9.665E-06 4.038E-09
810 4.000 1 4.000 6.00047 7.433E+05 5.322E+10 1.397E-05 4.013E-09
128 6.000 1 4.000 6.22634 4.550E+05 6.266E+11 7.261E-07 3.968E-09
106 8.000 1 4.000 6.23686 3.360E+05 5.240E+11 6.412E-07 3.920E-09
103 6.000 1 4.000 6.23713 4.425E+05 4.789E+11 9.239E-07 3.873E-09
619 4.000 1 4.000 6.02189 6.915E+05 8.956E+07 7.721E-03 3.760E-09
37 4.000 1 4.000 6.31595 6.245E+05 1.557E+13 4.012E-08 3.735E-09
703 8.000 1 4.000 6.01290 3.240E+05 3.432E+11 9.441E-07 3.513E-09
139 6.000 1 4.000 6.21426 3.962E+05 2.001E+12 1.980E-07 3.440E-09
417 2.000 1 4.000 6.06020 1.207E+06 1.466E+11 8.235E-06 3.323E-09
1025 6.000 1 4.000 5.98125 4.013E+05 2.310E+11 1.737E-06 3.230E-09
248 4.000 1 4.000 6.09432 5.755E+05 1.598E+11 3.602E-06 3.205E-09
1338 8.000 1 4.000 5.96205 2.895E+05 4.536E+12 6.382E-08 3.085E-09
142 4.000 1 4.000 6.21352 5.258E+05 1.660E+12 3.168E-07 3.045E-09
145 4.000 1 4.000 6.21270 4.933E+05 2.088E+11 2.362E-06 2.855E-09
338 6.000 1 4.000 6.07542 3.278E+05 8.520E+11 3.848E-07 2.723E-09
1036 8.000 1 4.000 5.98106 2.522E+05 9.457E+10 2.667E-06 2.705E-09
415 4.000 1 4.000 6.06028 4.730E+05 5.867E+10 8.062E-06 2.605E-09
689 6.000 1 4.000 6.01409 3.073E+05 4.428E+11 6.941E-07 2.500E-09
1127 2.000 1 4.000 5.97993 9.240E+05 2.661E+08 3.473E-03 2.477E-09
692 4.000 1 4.000 6.01388 4.563E+05 7.986E+10 5.713E-06 2.474E-09
1060 6.000 1 4.000 5.98015 2.885E+05 1.395E+09 2.069E-04 2.320E-09
281 4.000 1 4.000 6.08800 4.098E+05 5.147E+10 7.961E-06 2.277E-09
1339 6.000 1 4.000 5.96203 2.758E+05 2.056E+12 1.341E-07 2.205E-09
394 6.000 1 4.000 6.06784 2.660E+05 4.719E+09 5.637E-05 2.203E-09
1016 6.000 1 4.000 5.98148 2.675E+05 4.828E+10 5.540E-06 2.153E-09
1012 8.000 1 4.000 5.98176 1.996E+05 1.007E+11 1.982E-06 2.142E-09
1125 4.000 1 4.000 5.97996 3.968E+05 4.045E+08 9.808E-04 2.127E-09
130 4.000 1 4.000 6.22497 3.478E+05 2.634E+11 1.320E-06 2.021E-09
199 2.000 1 4.000 6.12376 7.130E+05 5.730E+12 1.244E-07 2.005E-09
38 2.000 1 4.000 6.31595 6.225E+05 1.561E+13 3.989E-08 1.862E-09
1323 2.000 1 4.000 5.96437 6.892E+05 5.941E+12 1.160E-07 1.838E-09
166 8.000 1 4.000 6.18315 1.494E+05 2.808E+12 5.319E-08 1.713E-09
981 4.000 1 4.000 5.98400 3.175E+05 1.779E+12 1.784E-07 1.705E-09
690 4.000 1 4.000 6.01408 2.955E+05 4.446E+11 6.647E-07 1.603E-09
1335 6.000 1 4.000 5.96220 1.985E+05 2.248E+12 8.828E-08 1.587E-09
102 4.000 1 4.000 6.23731 2.678E+05 4.444E+11 6.025E-07 1.561E-09
121 6.000 1 4.000 6.22923 1.775E+05 1.156E+12 1.536E-07 1.549E-09
679 6.000 1 4.000 6.01838 1.880E+05 2.079E+10 9.045E-06 1.531E-09
835 4.000 1 4.000 5.99873 2.730E+05 9.178E+08 2.975E-04 1.473E-09
1035 6.000 1 4.000 5.98112 1.792E+05 1.477E+11 1.213E-06 1.442E-09
147 4.000 1 4.000 6.21155 2.367E+05 1.773E+12 1.335E-07 1.369E-09
700 4.000 1 4.000 6.01309 2.420E+05 4.763E+11 5.080E-07 1.312E-09
1015 4.000 1 4.000 5.98150 2.426E+05 5.062E+10 4.793E-06 1.301E-09
1253 6.000 1 4.000 5.97185 1.618E+05 1.103E+10 1.467E-05 1.298E-09
397 8.000 1 4.000 6.06596 1.154E+05 1.596E+12 7.227E-08 1.273E-09
1179 6.000 1 4.000 5.97956 1.580E+05 2.674E+09 5.909E-05 1.271E-09
421 8.000 1 4.000 6.04749 1.151E+05 1.443E+12 7.976E-08 1.262E-09
430 8.000 1 4.000 6.04677 1.096E+05 2.729E+12 4.018E-08 1.202E-09
693 4.000 1 4.000 6.01381 2.082E+05 2.615E+11 7.963E-07 1.129E-09
157 2.000 1 4.000 6.20412 3.828E+05 5.242E+11 7.302E-07 1.105E-09
955 8.000 1 4.000 5.98708 1.012E+05 7.637E+11 1.325E-07 1.088E-09
168 6.000 1 4.000 6.18125 1.244E+05 1.954E+12 6.363E-08 1.069E-09
158 4.000 1 4.000 6.20263 1.815E+05 6.003E+11 3.024E-07 1.047E-09
247 2.000 1 4.000 6.09435 3.755E+05 1.310E+11 2.866E-06 1.046E-09
668 6.000 1 4.000 6.02012 1.279E+05 1.362E+12 9.393E-08 1.043E-09
63 8.000 1 4.000 6.28209 8.744E+04 1.638E+11 5.338E-07 1.035E-09
749 8.000 1 4.000 6.00803 9.222E+04 1.504E+12 6.130E-08 9.982E-10
319 6.000 1 4.000 6.07971 1.125E+05 2.060E+12 5.461E-08 9.350E-10
1178 4.000 1 4.000 5.97957 1.730E+05 1.146E+09 1.510E-04 9.273E-10
429 6.000 1 4.000 6.04684 1.088E+05 8.520E+11 1.277E-07 8.950E-10
695 6.000 1 4.000 6.01359 1.084E+05 5.583E+12 1.942E-08 8.818E-10
1325 4.000 1 4.000 5.96411 1.649E+05 2.830E+12 5.826E-08 8.793E-10
1330 8.000 1 4.000 5.96233 8.052E+04 1.594E+12 5.053E-08 8.583E-10
809 2.000 1 4.000 6.00048 3.163E+05 8.169E+10 3.872E-06 8.538E-10
428 6.000 1 4.000 6.04691 1.029E+05 2.734E+12 3.764E-08 8.463E-10
808 2.000 1 4.000 6.00051 3.127E+05 9.146E+10 3.419E-06 8.440E-10
1029 6.000 1 4.000 5.98122 1.027E+05 1.612E+11 6.369E-07 8.260E-10
469 4.000 1 4.000 6.04066 1.486E+05 4.105E+10 3.620E-06 8.130E-10
1340 4.000 1 4.000 5.96193 1.514E+05 6.895E+12 2.195E-08 8.065E-10
1425 6.000 1 4.000 5.95712 1.006E+05 2.003E+12 5.023E-08 8.028E-10
1024 4.000 1 4.000 5.98128 1.462E+05 2.647E+11 5.524E-07 7.843E-10
518 4.000 1 4.000 6.03255 1.422E+05 1.946E+11 7.308E-07 7.760E-10
113 8.000 1 4.000 6.23376 6.472E+04 1.145E+12 5.655E-08 7.542E-10
138 4.000 1 4.000 6.21495 1.293E+05 1.797E+12 7.193E-08 7.488E-10
62 6.000 1 4.000 6.28211 8.258E+04 1.638E+11 5.040E-07 7.328E-10
1399 6.000 1 4.000 5.96086 8.667E+04 1.842E+11 4.704E-07 6.925E-10
1011 6.000 1 4.000 5.98179 8.532E+04 9.059E+10 9.418E-07 6.865E-10
126 4.000 1 4.000 6.22762 1.143E+05 2.322E+11 4.922E-07 6.645E-10
748 6.000 1 4.000 6.00817 7.923E+04 1.511E+12 5.245E-08 6.433E-10
782 6.000 1 4.000 6.00270 7.735E+04 1.145E+11 6.757E-07 6.268E-10
709 4.000 1 4.000 6.01151 1.124E+05 2.724E+11 4.127E-07 6.090E-10
669 4.000 1 4.000 6.02004 1.107E+05 1.245E+12 8.888E-08 6.013E-10
399 6.000 1 4.000 6.06514 7.183E+04 1.111E+12 6.463E-08 5.943E-10
427 4.000 1 4.000 6.04695 1.070E+05 2.728E+12 3.924E-08 5.868E-10
708 2.000 1 4.000 6.01189 2.156E+05 1.953E+11 1.103E-06 5.840E-10
505 8.000 1 4.000 6.03361 5.320E+04 2.321E+11 2.292E-07 5.807E-10
1337 6.000 1 4.000 5.96212 7.220E+04 4.975E+12 1.451E-08 5.773E-10
29 6.000 1 4.000 6.36499 6.243E+04 1.295E+13 4.819E-09 5.688E-10
882 4.000 1 4.000 5.99853 1.044E+05 7.171E+08 1.456E-04 5.630E-10
504 6.000 1 4.000 6.03370 6.742E+04 2.254E+11 2.992E-07 5.520E-10
990 4.000 1 4.000 5.98381 9.771E+04 1.861E+10 5.250E-06 5.246E-10
701 2.000 1 4.000 6.01299 1.904E+05 5.028E+11 3.787E-07 5.160E-10
934 6.000 1 4.000 5.98850 6.280E+04 6.410E+11 9.797E-08 5.063E-10
884 6.000 1 4.000 5.99852 6.237E+04 1.196E+09 5.213E-05 5.048E-10
144 2.000 1 4.000 6.21300 1.707E+05 1.879E+11 9.087E-07 4.940E-10
183 8.000 1 4.000 6.13927 4.356E+04 9.024E+10 4.828E-07 4.925E-10
1334 4.000 1 4.000 5.96223 9.203E+04 1.250E+12 7.360E-08 4.905E-10
1344 2.000 1 4.000 5.96148 1.826E+05 2.717E+11 6.718E-07 4.865E-10
739 6.000 1 4.000 6.01023 5.982E+04 3.941E+09 1.518E-05 4.860E-10
1034 4.000 1 4.000 5.98113 9.033E+04 9.586E+10 9.423E-07 4.845E-10
528 6.000 1 4.000 6.03000 5.893E+04 3.921E+09 1.503E-05 4.820E-10
1027 4.000 1 4.000 5.98123 8.515E+04 6.369E+10 1.337E-06 4.568E-10
169 4.000 1 4.000 6.18063 7.753E+04 2.030E+12 3.818E-08 4.440E-10
320 4.000 1 4.000 6.07970 7.546E+04 1.948E+12 3.873E-08 4.183E-10
431 4.000 1 4.000 6.04664 7.545E+04 8.877E+11 8.500E-08 4.135E-10
1056 4.000 1 4.000 5.98017 7.603E+04 8.544E+08 8.898E-05 4.075E-10
839 2.000 1 4.000 5.99869 1.502E+05 4.787E+08 3.137E-04 4.051E-10
333 6.000 1 4.000 6.07620 4.762E+04 2.484E+10 1.917E-06 3.953E-10
150 6.000 1 4.000 6.21011 4.525E+04 1.262E+12 3.584E-08 3.925E-10
324 6.000 1 4.000 6.07646 4.702E+04 2.031E+10 2.315E-06 3.905E-10
460 6.000 1 4.000 6.04096 4.718E+04 1.898E+10 2.486E-06 3.873E-10
521 6.000 1 4.000 6.03222 4.712E+04 1.325E+11 3.555E-07 3.855E-10
747 4.000 1 4.000 6.00821 7.058E+04 1.504E+12 4.692E-08 3.820E-10
1010 4.000 1 4.000 5.98180 7.090E+04 7.610E+10 9.317E-07 3.803E-10
1345 4.000 1 4.000 5.96130 7.070E+04 1.179E+12 5.996E-08 3.768E-10
1017 6.000 1 4.000 5.98143 4.487E+04 1.651E+11 2.718E-07 3.610E-10
1352 6.000 1 4.000 5.96113 4.477E+04 3.313E+10 1.351E-06 3.578E-10
830 6.000 1 4.000 5.99876 4.405E+04 8.489E+08 5.189E-05 3.565E-10
235 6.000 1 4.000 6.09582 4.253E+04 3.565E+11 1.193E-07 3.555E-10
1171 4.000 1 4.000 5.97973 6.520E+04 2.459E+11 2.651E-07 3.495E-10
182 6.000 1 4.000 6.13927 4.122E+04 9.020E+10 4.570E-07 3.493E-10
691 2.000 1 4.000 6.01393 1.276E+05 5.740E+10 2.223E-06 3.460E-10
376 4.000 1 4.000 6.07046 6.080E+04 4.366E+11 1.392E-07 3.360E-10
1026 2.000 1 4.000 5.98125 1.248E+05 3.012E+10 4.144E-06 3.348E-10
1066 6.000 1 4.000 5.98011 4.078E+04 7.289E+08 5.595E-05 3.280E-10
519 2.000 1 4.000 6.03245 1.180E+05 2.141E+11 5.509E-07 3.218E-10
1049 8.000 1 4.000 5.98031 2.961E+04 1.546E+11 1.916E-07 3.175E-10
433 2.000 1 4.000 6.04608 1.147E+05 1.289E+12 8.896E-08 3.145E-10
1332 4.000 1 4.000 5.96230 5.850E+04 1.104E+12 5.299E-08 3.118E-10
1283 6.000 1 4.000 5.96932 3.811E+04 9.581E+11 3.978E-08 3.053E-10
1119 6.000 1 4.000 5.98000 3.780E+04 6.469E+08 5.843E-05 3.040E-10
426 2.000 1 4.000 6.04696 1.103E+05 2.734E+12 4.032E-08 3.023E-10
799 6.000 1 4.000 6.00089 3.578E+04 1.435E+11 2.493E-07 2.898E-10
800 8.000 1 4.000 6.00082 2.668E+04 1.548E+11 1.723E-07 2.880E-10
1431 8.000 1 4.000 5.95500 2.668E+04 5.441E+11 4.903E-08 2.837E-10
1350 4.000 1 4.000 5.96115 5.318E+04 2.997E+11 1.774E-07 2.833E-10
958 4.000 1 4.000 5.98651 5.260E+04 6.395E+11 8.225E-08 2.825E-10
513 2.000 1 4.000 6.03306 1.034E+05 2.977E+11 3.474E-07 2.822E-10
1128 2.000 1 4.000 5.97991 1.040E+05 1.928E+11 5.392E-07 2.785E-10
61 4.000 1 4.000 6.28212 4.614E+04 1.638E+11 2.816E-07 2.731E-10
754 8.000 1 4.000 6.00577 2.482E+04 7.744E+11 3.206E-08 2.685E-10
1341 2.000 1 4.000 5.96191 9.940E+04 8.906E+12 1.116E-08 2.648E-10
959 2.000 1 4.000 5.98648 9.540E+04 6.977E+11 1.367E-07 2.563E-10
402 4.000 1 4.000 6.06486 4.513E+04 1.092E+12 4.131E-08 2.489E-10
1511 8.000 1 4.000 5.93597 2.339E+04 3.122E+11 7.491E-08 2.470E-10
1120 2.000 1 4.000 5.97998 8.996E+04 9.333E+08 9.639E-05 2.412E-10
171 2.000 1 4.000 6.17835 8.425E+04 2.668E+12 3.158E-08 2.411E-10
819 6.000 1 4.000 5.99999 2.930E+04 4.594E+10 6.378E-07 2.373E-10
1433 6.000 1 4.000 5.95480 2.932E+04 2.175E+11 1.348E-07 2.338E-10
432 4.000 1 4.000 6.04608 4.248E+04 1.221E+12 3.478E-08 2.329E-10
1346 6.000 1 4.000 5.96118 2.878E+04 4.936E+11 5.831E-08 2.300E-10
43 4.000 1 4.000 6.30227 3.776E+04 1.274E+13 2.965E-09 2.249E-10
384 4.000 1 4.000 6.06821 4.035E+04 6.211E+09 6.496E-06 2.228E-10
127 2.000 1 4.000 6.22748 7.585E+04 2.262E+11 3.354E-07 2.205E-10
1117 4.000 1 4.000 5.98001 4.050E+04 1.211E+09 3.346E-05 2.171E-10
148 6.000 1 4.000 6.21064 2.482E+04 7.911E+11 3.137E-08 2.152E-10
503 4.000 1 4.000 6.03375 3.938E+04 2.118E+11 1.859E-07 2.150E-10
264 6.000 1 4.000 6.09103 2.485E+04 4.409E+11 5.636E-08 2.074E-10
172 6.000 1 4.000 6.16831 2.420E+04 4.781E+12 5.062E-09 2.071E-10
234 4.000 1 4.000 6.09590 3.660E+04 3.457E+11 1.059E-07 2.039E-10
933 4.000 1 4.000 5.98852 3.778E+04 5.799E+11 6.515E-08 2.031E-10
1176 2.000 1 4.000 5.97958 7.525E+04 1.574E+08 4.780E-04 2.017E-10
170 4.000 1 4.000 6.17848 3.475E+04 2.620E+12 1.326E-08 1.989E-10
1038 6.000 1 4.000 5.98102 2.412E+04 1.251E+12 1.928E-08 1.940E-10
442 8.000 1 4.000 6.04298 1.735E+04 3.059E+10 5.672E-07 1.899E-10
781 6.000 1 4.000 6.00270 2.300E+04 2.967E+10 7.752E-07 1.864E-10
620 6.000 1 4.000 6.02189 2.228E+04 8.869E+07 2.513E-04 1.818E-10
162 2.000 1 4.000 6.19936 6.300E+04 6.493E+11 9.703E-08 1.816E-10
813 4.000 1 4.000 6.00018 3.345E+04 1.368E+11 2.446E-07 1.805E-10
1041 2.000 1 4.000 5.98094 6.730E+04 2.760E+11 2.439E-07 1.804E-10
124 6.000 1 4.000 6.22803 2.062E+04 2.376E+11 8.677E-08 1.798E-10
522 4.000 1 4.000 6.03220 3.281E+04 1.315E+11 2.496E-07 1.790E-10
746 2.000 1 4.000 6.00822 6.615E+04 1.507E+12 4.388E-08 1.790E-10
386 6.000 1 4.000 6.06815 2.152E+04 8.992E+09 2.393E-06 1.781E-10
156 8.000 1 4.000 6.20539 1.539E+04 2.616E+12 5.883E-09 1.777E-10
1050 6.000 1 4.000 5.98025 2.207E+04 2.058E+11 1.072E-07 1.775E-10
392 4.000 1 4.000 6.06805 3.195E+04 7.279E+09 4.389E-06 1.764E-10
1328 4.000 1 4.000 5.96236 3.278E+04 5.975E+11 5.485E-08 1.748E-10
261 6.000 1 4.000 6.09174 2.092E+04 6.328E+11 3.306E-08 1.746E-10
398 6.000 1 4.000 6.06581 2.060E+04 1.537E+12 1.340E-08 1.705E-10
400 4.000 1 4.000 6.06508 3.005E+04 5.503E+11 5.461E-08 1.658E-10
618 2.000 1 4.000 6.02189 5.990E+04 8.763E+07 6.835E-04 1.628E-10
1513 6.000 1 4.000 5.93585 2.030E+04 1.809E+11 1.122E-07 1.609E-10
1055 6.000 1 4.000 5.98019 1.987E+04 1.309E+09 1.518E-05 1.598E-10
389 6.000 1 4.000 6.06808 1.887E+04 8.786E+09 2.147E-06 1.563E-10
244 8.000 1 4.000 6.09481 1.400E+04 6.258E+11 2.237E-08 1.559E-10
1033 2.000 1 4.000 5.98114 5.780E+04 5.329E+10 1.085E-06 1.550E-10
756 6.000 1 4.000 6.00530 1.890E+04 6.074E+11 3.112E-08 1.533E-10
716 6.000 1 4.000 6.01057 1.812E+04 2.931E+09 6.182E-06 1.472E-10
1357 6.000 1 4.000 5.96110 1.842E+04 9.772E+10 1.885E-07 1.471E-10
1236 8.000 1 4.000 5.97345 1.375E+04 5.227E+11 2.631E-08 1.471E-10
236 8.000 1 4.000 6.09569 1.308E+04 3.823E+11 3.420E-08 1.457E-10
167 6.000 1 4.000 6.18309 1.692E+04 2.846E+12 5.943E-09 1.455E-10
1065 4.000 1 4.000 5.98013 2.708E+04 1.114E+09 2.430E-05 1.452E-10
30 4.000 1 4.000 6.35063 2.338E+04 3.835E+13 6.096E-10 1.414E-10
44 2.000 1 4.000 6.29615 4.705E+04 2.157E+13 2.181E-09 1.398E-10
1329 6.000 1 4.000 5.96235 1.707E+04 7.343E+11 2.324E-08 1.365E-10
441 6.000 1 4.000 6.04298 1.658E+04 3.057E+10 5.426E-07 1.362E-10
1434 4.000 1 4.000 5.95474 2.545E+04 2.134E+11 1.193E-07 1.353E-10
403 2.000 1 4.000 6.06453 4.880E+04 4.430E+11 1.102E-07 1.345E-10
181 4.000 1 4.000 6.13928 2.306E+04 9.017E+10 2.557E-07 1.303E-10
1284 4.000 1 4.000 5.96928 2.406E+04 8.436E+11 2.852E-08 1.285E-10
879 2.000 1 4.000 5.99856 4.648E+04 7.000E+08 6.640E-05 1.254E-10
802 8.000 1 4.000 6.00077 1.134E+04 3.776E+11 3.003E-08 1.225E-10
672 6.000 1 4.000 6.01905 1.462E+04 2.892E+12 5.056E-09 1.191E-10
239 8.000 1 4.000 6.09519 1.069E+04 1.145E+12 9.342E-09 1.191E-10
818 4.000 1 4.000 6.00000 2.181E+04 8.037E+10 2.714E-07 1.177E-10
45 6.000 1 4.000 6.29477 1.321E+04 1.582E+13 8.347E-10 1.177E-10
1014 2.000 1 4.000 5.98155 4.327E+04 3.471E+10 1.247E-06 1.161E-10
956 6.000 1 4.000 5.98706 1.420E+04 7.819E+11 1.816E-08 1.145E-10
713 4.000 1 4.000 6.01062 2.108E+04 7.478E+08 2.819E-05 1.142E-10
464 6.000 1 4.000 6.04079 1.332E+04 1.247E+08 1.068E-04 1.093E-10
422 6.000 1 4.000 6.04747 1.322E+04 1.425E+12 9.273E-09 1.087E-10
608 8.000 1 4.000 6.02325 9.819E+03 1.971E+10 4.982E-07 1.068E-10
798 4.000 1 4.000 6.00093 1.974E+04 1.386E+11 1.424E-07 1.066E-10
1208 6.000 1 4.000 5.97937 1.238E+04 4.035E+09 3.067E-06 9.950E-11
673 4.000 1 4.000 6.01901 1.827E+04 3.007E+12 6.075E-09 9.923E-11
268 6.000 1 4.000 6.08996 1.185E+04 2.282E+12 5.192E-09 9.883E-11
511 8.000 1 4.000 6.03327 8.830E+03 3.504E+11 2.520E-08 9.638E-11
1187 4.000 1 4.000 5.97951 1.699E+04 2.563E+09 6.628E-06 9.105E-11
1213 6.000 1 4.000 5.97928 1.118E+04 3.281E+09 3.406E-06 8.985E-11
526 6.000 1 4.000 6.03114 1.089E+04 3.027E+11 3.596E-08 8.908E-11
323 4.000 1 4.000 6.07647 1.608E+04 1.890E+10 8.505E-07 8.900E-11
112 2.000 1 4.000 6.23432 3.026E+04 4.476E+11 6.760E-08 8.817E-11
109 8.000 1 4.000 6.23474 7.531E+03 2.158E+12 3.491E-09 8.780E-11
211 4.000 1 4.000 6.11161 1.549E+04 4.478E+12 3.459E-09 8.673E-11
720 6.000 1 4.000 6.01050 1.066E+04 6.785E+09 1.571E-06 8.658E-11
1238 6.000 1 4.000 5.97333 1.031E+04 3.931E+11 2.622E-08 8.270E-11
760 4.000 1 4.000 6.00516 1.523E+04 6.354E+11 2.397E-08 8.235E-11
607 6.000 1 4.000 6.02325 9.989E+03 1.970E+10 5.070E-07 8.151E-11
1037 4.000 1 4.000 5.98103 1.519E+04 4.091E+11 3.713E-08 8.148E-11
263 4.000 1 4.000 6.09140 1.457E+04 5.503E+11 2.647E-08 8.106E-11
508 8.000 1 4.000 6.03345 7.379E+03 6.405E+11 1.152E-08 8.053E-11
978 4.000 1 4.000 5.98473 1.485E+04 3.114E+12 4.768E-09 7.974E-11
878 6.000 1 4.000 5.99856 9.784E+03 5.300E+08 1.846E-05 7.918E-11
380 6.000 1 4.000 6.06836 9.482E+03 7.279E+09 1.303E-06 7.853E-11
525 4.000 1 4.000 6.03139 1.436E+04 2.660E+11 5.398E-08 7.833E-11
1514 4.000 1 4.000 5.93581 1.471E+04 1.917E+11 7.673E-08 7.770E-11
718 4.000 1 4.000 6.01051 1.430E+04 3.531E+09 4.049E-06 7.745E-11
1182 6.000 1 4.000 5.97952 9.503E+03 5.144E+09 1.847E-06 7.643E-11
1021 8.000 1 4.000 5.98132 6.712E+03 1.424E+11 4.713E-08 7.200E-11
215 2.000 1 4.000 6.10974 2.523E+04 8.746E+12 2.885E-09 7.060E-11
1397 4.000 1 4.000 5.96090 1.314E+04 4.645E+11 2.829E-08 7.003E-11
1022 2.000 1 4.000 5.98132 2.475E+04 5.659E+10 4.373E-07 6.638E-11
163 2.000 1 4.000 6.19812 2.294E+04 3.528E+11 6.502E-08 6.607E-11
942 6.000 1 4.000 5.98740 8.182E+03 1.472E+10 5.558E-07 6.598E-11
814 2.000 1 4.000 6.00014 2.440E+04 3.743E+11 6.517E-08 6.585E-11
252 2.000 1 4.000 6.09302 2.280E+04 7.136E+11 3.195E-08 6.346E-11
675 6.000 1 4.000 6.01856 7.713E+03 1.689E+10 4.566E-07 6.283E-11
1356 4.000 1 4.000 5.96110 1.165E+04 3.805E+11 3.062E-08 6.208E-11
160 8.000 1 4.000 6.19981 5.341E+03 2.877E+12 1.856E-09 6.158E-11
159 4.000 1 4.000 6.19986 1.045E+04 6.893E+11 1.515E-08 6.020E-11
1348 2.000 1 4.000 5.96116 2.230E+04 4.858E+11 4.590E-08 5.938E-11
1435 2.000 1 4.000 5.95474 2.205E+04 1.817E+11 1.213E-07 5.863E-11
401 2.000 1 4.000 6.06493 2.095E+04 3.114E+11 6.726E-08 5.774E-11
1515 2.000 1 4.000 5.93572 2.148E+04 2.619E+11 8.202E-08 5.673E-11
46 4.000 1 4.000 6.29465 9.491E+03 1.554E+13 6.107E-10 5.639E-11
255 4.000 1 4.000 6.09236 1.003E+04 1.678E+11 5.978E-08 5.580E-11
173 4.000 1 4.000 6.16359 9.625E+03 1.439E+13 6.690E-10 5.483E-11
725 6.000 1 4.000 6.01036 6.738E+03 7.167E+09 9.402E-07 5.475E-11
419 6.000 1 4.000 6.05054 6.638E+03 1.264E+12 5.254E-09 5.465E-11
440 4.000 1 4.000 6.04298 9.362E+03 3.056E+10 3.064E-07 5.126E-11
755 6.000 1 4.000 6.00571 6.292E+03 7.474E+11 8.418E-09 5.103E-11
831 4.000 1 4.000 5.99876 9.079E+03 7.287E+08 1.246E-05 4.898E-11
520 2.000 1 4.000 6.03223 1.761E+04 1.353E+11 1.302E-07 4.805E-11
459 4.000 1 4.000 6.04097 8.628E+03 1.921E+10 4.492E-07 4.720E-11
1013 4.000 1 4.000 5.98158 8.775E+03 1.284E+11 6.835E-08 4.708E-11
47 2.000 1 4.000 6.29451 1.584E+04 1.754E+13 9.029E-10 4.703E-11
1343 6.000 1 4.000 5.96181 5.745E+03 3.937E+11 1.459E-08 4.593E-11
938 6.000 1 4.000 5.98752 5.570E+03 1.205E+10 4.623E-07 4.493E-11
817 2.000 1 4.000 6.00003 1.634E+04 4.951E+10 3.299E-07 4.410E-11
1331 2.000 1 4.000 5.96232 1.604E+04 3.446E+11 4.653E-08 4.273E-11
785 4.000 1 4.000 6.00267 7.900E+03 3.602E+09 2.193E-06 4.267E-11
303 4.000 1 4.000 6.08756 7.452E+03 6.652E+12 1.120E-09 4.140E-11
501 4.000 1 4.000 6.03529 7.549E+03 2.096E+12 3.601E-09 4.121E-11
957 6.000 1 4.000 5.98653 5.032E+03 5.814E+11 8.654E-09 4.056E-11
1045 6.000 1 4.000 5.98081 4.962E+03 5.425E+10 9.147E-08 3.993E-11
1516 4.000 1 4.000 5.93572 7.558E+03 2.504E+11 3.018E-08 3.993E-11
784 2.000 1 4.000 6.00268 1.436E+04 5.677E+08 2.530E-05 3.881E-11
60 2.000 1 4.000 6.28212 1.296E+04 1.638E+11 7.910E-08 3.832E-11
1439 8.000 1 4.000 5.95442 3.588E+03 3.701E+11 9.694E-09 3.812E-11
1336 4.000 1 4.000 5.96220 7.036E+03 1.737E+12 4.050E-09 3.750E-11
962 4.000 1 4.000 5.98596 6.765E+03 9.255E+11 7.310E-09 3.635E-11
1455 4.000 1 4.000 5.95339 6.741E+03 1.488E+10 4.531E-07 3.582E-11
932 4.000 1 4.000 5.98886 6.487E+03 1.528E+12 4.245E-09 3.489E-11
502 2.000 1 4.000 6.03453 1.260E+04 3.990E+12 3.159E-09 3.441E-11
245 2.000 1 4.000 6.09475 1.207E+04 2.449E+11 4.929E-08 3.362E-11
757 4.000 1 4.000 6.00528 6.200E+03 2.933E+11 2.114E-08 3.353E-11
590 6.000 1 4.000 6.02787 4.060E+03 7.714E+11 5.263E-09 3.318E-11
238 6.000 1 4.000 6.09522 3.910E+03 1.159E+12 3.373E-09 3.268E-11
961 2.000 1 4.000 5.98597 1.212E+04 9.308E+11 1.302E-08 3.255E-11
731 4.000 1 4.000 6.01033 5.965E+03 6.830E+09 8.734E-07 3.230E-11
262 4.000 1 4.000 6.09161 5.730E+03 2.705E+11 2.118E-08 3.188E-11
606 4.000 1 4.000 6.02325 5.623E+03 1.970E+10 2.854E-07 3.058E-11
1447 6.000 1 4.000 5.95352 3.830E+03 1.564E+09 2.450E-06 3.053E-11
765 2.000 1 4.000 6.00500 1.087E+04 2.216E+11 4.906E-08 2.938E-11
1333 2.000 1 4.000 5.96224 1.096E+04 1.502E+12 7.298E-09 2.921E-11
253 6.000 1 4.000 6.09243 3.492E+03 1.951E+11 1.789E-08 2.914E-11
880 4.000 1 4.000 5.99855 5.352E+03 5.014E+08 1.067E-05 2.888E-11
383 6.000 1 4.000 6.06828 3.455E+03 3.559E+09 9.709E-07 2.860E-11
1240 4.000 1 4.000 5.97325 5.343E+03 3.574E+11 1.495E-08 2.858E-11
1042 6.000 1 4.000 5.98089 3.272E+03 4.597E+11 7.117E-09 2.633E-11
463 4.000 1 4.000 6.04079 4.718E+03 1.235E+08 3.819E-05 2.583E-11
108 6.000 1 4.000 6.23478 2.942E+03 2.167E+12 1.357E-09 2.573E-11
824 8.000 1 4.000 5.99923 2.311E+03 2.533E+11 9.125E-09 2.495E-11
805 8.000 1 4.000 6.00067 2.290E+03 2.120E+11 1.080E-08 2.473E-11
821 6.000 1 4.000 5.99953 2.960E+03 1.720E+11 1.721E-08 2.396E-11
674 4.000 1 4.000 6.01856 4.405E+03 1.575E+10 2.797E-07 2.392E-11
42 6.000 1 4.000 6.30640 2.632E+03 3.275E+13 8.034E-11 2.354E-11
914 4.000 1 4.000 5.99680 4.320E+03 1.152E+12 3.749E-09 2.330E-11
1048 4.000 1 4.000 5.98036 4.313E+03 2.019E+11 2.136E-08 2.312E-11
758 2.000 1 4.000 6.00518 8.510E+03 2.052E+11 4.148E-08 2.300E-11
254 2.000 1 4.000 6.09238 8.100E+03 1.557E+11 5.202E-08 2.255E-11
1512 6.000 1 4.000 5.93596 2.833E+03 3.131E+11 9.048E-09 2.246E-11
712 6.000 1 4.000 6.01063 2.738E+03 5.808E+09 4.715E-07 2.226E-11
1286 6.000 1 4.000 5.96896 2.690E+03 4.461E+10 6.030E-08 2.155E-11
915 2.000 1 4.000 5.99631 7.700E+03 2.279E+12 3.379E-09 2.076E-11
702 6.000 1 4.000 6.01291 2.552E+03 2.870E+11 8.893E-09 2.075E-11
1290 6.000 1 4.000 5.96888 2.503E+03 3.627E+10 6.903E-08 2.005E-11
330 8.000 1 4.000 6.07627 1.768E+03 5.059E+10 3.494E-08 1.957E-11
1018 6.000 1 4.000 5.98141 2.378E+03 2.429E+11 9.793E-09 1.914E-11
180 2.000 1 4.000 6.13928 6.490E+03 9.017E+10 7.198E-08 1.834E-11
1047 6.000 1 4.000 5.98044 2.273E+03 1.387E+11 1.640E-08 1.829E-11
989 6.000 1 4.000 5.98382 2.232E+03 9.982E+09 2.236E-07 1.798E-11
524 6.000 1 4.000 6.03152 2.180E+03 2.766E+11 7.882E-09 1.783E-11
822 4.000 1 4.000 5.99946 3.290E+03 1.657E+11 1.985E-08 1.776E-11
507 6.000 1 4.000 6.03347 2.120E+03 6.419E+11 3.303E-09 1.735E-11
964 6.000 1 4.000 5.98592 2.153E+03 9.369E+11 2.298E-09 1.735E-11
420 4.000 1 4.000 6.04933 3.110E+03 3.657E+12 8.504E-10 1.707E-11
1023 8.000 1 4.000 5.98128 1.582E+03 1.871E+11 8.456E-09 1.698E-11
930 6.000 1 4.000 5.98903 2.072E+03 1.511E+12 1.372E-09 1.672E-11
710 2.000 1 4.000 6.01065 5.975E+03 1.892E+08 3.158E-05 1.619E-11
1432 6.000 1 4.000 5.95497 1.977E+03 5.103E+11 3.873E-09 1.576E-11
161 6.000 1 4.000 6.19960 1.765E+03 2.828E+12 6.240E-10 1.526E-11
801 6.000 1 4.000 6.00079 1.873E+03 3.854E+11 4.861E-09 1.517E-11
242 6.000 1 4.000 6.09492 1.762E+03 6.235E+12 2.826E-10 1.472E-11
1232 4.000 1 4.000 5.97465 2.726E+03 7.028E+11 3.879E-09 1.459E-11
41 4.000 1 4.000 6.30652 2.446E+03 3.333E+13 7.339E-11 1.459E-11
931 2.000 1 4.000 5.98901 5.187E+03 1.548E+12 3.350E-09 1.394E-11
165 4.000 1 4.000 6.19703 2.410E+03 2.261E+12 1.066E-09 1.388E-11
1522 6.000 1 4.000 5.93482 1.718E+03 7.424E+09 2.315E-07 1.361E-11
1241 2.000 1 4.000 5.97319 4.759E+03 1.846E+11 2.578E-08 1.273E-11
1233 2.000 1 4.000 5.97442 4.716E+03 1.359E+12 3.470E-09 1.262E-11
1040 4.000 1 4.000 5.98098 2.265E+03 1.346E+12 1.683E-09 1.215E-11
1172 6.000 1 4.000 5.97964 1.503E+03 4.462E+09 3.369E-07 1.209E-11
1019 8.000 1 4.000 5.98139 1.068E+03 2.359E+11 4.528E-09 1.146E-11
937 4.000 1 4.000 5.98752 2.118E+03 1.124E+10 1.885E-07 1.139E-11
1058 2.000 1 4.000 5.98016 4.246E+03 7.198E+08 5.899E-06 1.138E-11
881 2.000 1 4.000 5.99853 4.111E+03 1.361E+08 3.020E-05 1.109E-11
596 4.000 1 4.000 6.02706 1.972E+03 2.516E+12 7.841E-10 1.074E-11
379 4.000 1 4.000 6.06838 1.891E+03 7.125E+08 2.654E-06 1.044E-11
823 6.000 1 4.000 5.99927 1.284E+03 2.430E+11 5.286E-09 1.040E-11
377 2.000 1 4.000 6.06843 3.376E+03 2.338E+08 1.444E-05 9.317E-12
972 6.000 1 4.000 5.98528 1.143E+03 1.957E+12 5.837E-10 9.205E-12
1394 6.000 1 4.000 5.96091 1.116E+03 7.587E+11 1.471E-09 8.915E-12
494 2.000 1 4.000 6.03996 3.237E+03 3.357E+12 9.642E-10 8.850E-12
125 4.000 1 4.000 6.22801 1.499E+03 1.081E+12 1.387E-09 8.717E-12
1076 8.000 1 4.000 5.98004 8.025E+02 2.338E+08 3.433E-06 8.605E-12
1046 4.000 1 4.000 5.98062 1.575E+03 3.194E+10 4.933E-08 8.448E-12
1239 4.000 1 4.000 5.97328 1.566E+03 1.557E+11 1.006E-08 8.376E-12
1211 4.000 1 4.000 5.97935 1.557E+03 3.665E+09 4.249E-07 8.348E-12
1440 6.000 1 4.000 5.95440 1.037E+03 3.556E+11 2.915E-09 8.265E-12
1242 2.000 1 4.000 5.97303 3.012E+03 1.290E+11 2.334E-08 8.055E-12
1110 6.000 1 4.000 5.98002 9.968E+02 7.733E+07 1.289E-05 8.018E-12
1438 4.000 1 4.000 5.95463 1.491E+03 2.635E+11 5.660E-09 7.928E-12
1454 2.000 1 4.000 5.95339 2.786E+03 1.255E+10 2.220E-07 7.402E-12
439 2.000 1 4.000 6.04298 2.646E+03 3.056E+10 8.660E-08 7.244E-12
936 2.000 1 4.000 5.98808 2.518E+03 2.961E+12 8.503E-10 6.768E-12
960 4.000 1 4.000 5.98637 1.204E+03 6.020E+11 2.000E-09 6.467E-12
1490 6.000 1 4.000 5.95302 8.097E+02 1.439E+10 5.625E-08 6.453E-12
457 6.000 1 4.000 6.04101 7.203E+02 1.211E+10 5.946E-08 5.913E-12
565 8.000 1 4.000 6.02963 5.086E+02 1.483E+06 3.431E-04 5.545E-12
396 8.000 1 4.000 6.06733 4.860E+02 1.396E+12 3.481E-10 5.365E-12
49 2.000 1 4.000 6.28542 1.767E+03 3.261E+13 5.418E-11 5.234E-12
595 4.000 1 4.000 6.02724 9.590E+02 2.679E+12 3.580E-10 5.224E-12
197 6.000 1 4.000 6.13108 6.160E+02 1.607E+09 3.833E-07 5.208E-12
1285 4.000 1 4.000 5.96896 9.573E+02 9.256E+10 1.034E-08 5.113E-12
1147 2.000 1 4.000 5.97985 1.838E+03 6.991E+08 2.629E-06 4.928E-12
329 6.000 1 4.000 6.07627 5.840E+02 5.062E+10 1.154E-08 4.849E-12
1437 8.000 1 4.000 5.95463 4.534E+02 3.525E+11 1.286E-09 4.820E-12
48 4.000 1 4.000 6.28606 7.947E+02 2.999E+13 2.650E-11 4.708E-12
55 6.000 1 4.000 6.28303 4.802E+02 1.818E+13 2.642E-11 4.263E-12
605 2.000 1 4.000 6.02325 1.562E+03 1.969E+10 7.930E-08 4.248E-12
1121 6.000 1 4.000 5.97998 5.138E+02 2.258E+09 2.276E-07 4.133E-12
866 8.000 1 4.000 5.99859 3.724E+02 3.719E+06 1.001E-04 4.017E-12
1444 4.000 1 4.000 5.95416 7.468E+02 4.170E+11 1.791E-09 3.970E-12
1445 2.000 1 4.000 5.95400 1.481E+03 4.375E+11 3.385E-09 3.936E-12
265 8.000 1 4.000 6.09100 3.410E+02 4.506E+11 7.567E-10 3.793E-12
1446 4.000 1 4.000 5.95353 6.773E+02 1.924E+09 3.519E-07 3.598E-12
462 2.000 1 4.000 6.04079 1.068E+03 1.228E+08 8.695E-06 2.920E-12
1135 6.000 1 4.000 5.97986 3.623E+02 2.295E+08 1.579E-06 2.915E-12
164 6.000 1 4.000 6.19736 3.175E+02 2.260E+12 1.405E-10 2.741E-12
1043 2.000 1 4.000 5.98088 1.007E+03 3.281E+10 3.069E-08 2.698E-12
584 2.000 1 4.000 6.02946 9.860E+02 6.365E+05 1.549E-03 2.688E-12
1150 4.000 1 4.000 5.97985 4.940E+02 2.709E+08 1.823E-06 2.648E-12
203 4.000 1 4.000 6.12060 4.687E+02 1.191E+13 3.934E-11 2.632E-12
970 4.000 1 4.000 5.98542 4.698E+02 1.907E+12 2.463E-10 2.524E-12
1044 4.000 1 4.000 5.98086 4.599E+02 8.502E+10 5.409E-09 2.467E-12
893 2.000 1 4.000 5.99842 9.070E+02 7.035E+05 1.289E-03 2.446E-12
894 4.000 1 4.000 5.99842 4.515E+02 6.804E+05 6.636E-04 2.436E-12
587 6.000 1 4.000 6.02946 2.945E+02 1.823E+06 1.616E-04 2.408E-12
750 4.000 1 4.000 6.00742 4.344E+02 2.913E+12 1.491E-10 2.350E-12
1062 4.000 1 4.000 5.98015 4.216E+02 1.683E+09 2.504E-07 2.260E-12
573 6.000 1 4.000 6.02961 2.740E+02 1.105E+06 2.479E-04 2.240E-12
1309 6.000 1 4.000 5.96689 2.728E+02 1.157E+12 2.358E-10 2.185E-12
581 4.000 1 4.000 6.02947 3.950E+02 6.401E+05 6.171E-04 2.154E-12
1098 8.000 1 4.000 5.98002 2.000E+02 1.660E+08 1.205E-06 2.145E-12
899 6.000 1 4.000 5.99842 2.608E+02 2.075E+06 1.257E-04 2.111E-12
1155 6.000 1 4.000 5.97985 2.605E+02 1.074E+07 2.426E-05 2.094E-12
1051 6.000 1 4.000 5.98023 2.580E+02 6.974E+08 3.700E-07 2.075E-12
87 8.000 1 4.000 6.26180 1.728E+02 2.541E+13 6.799E-12 2.030E-12
1420 6.000 1 4.000 5.95902 2.500E+02 1.022E+12 2.446E-10 1.996E-12
877 6.000 1 4.000 5.99857 2.383E+02 1.242E+06 1.918E-04 1.928E-12
204 6.000 1 4.000 6.12046 2.263E+02 1.209E+13 1.872E-11 1.906E-12
437 4.000 1 4.000 6.04543 3.470E+02 5.548E+12 6.255E-11 1.902E-12
588 4.000 1 4.000 6.02946 3.483E+02 1.342E+06 2.595E-04 1.898E-12
84 2.000 1 4.000 6.26240 5.740E+02 1.813E+13 3.166E-11 1.688E-12
601 2.000 1 4.000 6.02580 6.198E+02 5.584E+12 1.110E-10 1.687E-12
243 4.000 1 4.000 6.09482 2.978E+02 6.256E+12 4.759E-11 1.658E-12
1311 4.000 1 4.000 5.96673 3.107E+02 1.277E+12 2.433E-10 1.658E-12
85 4.000 1 4.000 6.26239 2.661E+02 1.821E+13 1.461E-11 1.564E-12
257 8.000 1 4.000 6.09185 1.296E+02 9.000E+12 1.440E-11 1.442E-12
226 4.000 1 4.000 6.10379 2.538E+02 5.681E+12 4.468E-11 1.418E-12
1487 6.000 1 4.000 5.95312 1.755E+02 1.199E+10 1.463E-08 1.399E-12
1442 4.000 1 4.000 5.95424 2.565E+02 3.050E+11 8.409E-10 1.363E-12
1521 4.000 1 4.000 5.93482 2.565E+02 7.557E+09 3.394E-08 1.354E-12
375 2.000 1 4.000 6.07121 4.814E+02 3.003E+11 1.603E-09 1.330E-12
198 4.000 1 4.000 6.13108 2.350E+02 1.585E+09 1.483E-07 1.324E-12
896 4.000 1 4.000 5.99842 2.420E+02 1.533E+06 1.578E-04 1.306E-12
594 2.000 1 4.000 6.02739 4.688E+02 2.708E+12 1.731E-10 1.277E-12
1075 6.000 1 4.000 5.98004 1.515E+02 2.261E+08 6.699E-07 1.218E-12
816 2.000 1 4.000 6.00005 4.438E+02 2.655E+12 1.672E-10 1.198E-12
597 4.000 1 4.000 6.02596 2.189E+02 5.357E+12 4.087E-11 1.192E-12
1132 8.000 1 4.000 5.97987 1.110E+02 7.618E+07 1.457E-06 1.191E-12
1094 6.000 1 4.000 5.98002 1.469E+02 1.994E+08 7.365E-07 1.181E-12
586 8.000 1 4.000 6.02946 1.026E+02 5.829E+06 1.760E-05 1.119E-12
857 8.000 1 4.000 5.99860 1.029E+02 4.725E+06 2.177E-05 1.110E-12
892 6.000 1 4.000 5.99842 1.362E+02 3.542E+06 3.845E-05 1.102E-12
564 6.000 1 4.000 6.02964 1.280E+02 2.057E+06 6.220E-05 1.046E-12
898 8.000 1 4.000 5.99842 9.578E+01 6.095E+06 1.571E-05 1.033E-12
572 4.000 1 4.000 6.02961 1.825E+02 8.735E+05 2.090E-04 9.950E-13
579 6.000 1 4.000 6.02947 1.156E+02 3.469E+06 3.332E-05 9.450E-13
361 6.000 1 4.000 6.07220 1.117E+02 1.345E+09 8.302E-08 9.260E-13
876 4.000 1 4.000 5.99857 1.586E+02 9.370E+05 1.693E-04 8.558E-13
1312 4.000 1 4.000 5.96633 1.497E+02 2.234E+12 6.700E-11 7.989E-13
225 2.000 1 4.000 6.10394 2.844E+02 5.766E+12 4.933E-11 7.945E-13
228 2.000 1 4.000 6.10076 2.786E+02 1.163E+13 2.395E-11 7.774E-13
865 6.000 1 4.000 5.99859 9.298E+01 3.810E+06 2.441E-05 7.525E-13
227 4.000 1 4.000 6.10096 1.245E+02 1.123E+13 1.108E-11 6.947E-13
1153 4.000 1 4.000 5.97985 1.253E+02 1.346E+07 9.307E-06 6.715E-13
820 4.000 1 4.000 5.99964 1.131E+02 4.985E+10 2.268E-09 6.101E-13
58 4.000 1 4.000 6.28244 1.025E+02 2.132E+13 4.807E-12 6.065E-13
1136 8.000 1 4.000 5.97986 5.129E+01 2.008E+07 2.554E-06 5.497E-13
825 6.000 1 4.000 5.99882 6.640E+01 2.949E+09 2.252E-08 5.375E-13
1310 2.000 1 4.000 5.96688 1.661E+02 1.515E+12 1.097E-10 4.433E-13
815 4.000 1 4.000 6.00007 7.988E+01 2.897E+12 2.758E-11 4.311E-13
1443 2.000 1 4.000 5.95421 1.475E+02 5.616E+10 2.627E-09 3.920E-13
53 8.000 1 4.000 6.28436 3.233E+01 1.314E+13 2.459E-12 3.828E-13
527 8.000 1 4.000 6.03111 3.394E+01 3.158E+11 1.075E-10 3.703E-13
1421 4.000 1 4.000 5.95900 5.555E+01 1.048E+12 5.300E-11 2.958E-13
639 8.000 1 4.000 6.02175 2.691E+01 1.915E+06 1.405E-05 2.927E-13
1142 6.000 1 4.000 5.97985 3.597E+01 6.857E+06 5.245E-06 2.893E-13
328 4.000 1 4.000 6.07628 4.983E+01 4.934E+10 1.010E-09 2.758E-13
1520 6.000 1 4.000 5.93483 3.405E+01 5.006E+09 6.802E-09 2.698E-13
1491 4.000 1 4.000 5.95302 4.960E+01 1.547E+10 3.207E-09 2.635E-13
523 4.000 1 4.000 6.03156 4.641E+01 6.161E+10 7.532E-10 2.531E-13
889 8.000 1 4.000 5.99842 2.341E+01 1.019E+07 2.298E-06 2.528E-13
629 8.000 1 4.000 6.02179 2.238E+01 4.186E+12 5.345E-12 2.433E-13
1069 8.000 1 4.000 5.98005 2.146E+01 1.295E+08 1.657E-07 2.302E-13
965 8.000 1 4.000 5.98589 2.139E+01 2.221E+12 9.629E-12 2.298E-13
224 6.000 1 4.000 6.10396 2.650E+01 5.723E+12 4.631E-12 2.221E-13
1313 2.000 1 4.000 5.96621 7.856E+01 2.524E+12 3.113E-11 2.096E-13
753 8.000 1 4.000 6.00621 1.931E+01 7.706E+11 2.506E-11 2.090E-13
578 8.000 1 4.000 6.02947 1.905E+01 9.638E+06 1.976E-06 2.076E-13
362 4.000 1 4.000 6.07220 3.753E+01 1.332E+09 2.818E-08 2.075E-13
1235 8.000 1 4.000 5.97384 1.931E+01 4.615E+11 4.185E-11 2.067E-13
327 2.000 1 4.000 6.07628 7.275E+01 4.905E+10 1.483E-09 2.014E-13
1451 6.000 1 4.000 5.95344 2.520E+01 6.976E+09 3.612E-09 2.009E-13
1267 8.000 1 4.000 5.97171 1.725E+01 7.966E+07 2.165E-07 1.845E-13
853 6.000 1 4.000 5.99860 2.267E+01 4.562E+06 4.968E-06 1.835E-13
1457 8.000 1 4.000 5.95334 1.669E+01 2.615E+08 6.382E-08 1.774E-13
1203 8.000 1 4.000 5.97946 1.549E+01 2.577E+07 6.009E-07 1.660E-13
1104 6.000 1 4.000 5.98002 1.982E+01 2.157E+08 9.188E-08 1.594E-13
1469 6.000 1 4.000 5.95331 1.890E+01 3.078E+09 6.141E-09 1.507E-13
1315 8.000 1 4.000 5.96496 1.409E+01 1.668E+12 8.444E-12 1.503E-13
1206 8.000 1 4.000 5.97945 1.311E+01 4.426E+07 2.963E-07 1.405E-13
1133 4.000 1 4.000 5.97986 2.475E+01 1.665E+08 1.487E-07 1.327E-13
1194 6.000 1 4.000 5.97947 1.609E+01 2.144E+06 7.502E-06 1.294E-13
1386 8.000 1 4.000 5.96102 1.013E+01 3.102E+10 3.267E-10 1.080E-13
1441 6.000 1 4.000 5.95428 1.175E+01 4.016E+11 2.926E-11 9.370E-14
1224 8.000 1 4.000 5.97922 8.158E+00 5.087E+07 1.604E-07 8.745E-14
1097 4.000 1 4.000 5.98002 1.621E+01 1.493E+08 1.085E-07 8.688E-14
948 8.000 1 4.000 5.98732 7.680E+00 1.678E+08 4.578E-08 8.255E-14
1413 8.000 1 4.000 5.96079 7.620E+00 4.260E+10 1.789E-10 8.118E-14
935 4.000 1 4.000 5.98820 1.467E+01 2.914E+12 5.036E-12 7.891E-14
1266 6.000 1 4.000 5.97171 9.022E+00 1.550E+07 5.820E-07 7.235E-14
438 6.000 1 4.000 6.04529 8.522E+00 5.598E+12 1.522E-12 7.003E-14
1067 8.000 1 4.000 5.98006 6.440E+00 1.760E+07 3.658E-07 6.907E-14
1468 4.000 1 4.000 5.95331 1.264E+01 2.866E+09 4.409E-09 6.715E-14
1264 6.000 1 4.000 5.97171 7.720E+00 6.505E+07 1.187E-07 6.190E-14
354 6.000 1 4.000 6.07238 7.449E+00 1.722E+08 4.327E-08 6.178E-14
736 8.000 1 4.000 6.01030 5.360E+00 4.020E+07 1.333E-07 5.805E-14
1130 6.000 1 4.000 5.97987 6.588E+00 6.377E+07 1.033E-07 5.298E-14
353 4.000 1 4.000 6.07238 9.168E+00 1.705E+08 5.377E-08 5.068E-14
251 4.000 1 4.000 6.09321 9.041E+00 9.690E+11 9.330E-12 5.033E-14
640 6.000 1 4.000 6.02175 6.028E+00 1.856E+06 3.247E-06 4.918E-14
969 8.000 1 4.000 5.98577 4.562E+00 9.264E+11 4.925E-12 4.902E-14
1358 8.000 1 4.000 5.96107 4.556E+00 1.330E+11 3.425E-11 4.855E-14
744 8.000 1 4.000 6.01007 4.456E+00 4.117E+07 1.082E-07 4.825E-14
751 6.000 1 4.000 6.00727 5.604E+00 3.005E+12 1.865E-12 4.549E-14
1262 4.000 1 4.000 5.97171 7.150E+00 1.000E+06 7.148E-06 3.823E-14
999 8.000 1 4.000 5.98360 3.456E+00 1.183E+08 2.922E-08 3.710E-14
562 8.000 1 4.000 6.02964 3.265E+00 5.896E+06 5.538E-07 3.560E-14
312 8.000 1 4.000 6.08305 3.181E+00 1.171E+13 2.717E-13 3.530E-14
1237 6.000 1 4.000 5.97341 4.159E+00 4.706E+11 8.836E-12 3.338E-14
1456 6.000 1 4.000 5.95334 4.102E+00 2.855E+08 1.437E-08 3.270E-14
1370 6.000 1 4.000 5.96103 4.023E+00 5.914E+09 6.803E-10 3.215E-14
452 8.000 1 4.000 6.04117 2.896E+00 2.677E+12 1.082E-12 3.170E-14
1184 8.000 1 4.000 5.97951 2.799E+00 5.327E+07 5.254E-08 3.000E-14
364 4.000 1 4.000 6.07207 5.188E+00 1.865E+05 2.782E-05 2.868E-14
97 8.000 1 4.000 6.25135 2.391E+00 3.063E+13 7.806E-14 2.802E-14
1191 4.000 1 4.000 5.97947 4.628E+00 4.989E+05 9.275E-06 2.480E-14
67 8.000 1 4.000 6.27749 2.051E+00 3.566E+13 5.753E-14 2.424E-14
1400 6.000 1 4.000 5.96080 2.342E+00 1.316E+11 1.780E-11 1.871E-14
1504 2.000 1 4.000 5.94039 6.940E+00 1.020E+12 6.806E-12 1.836E-14
633 8.000 1 4.000 6.02175 1.679E+00 2.204E+05 7.617E-06 1.826E-14
1470 6.000 1 4.000 5.95331 2.232E+00 5.903E+08 3.781E-09 1.779E-14
1505 4.000 1 4.000 5.94039 3.345E+00 1.021E+12 3.274E-12 1.769E-14
212 8.000 1 4.000 6.11154 1.485E+00 1.055E+13 1.407E-13 1.663E-14
1188 6.000 1 4.000 5.97947 1.982E+00 6.906E+04 2.870E-05 1.594E-14
1214 6.000 1 4.000 5.97925 1.960E+00 5.791E+07 3.384E-08 1.576E-14
1503 8.000 1 4.000 5.95298 1.462E+00 1.904E+08 7.682E-09 1.554E-14
732 6.000 1 4.000 6.01033 1.685E+00 2.258E+07 7.462E-08 1.369E-14
373 6.000 1 4.000 6.07206 1.641E+00 1.938E+06 8.468E-07 1.361E-14
722 8.000 1 4.000 6.01038 1.149E+00 4.563E+07 2.518E-08 1.244E-14
1202 6.000 1 4.000 5.97946 1.476E+00 2.546E+07 5.797E-08 1.187E-14
277 8.000 1 4.000 6.08808 1.046E+00 1.858E+10 5.627E-11 1.162E-14
684 8.000 1 4.000 6.01826 1.038E+00 1.526E+08 6.800E-09 1.127E-14
352 2.000 1 4.000 6.07238 3.653E+00 1.695E+08 2.154E-08 1.010E-14
560 6.000 1 4.000 6.02965 1.231E+00 5.594E+06 2.201E-07 1.007E-14
1368 6.000 1 4.000 5.96103 1.181E+00 1.405E+10 8.407E-11 9.440E-15
740 6.000 1 4.000 6.01011 1.074E+00 5.555E+07 1.932E-08 8.720E-15
218 8.000 1 4.000 6.10962 7.684E-01 1.292E+13 5.946E-14 8.600E-15
995 6.000 1 4.000 5.98360 1.002E+00 1.203E+08 8.334E-09 8.070E-15
365 6.000 1 4.000 6.07207 8.797E-01 2.247E+05 3.914E-06 7.295E-15
208 8.000 1 4.000 6.11192 6.415E-01 5.487E+12 1.169E-13 7.185E-15
681 8.000 1 4.000 6.01826 6.610E-01 1.468E+08 4.501E-09 7.180E-15
696 8.000 1 4.000 6.01356 6.531E-01 5.763E+12 1.133E-13 7.083E-15
1371 8.000 1 4.000 5.96102 6.630E-01 3.164E+09 2.095E-10 7.062E-15
372 8.000 1 4.000 6.07206 6.106E-01 1.965E+06 3.107E-07 6.750E-15
874 6.000 1 4.000 5.99858 7.893E-01 3.155E+03 2.502E-04 6.388E-15
57 8.000 1 4.000 6.28267 5.389E-01 2.828E+13 1.905E-14 6.377E-15
767 8.000 1 4.000 6.00494 5.507E-01 2.056E+12 2.679E-13 5.955E-15
1165 8.000 1 4.000 5.97985 5.550E-01 1.926E+04 2.882E-05 5.950E-15
1227 8.000 1 4.000 5.97789 4.938E-01 3.191E+12 1.547E-13 5.292E-15
190 4.000 1 4.000 6.13134 8.776E-01 1.998E+08 4.393E-09 4.947E-15
1365 6.000 1 4.000 5.96103 6.002E-01 9.773E+10 6.141E-12 4.795E-15
984 8.000 1 4.000 5.98394 4.351E-01 1.752E+12 2.483E-13 4.673E-15
733 8.000 1 4.000 6.01033 4.150E-01 2.241E+07 1.852E-08 4.495E-15
593 6.000 1 4.000 6.02741 5.481E-01 2.672E+12 2.052E-13 4.478E-15
288 8.000 1 4.000 6.08784 3.626E-01 6.994E+09 5.185E-11 4.030E-15
625 8.000 1 4.000 6.02181 3.354E-01 6.501E+10 5.159E-12 3.648E-15
680 6.000 1 4.000 6.01826 4.258E-01 1.347E+08 3.160E-09 3.468E-15
454 8.000 1 4.000 6.04109 3.162E-01 5.095E+12 6.207E-14 3.460E-15
1426 8.000 1 4.000 5.95711 3.242E-01 1.988E+12 1.631E-13 3.450E-15
1502 6.000 1 4.000 5.95299 3.923E-01 2.062E+08 1.903E-09 3.128E-15
366 8.000 1 4.000 6.07207 2.796E-01 2.844E+05 9.833E-07 3.093E-15
493 8.000 1 4.000 6.04009 2.627E-01 6.133E+12 4.284E-14 2.875E-15
1401 8.000 1 4.000 5.96080 2.692E-01 1.368E+11 1.967E-12 2.868E-15
841 8.000 1 4.000 5.99863 2.614E-01 2.471E+07 1.058E-08 2.820E-15
632 6.000 1 4.000 6.02175 3.148E-01 1.968E+05 1.599E-06 2.568E-15
1296 8.000 1 4.000 5.96883 2.351E-01 3.084E+09 7.624E-11 2.513E-15
191 6.000 1 4.000 6.13133 2.549E-01 2.016E+08 1.264E-09 2.156E-15
480 8.000 1 4.000 6.04058 1.961E-01 2.221E+06 8.832E-08 2.145E-15
1364 4.000 1 4.000 5.96104 3.518E-01 9.842E+10 3.574E-12 1.874E-15
555 8.000 1 4.000 6.02967 1.601E-01 1.371E+07 1.168E-08 1.746E-15
724 4.000 1 4.000 6.01036 3.173E-01 3.504E+05 9.054E-07 1.719E-15
944 8.000 1 4.000 5.98733 1.539E-01 1.602E+08 9.605E-10 1.654E-15
189 2.000 1 4.000 6.13134 5.439E-01 1.986E+08 2.738E-09 1.532E-15
300 8.000 1 4.000 6.08768 1.375E-01 4.742E+09 2.900E-11 1.528E-15
770 8.000 1 4.000 6.00435 1.369E-01 3.361E+12 4.072E-14 1.480E-15
550 8.000 1 4.000 6.02969 1.270E-01 2.286E+07 5.555E-09 1.384E-15
1215 8.000 1 4.000 5.97924 1.259E-01 5.486E+07 2.295E-09 1.349E-15
832 8.000 1 4.000 5.99876 1.211E-01 8.332E+08 1.453E-10 1.306E-15
766 8.000 1 4.000 6.00497 9.961E-02 2.408E+12 4.136E-14 1.077E-15
534 8.000 1 4.000 6.02991 9.804E-02 1.090E+09 8.993E-11 1.069E-15
726 6.000 1 4.000 6.01036 1.147E-01 1.386E+06 8.277E-08 9.323E-16
481 6.000 1 4.000 6.04058 1.031E-01 2.160E+06 4.773E-08 8.463E-16
872 8.000 1 4.000 5.99858 7.554E-02 1.149E+09 6.574E-11 8.150E-16
1292 8.000 1 4.000 5.96883 5.869E-02 2.029E+09 2.892E-11 6.270E-16
741 8.000 1 4.000 6.01011 5.357E-02 5.237E+07 1.023E-09 5.803E-16
473 6.000 1 4.000 6.04058 7.010E-02 2.329E+05 3.009E-07 5.753E-16
1114 8.000 1 4.000 5.98002 5.273E-02 4.861E+04 1.085E-06 5.655E-16
548 8.000 1 4.000 6.02972 4.814E-02 1.641E+09 2.934E-11 5.247E-16
278 8.000 1 4.000 6.08804 4.120E-02 1.413E+10 2.916E-12 4.580E-16
1054 8.000 1 4.000 5.98019 4.238E-02 6.187E+08 6.849E-11 4.543E-16
996 8.000 1 4.000 5.98360 3.261E-02 7.408E+07 4.402E-10 3.500E-16
472 4.000 1 4.000 6.04058 5.805E-02 2.081E+05 2.790E-07 3.175E-16
474 8.000 1 4.000 6.04058 2.850E-02 2.681E+05 1.063E-07 3.117E-16
913 6.000 1 4.000 5.99841 3.298E-02 3.820E+03 8.635E-06 2.670E-16
1272 6.000 1 4.000 5.97171 3.272E-02 2.494E+03 1.312E-05 2.625E-16
1000 8.000 1 4.000 5.98350 2.258E-02 2.229E+12 1.013E-14 2.424E-16
631 4.000 1 4.000 6.02175 4.423E-02 1.795E+05 2.464E-07 2.404E-16
906 4.000 1 4.000 5.99841 4.293E-02 3.847E+03 1.116E-05 2.316E-16
885 8.000 1 4.000 5.99851 1.941E-02 1.936E+09 1.003E-11 2.094E-16
1291 6.000 1 4.000 5.96883 2.475E-02 4.601E+09 5.380E-12 1.983E-16
797 6.000 1 4.000 6.00248 2.393E-02 2.566E+06 9.325E-09 1.940E-16
275 8.000 1 4.000 6.08818 1.688E-02 4.750E+09 3.552E-12 1.875E-16
793 8.000 1 4.000 6.00248 1.533E-02 9.212E+07 1.664E-10 1.655E-16
905 6.000 1 4.000 5.99841 1.897E-02 3.017E+03 6.287E-06 1.535E-16
1118 8.000 1 4.000 5.98001 1.266E-02 9.428E+08 1.343E-11 1.358E-16
1260 8.000 1 4.000 5.97171 1.138E-02 1.479E+08 7.692E-11 1.217E-16
848 8.000 1 4.000 5.99861 1.028E-02 1.616E+07 6.364E-10 1.109E-16
794 4.000 1 4.000 6.00248 1.885E-02 9.050E+05 2.083E-08 1.018E-16
1492 8.000 1 4.000 5.95302 9.140E-03 1.264E+08 7.231E-11 9.713E-17
1181 8.000 1 4.000 5.97953 8.944E-03 3.517E+09 2.543E-12 9.588E-17
571 8.000 1 4.000 6.02961 8.239E-03 2.807E+09 2.935E-12 8.982E-17
470 8.000 1 4.000 6.04066 7.595E-03 6.894E+10 1.102E-13 8.310E-17
1212 8.000 1 4.000 5.97932 6.490E-03 3.637E+09 1.784E-12 6.958E-17
789 6.000 1 4.000 6.00249 8.189E-03 7.094E+07 1.154E-10 6.636E-17
388 8.000 1 4.000 6.06814 5.860E-03 4.971E+09 1.179E-12 6.470E-17
826 8.000 1 4.000 5.99881 5.324E-03 2.672E+09 1.992E-12 5.745E-17
943 6.000 1 4.000 5.98733 5.612E-03 1.476E+08 3.801E-11 4.523E-17
393 8.000 1 4.000 6.06791 3.950E-03 6.367E+09 6.203E-13 4.360E-17
284 8.000 1 4.000 6.08796 3.909E-03 5.202E+09 7.514E-13 4.345E-17
988 8.000 1 4.000 5.98382 3.210E-03 1.385E+10 2.318E-13 3.448E-17
1460 8.000 1 4.000 5.95332 2.705E-03 1.139E+09 2.375E-12 2.875E-17
529 8.000 1 4.000 6.02998 2.304E-03 3.996E+09 5.766E-13 2.513E-17
738 8.000 1 4.000 6.01027 2.223E-03 5.117E+09 4.344E-13 2.407E-17
719 8.000 1 4.000 6.01050 2.216E-03 4.639E+09 4.777E-13 2.401E-17
325 8.000 1 4.000 6.07645 2.132E-03 2.215E+10 9.628E-14 2.361E-17
836 8.000 1 4.000 5.99871 2.024E-03 2.645E+09 7.652E-13 2.184E-17
1177 8.000 1 4.000 5.97957 2.012E-03 5.327E+09 3.778E-13 2.158E-17
531 8.000 1 4.000 6.02993 1.854E-03 1.273E+10 1.457E-13 2.021E-17
1111 8.000 1 4.000 5.98002 1.796E-03 1.206E+08 1.489E-11 1.926E-17
385 8.000 1 4.000 6.06819 1.450E-03 9.424E+09 1.539E-13 1.601E-17
676 8.000 1 4.000 6.01855 1.201E-03 1.839E+10 6.531E-14 1.304E-17
1528 8.000 1 4.000 5.93473 1.213E-03 1.123E+08 1.080E-11 1.281E-17
678 8.000 1 4.000 6.01838 1.144E-03 2.323E+10 4.925E-14 1.242E-17
985 8.000 1 4.000 5.98385 1.136E-03 1.142E+12 9.946E-16 1.220E-17
1052 8.000 1 4.000 5.98021 9.974E-04 9.473E+08 1.053E-12 1.070E-17
717 8.000 1 4.000 6.01053 9.621E-04 6.926E+09 1.389E-13 1.042E-17
714 8.000 1 4.000 6.01061 9.561E-04 5.980E+09 1.599E-13 1.036E-17
390 8.000 1 4.000 6.06806 8.582E-04 5.408E+09 1.587E-13 9.475E-18
1126 8.000 1 4.000 5.97995 7.800E-04 1.540E+09 5.066E-13 8.362E-18
1210 8.000 1 4.000 5.97937 7.766E-04 4.615E+09 1.683E-13 8.325E-18
791 8.000 1 4.000 6.00249 6.829E-04 1.156E+08 5.905E-12 7.377E-18
939 8.000 1 4.000 5.98752 5.231E-04 1.311E+10 3.991E-14 5.622E-18
727 8.000 1 4.000 6.01035 5.056E-04 4.990E+09 1.013E-13 5.478E-18
196 8.000 1 4.000 6.13108 4.715E-04 1.636E+09 2.881E-13 5.315E-18
780 8.000 1 4.000 6.00271 4.813E-04 1.786E+10 2.694E-14 5.200E-18
1173 8.000 1 4.000 5.97963 3.786E-04 4.401E+09 8.603E-14 4.060E-18
359 8.000 1 4.000 6.07220 3.246E-04 1.374E+09 2.363E-13 3.590E-18
381 8.000 1 4.000 6.06833 3.216E-04 7.568E+09 4.250E-14 3.550E-18
192 8.000 1 4.000 6.13133 2.842E-04 2.038E+08 1.395E-12 3.205E-18
1525 6.000 1 4.000 5.93473 3.968E-04 1.138E+08 3.487E-12 3.143E-18
539 8.000 1 4.000 6.02984 2.734E-04 3.753E+09 7.284E-14 2.980E-18
1287 8.000 1 4.000 5.96896 2.679E-04 2.307E+10 1.161E-14 2.862E-18
621 8.000 1 4.000 6.02189 2.547E-04 8.988E+07 2.834E-12 2.770E-18
355 8.000 1 4.000 6.07238 2.192E-04 1.740E+08 1.260E-12 2.424E-18
1156 8.000 1 4.000 5.97985 1.809E-04 3.569E+03 5.068E-08 1.939E-18
458 8.000 1 4.000 6.04101 1.175E-04 1.194E+10 9.840E-15 1.286E-18
1398 8.000 1 4.000 5.96088 1.031E-04 2.279E+11 4.523E-16 1.098E-18
455 8.000 1 4.000 6.04104 9.984E-05 2.319E+10 4.305E-15 1.092E-18
941 8.000 1 4.000 5.98741 8.423E-05 1.658E+10 5.080E-15 9.055E-19
1252 8.000 1 4.000 5.97186 7.624E-05 1.097E+10 6.950E-15 8.152E-19
1353 8.000 1 4.000 5.96112 6.821E-05 2.045E+11 3.335E-16 7.268E-19
484 6.000 1 4.000 6.04057 8.558E-05 1.314E+02 6.513E-07 7.023E-19
1354 8.000 1 4.000 5.96111 6.110E-05 1.973E+11 3.097E-16 6.510E-19
1374 8.000 1 4.000 5.96102 5.539E-05 1.332E+09 4.158E-14 5.902E-19
1057 8.000 1 4.000 5.98016 4.941E-05 6.451E+09 7.660E-15 5.298E-19
465 8.000 1 4.000 6.04079 4.235E-05 5.912E+08 7.163E-14 4.635E-19
1524 8.000 1 4.000 5.93473 4.311E-05 7.048E+07 6.117E-13 4.553E-19
828 8.000 1 4.000 5.99878 3.619E-05 9.372E+09 3.861E-15 3.905E-19
1289 8.000 1 4.000 5.96888 3.574E-05 2.953E+10 1.210E-15 3.818E-19
1063 8.000 1 4.000 5.98015 3.450E-05 1.617E+09 2.134E-14 3.700E-19
1486 8.000 1 4.000 5.95313 3.474E-05 1.203E+10 2.887E-15 3.692E-19
332 8.000 1 4.000 6.07621 2.601E-05 2.807E+10 9.268E-16 2.880E-19
1347 8.000 1 4.000 5.96117 2.672E-05 5.752E+11 4.646E-17 2.848E-19
641 6.000 1 4.000 6.02175 2.932E-05 1.799E+02 1.630E-07 2.391E-19
1103 8.000 1 4.000 5.98002 2.105E-05 9.777E+06 2.153E-12 2.257E-19
875 8.000 1 4.000 5.99858 2.032E-05 5.792E+05 3.509E-11 2.193E-19
1081 8.000 1 4.000 5.98004 1.985E-05 4.083E+06 4.861E-12 2.128E-19
1145 8.000 1 4.000 5.97985 1.258E-05 5.957E+06 2.111E-12 1.348E-19
867 8.000 1 4.000 5.99859 1.086E-05 2.346E+04 4.627E-10 1.171E-19
1189 8.000 1 4.000 5.97947 7.294E-06 1.190E+05 6.128E-11 7.820E-20
1395 8.000 1 4.000 5.96091 5.885E-06 3.669E+11 1.604E-17 6.270E-20
779 8.000 1 4.000 6.00273 4.859E-06 2.012E+10 2.414E-16 5.250E-20
1250 8.000 1 4.000 5.97187 3.845E-06 1.414E+10 2.719E-16 4.112E-20
413 8.000 1 4.000 6.06028 3.065E-06 1.763E+10 1.738E-16 3.375E-20
1141 8.000 1 4.000 5.97985 1.959E-06 6.983E+06 2.805E-13 2.100E-20
1157 6.000 1 4.000 5.97985 1.350E-06 1.287E+04 1.048E-10 1.085E-20
1475 8.000 1 4.000 5.95331 9.010E-07 4.937E+07 1.825E-14 9.575E-21
855 8.000 1 4.000 5.99860 8.139E-07 1.462E+04 5.567E-11 8.783E-21
1519 8.000 1 4.000 5.93483 7.795E-07 4.836E+09 1.612E-16 8.233E-21
986 8.000 1 4.000 5.98385 6.881E-07 2.257E+10 3.048E-17 7.387E-21
1472 8.000 1 4.000 5.95331 4.071E-07 5.210E+08 7.815E-16 4.327E-21
1517 8.000 1 4.000 5.93484 2.751E-07 9.760E+09 2.819E-17 2.905E-21
1196 8.000 1 4.000 5.97947 2.510E-07 2.025E+05 1.240E-12 2.690E-21
1450 8.000 1 4.000 5.95345 1.405E-07 7.593E+09 1.850E-17 1.494E-21
1488 8.000 1 4.000 5.95310 1.006E-07 1.012E+10 9.939E-18 1.069E-21
655 8.000 1 4.000 6.02175 6.794E-08 7.296E-02 9.312E-07 7.388E-22
1216 8.000 1 4.000 5.97924 3.987E-08 2.861E+05 1.394E-13 4.275E-22
1449 8.000 1 4.000 5.95350 3.777E-08 1.931E+10 1.956E-18 4.015E-22
904 8.000 1 4.000 5.99841 3.029E-08 1.744E+04 1.737E-12 3.267E-22
912 8.000 1 4.000 5.99841 1.421E-08 4.936E+03 2.879E-12 1.533E-22
411 8.000 1 4.000 6.06033 7.895E-09 2.490E+10 3.171E-19 8.695E-23
1378 8.000 1 4.000 5.96102 1.484E-09 1.950E+07 7.607E-17 1.582E-23
1462 8.000 1 4.000 5.95331 1.375E-09 5.026E+08 2.736E-18 1.462E-23
1404 8.000 1 4.000 5.96079 1.904E-10 2.104E+10 9.048E-21 2.028E-24
1277 8.000 1 4.000 5.97171 1.070E-10 1.862E+04 5.749E-15 1.144E-24
1498 8.000 1 4.000 5.95301 1.014E-10 4.380E+06 2.315E-17 1.077E-24
482 8.000 1 4.000 6.04057 5.892E-12 3.310E+02 1.780E-14 6.448E-26
642 8.000 1 4.000 6.02175 5.005E-12 4.508E+02 1.110E-14 5.442E-26
1270 8.000 1 4.000 5.97171 4.504E-12 4.045E+05 1.114E-17 4.815E-26
1369 8.000 1 4.000 5.96103 3.410E-12 1.404E+10 2.429E-22 3.633E-26
650 8.000 1 4.000 6.02175 1.036E-12 1.997E+03 5.187E-16 1.126E-26
1297 8.000 1 4.000 5.96882 7.041E-13 6.299E+08 1.118E-21 7.523E-27
949 8.000 1 4.000 5.98732 3.684E-13 7.250E+05 5.081E-19 3.960E-27
1531 8.000 1 4.000 5.93473 2.486E-13 1.057E+06 2.352E-19 2.625E-27
491 8.000 1 4.000 6.04057 4.859E-14 1.454E+03 3.343E-17 5.315E-28
